50.3125 -0.0625 -41.8125
50.6875 -0.4375 -42
51.125 -0.8125 -42.25
51.5625 -1.125 -42.5
52 -1.5 -42.8125
52.5625 -1.8125 -43.1875
53.0625 -2.0625 -43.5625
53.6875 -2.3125 -44
54.25 -2.4375 -44.375
54.75 -2.5625 -44.75
242.8125 -2.6875 -45.125
243.1875 -2.75 -45.5
243.1875 -2.6875 -45.8125
242.75 -2.5625 -46
241.875 -2.25 -46.25
240.5 -1.9375 -46.5
238.75 -1.4375 -46.6875
236.5 -0.875 -46.8125
233.75 -0.25 -46.9375
230.5 0.4375 -47
226.6875 1.3125 -47
222.3125 2.25 -47
217.375 3.375 -46.9375
211.9375 4.625 -46.9375
206.0625 6 -46.9375
199.8125 7.4375 -47.0625
193.5 8.9375 -47.25
187.125 10.5 -47.5625
180.9375 12 -48.0625
175 13.5 -48.6875
169.5625 15 -49.5
164.5625 16.3125 -50.3125
160 17.5625 -50.9375
156.4375 18.625 -51.9375
153.4375 19.5 -52.8125
151.0625 20.125 -53.5
149.5 20.625 -54.0625
148.75 20.9375 -54.6875
148.625 21.125 -55.125
149 21.1875 -55.5
149.75 21.1875 -55.75
150.8125 21.1875 -55.9375
152.125 21.125 -56.125
153.8125 21 -56.25
155.6875 20.875 -56.375
157.8125 20.75 -56.4375
160.125 20.5625 -56.4375
162.6875 20.3125 -56.375
165.5 20 -56.25
168.6875 19.6875 -56.125
172.0625 19.25 -55.9375
175.75 18.8125 -55.75
179.75 18.25 -55.625
184 17.5625 -55.5
188.4375 16.875 -55.5
192.5 16.25 -55.375
196.4375 15.625 -55.3125
200.0625 15.125 -55.1875
203.25 14.75 -55.1875
206.0625 14.4375 -55.25
208.375 14.25 -55.375
210.0625 14.125 -55.4375
211.1875 14.0625 -55.5625
211.75 14.1875 -55.8125
211.5 14.375 -56.0625
210.5625 14.6875 -56.25
209 15.0625 -56.5
206.9375 15.625 -56.9375
204.375 16.1875 -57.4375
201.4375 16.875 -58
198.1875 17.625 -58.6875
194.6875 18.375 -59.4375
191 19.1875 -60.3125
187.25 20.0625 -61.25
183.4375 20.875 -62.25
179.625 21.75 -63.375
175.875 22.5625 -64.5
172.25 23.3125 -65.6875
168.8125 24 -66.9375
165.5625 24.6875 -68.1875
162.3125 25.375 -69.25
159.3125 26 -70.3125
156.5625 26.625 -71.375
154.0625 27.1875 -72.3125
151.8125 27.75 -73.25
149.8125 28.3125 -74.0625
148.0625 28.9375 -74.8125
146.6875 29.5625 -75.4375
145.75 30.3125 -76
145.125 31.125 -76.5
144.8125 32 -76.8125
144.625 32.9375 -76.875
144.6875 33.9375 -76.6875
144.9375 35 -76.3125
145.375 36.0625 -75.875
145.9375 37.1875 -75.3125
146.6875 38.3125 -74.5625
147.5 39.4375 -73.625
148.4375 40.5625 -72.375
56.125 41.625 -70.875
59.9375 42.5625 -69.125
63.8125 43.375 -67.0625
67.75 44 -64.875
71.75 44.375 -62.4375
75.625 44.625 -60.0625
79.1875 44.6875 -57.5625
82.375 44.5 -55.1875
85.25 44.125 -52.8125
87.6875 43.6875 -50.6875
89.9375 43.1875 -48.9375
91.8125 42.6875 -47.625
93.375 42.3125 -46.4375
94.5 42.125 -45.5
95.3125 42 -44.8125
95.8125 42.0625 -44.3125
96 42.1875 -44
96 42.4375 -43.75
