-0.08 -6.56 7.28
-0.14 -6.59 7.25
-0.2 -6.63 7.22
-0.26 -6.66 7.18
-0.31 -6.71 7.14
-0.36 -6.76 7.09
-0.39 -6.81 7.04
-0.42 -6.85 6.99
-0.44 -6.9 6.95
-0.46 -6.94 6.9
-0.47 -6.98 6.86
-0.46 -7.02 6.82
-0.43 -7.05 6.79
-0.39 -7.08 6.76
-0.33 -7.11 6.74
-0.25 -7.13 6.72
-0.15 -7.15 6.7
-0.04 -7.16 6.69
0.08 -7.17 6.68
0.22 -7.17 6.68
0.39 -7.16 6.68
0.58 -7.15 6.67
0.79 -7.14 6.67
1.02 -7.12 6.65
1.27 -7.11 6.62
1.53 -7.11 6.57
1.79 -7.12 6.5
2.04 -7.13 6.4
2.29 -7.16 6.28
2.53 -7.2 6.15
2.76 -7.24 6
2.96 -7.26 5.88
3.13 -7.32 5.72
3.27 -7.36 5.58
3.38 -7.4 5.46
3.45 -7.43 5.37
3.5 -7.47 5.29
3.53 -7.5 5.22
3.54 -7.53 5.17
3.55 -7.55 5.13
3.54 -7.57 5.11
3.53 -7.59 5.09
3.52 -7.61 5.08
3.49 -7.63 5.07
3.47 -7.64 5.06
3.44 -7.65 5.07
3.4 -7.65 5.08
3.36 -7.66 5.11
3.3 -7.66 5.14
3.24 -7.66 5.18
3.16 -7.67 5.22
3.07 -7.68 5.25
2.96 -7.7 5.29
2.85 -7.73 5.31
2.74 -7.74 5.34
2.65 -7.76 5.37
2.56 -7.77 5.39
2.5 -7.79 5.4
2.45 -7.8 5.4
2.41 -7.82 5.39
2.39 -7.83 5.38
2.39 -7.84 5.37
2.4 -7.86 5.33
2.43 -7.88 5.3
2.48 -7.88 5.26
2.55 -7.89 5.21
2.64 -7.91 5.14
2.74 -7.93 5.06
2.85 -7.95 4.96
2.97 -7.98 4.85
3.09 -8.01 4.72
3.23 -8.04 4.58
3.36 -8.07 4.42
3.5 -8.1 4.25
3.63 -8.14 4.07
3.76 -8.17 3.89
3.88 -8.2 3.7
3.99 -8.24 3.5
4.1 -8.27 3.3
4.2 -8.28 3.13
4.3 -8.29 2.96
4.39 -8.3 2.79
4.48 -8.31 2.64
4.56 -8.31 2.49
4.65 -8.3 2.36
4.74 -8.28 2.23
4.84 -8.25 2.14
4.95 -8.21 2.04
5.07 -8.16 1.95
5.2 -8.09 1.89
5.33 -8.01 1.86
5.47 -7.91 1.86
5.62 -7.8 1.89
5.77 -7.68 1.93
5.93 -7.55 1.97
6.08 -7.41 2.04
6.23 -7.26 2.13
6.38 -7.09 2.24
6.51 -6.92 2.39
6.63 -6.74 2.56
6.73 -6.56 2.77
6.81 -6.38 2.99
6.86 -6.21 3.23
6.89 -6.04 3.47
6.89 -5.88 3.73
6.87 -5.74 3.98
6.83 -5.6 4.25
6.77 -5.48 4.49
6.71 -5.39 4.69
6.65 -5.32 4.85
6.6 -5.25 4.99
6.58 -5.18 5.09
6.56 -5.13 5.15
6.57 -5.08 5.2
6.59 -5.04 5.22
6.61 -5 5.22
6.65 -4.97 5.21
