0.84552 -0.32263184 0.15264893 -0.39715576
0.84350586 -0.32226562 0.15765381 -0.39971924
0.8413086 -0.32208252 0.16271973 -0.40246582
0.83898926 -0.32183838 0.16778564 -0.40545654
0.8364258 -0.3218994 0.1730957 -0.4085083
0.8334961 -0.3223877 0.17852783 -0.41168213
0.83032227 -0.32330322 0.18383789 -0.41503906
0.82702637 -0.32434082 0.1887207 -0.4185791
0.82373047 -0.32543945 0.19317627 -0.42218018
0.8206787 -0.3267212 0.19714355 -0.42529297
0.81799316 -0.32824707 0.20062256 -0.42767334
0.81591797 -0.32995605 0.203125 -0.42919922
0.8144531 -0.33190918 0.20428467 -0.42980957
0.81359863 -0.3375244 0.20233154 -0.42803955
0.81359863 -0.3375244 0.20233154 -0.42803955
0.8140869 -0.34124756 0.19921875 -0.4255371
0.8154297 -0.34545898 0.19451904 -0.42175293
0.8175659 -0.35021973 0.18823242 -0.4165039
0.82073975 -0.35534668 0.18017578 -0.40948486
0.8248291 -0.36090088 0.17022705 -0.40057373
0.829834 -0.3665161 0.15826416 -0.38989258
0.8355713 -0.37225342 0.14422607 -0.3774414
0.8416748 -0.37823486 0.12817383 -0.36346436
0.8479614 -0.38427734 0.11010742 -0.34814453
0.8540039 -0.39050293 0.09039307 -0.33166504
0.85961914 -0.39691162 0.06951904 -0.31414795
0.864624 -0.4033203 0.047729492 -0.2958374
0.8687744 -0.409729 0.02557373 -0.27697754
0.8718262 -0.41644287 0.003479004 -0.25787354
0.8736572 -0.4232788 -0.018249512 -0.23919678
0.87438965 -0.42999268 -0.03918457 -0.22137451
0.8742676 -0.43621826 -0.05895996 -0.20477295
0.8741455 -0.4404297 -0.07751465 -0.18927002
0.8722534 -0.44677734 -0.09307861 -0.17584229
0.87042236 -0.4517212 -0.10650635 -0.16430664
0.86883545 -0.45544434 -0.11743164 -0.15478516
0.8673706 -0.45843506 -0.124816895 -0.1482544
0.8652954 -0.46209717 -0.12902832 -0.14520264
0.8633423 -0.46539307 -0.1305542 -0.14508057
0.8613281 -0.46850586 -0.12982178 -0.14758301
0.8595581 -0.4710083 -0.1272583 -0.15228271
0.857605 -0.47338867 -0.123168945 -0.15899658
0.85546875 -0.475708 -0.11779785 -0.1673584
0.85302734 -0.4781494 -0.11114502 -0.17718506
0.85028076 -0.4804077 -0.10333252 -0.18841553
0.84729004 -0.48242188 -0.09448242 -0.20123291
0.8438721 -0.48406982 -0.08453369 -0.21539307
0.84039307 -0.48486328 -0.0736084 -0.23059082
0.8364868 -0.48516846 -0.061462402 -0.24719238
0.83184814 -0.4852295 -0.047912598 -0.26513672
0.8267822 -0.48431396 -0.03338623 -0.28411865
0.8209839 -0.48309326 -0.017700195 -0.30377197
0.8144531 -0.48156738 -0.0010375977 -0.3236084
0.80718994 -0.47943115 0.016967773 -0.3439331
0.79901123 -0.477417 0.035339355 -0.36383057
0.7913208 -0.47399902 0.05218506 -0.38269043
0.7831421 -0.4706421 0.068237305 -0.4006958
0.7751465 -0.46679688 0.08258057 -0.41766357
0.76678467 -0.46398926 0.095703125 -0.4331665
0.7590332 -0.4613037 0.10681152 -0.44683838
0.75183105 -0.4595337 0.11621094 -0.458313
0.7458496 -0.458313 0.123291016 -0.46740723
0.741272 -0.45794678 0.12805176 -0.47369385
0.73791504 -0.45922852 0.13067627 -0.47698975
0.7364502 -0.46124268 0.1303711 -0.477417
0.73687744 -0.46392822 0.12695312 -0.4749756
0.7384033 -0.46826172 0.12133789 -0.46984863
0.74090576 -0.47387695 0.11364746 -0.4621582
0.7442627 -0.4805298 0.10394287 -0.4520874
0.74816895 -0.4880371 0.09246826 -0.4399414
0.75231934 -0.4961548 0.07946777 -0.4260254
0.75653076 -0.50476074 0.06518555 -0.41070557
0.760437 -0.5135498 0.049743652 -0.39434814
0.763916 -0.522583 0.033325195 -0.37713623
0.76690674 -0.5315552 0.016174316 -0.35925293
0.7692261 -0.5404053 -0.0015258789 -0.34094238
0.7710571 -0.5487671 -0.019592285 -0.32232666
0.77227783 -0.5566406 -0.03753662 -0.30377197
0.77264404 -0.564209 -0.055114746 -0.2857666
0.77215576 -0.5713501 -0.072265625 -0.26849365
0.7720947 -0.576416 -0.08947754 -0.25219727
0.7713623 -0.58099365 -0.10595703 -0.23706055
0.7698364 -0.58551025 -0.12121582 -0.22338867
0.76831055 -0.58880615 -0.13549805 -0.21124268
0.76605225 -0.59210205 -0.14855957 -0.20117188
0.7635498 -0.59490967 -0.16040039 -0.19329834
0.7608032 -0.597229 -0.1706543 -0.18811035
0.75805664 -0.598999 -0.17889404 -0.18572998
0.7542114 -0.6014404 -0.18499756 -0.18762207
0.7498169 -0.6038208 -0.18933105 -0.19311523
0.7454834 -0.6055908 -0.1920166 -0.20159912
0.7414551 -0.60632324 -0.19311523 -0.21276855
0.73760986 -0.60632324 -0.19281006 -0.22625732
0.7334595 -0.6057739 -0.19122314 -0.2420044
0.72875977 -0.60491943 -0.1885376 -0.2597046
0.72314453 -0.60406494 -0.18487549 -0.27923584
0.71698 -0.6027832 -0.18023682 -0.3001709
0.7103882 -0.600647 -0.17480469 -0.32250977
0.70336914 -0.59747314 -0.16851807 -0.34631348
0.6959839 -0.5932007 -0.16113281 -0.3711548
0.68811035 -0.58795166 -0.15258789 -0.39691162
0.6798706 -0.58154297 -0.14300537 -0.42333984
0.6706543 -0.57440186 -0.13220215 -0.45037842
0.66052246 -0.5662842 -0.11999512 -0.47808838
0.6499634 -0.5578003 -0.107666016 -0.50476074
0.6401367 -0.5480957 -0.096069336 -0.5296631
0.6309204 -0.5380249 -0.084472656 -0.55255127
0.6229248 -0.5270386 -0.07421875 -0.5733032
0.6154785 -0.51660156 -0.064575195 -0.59173584
0.60821533 -0.50756836 -0.055419922 -0.60772705
0.60131836 -0.50024414 -0.047302246 -0.62127686
0.5958252 -0.4937744 -0.041748047 -0.63201904
0.59143066 -0.48883057 -0.038208008 -0.64019775
0.5881958 -0.48535156 -0.036499023 -0.645813
0.5862427 -0.4831543 -0.03656006 -0.649292
0.5854492 -0.4819336 -0.038208008 -0.6508179
0.5857544 -0.48150635 -0.04119873 -0.65063477
