81.6875 2.8125 -29.4375
82 2.25 -29.6875
82.3125 1.6875 -30.0625
82.75 1.125 -30.375
83.6875 0.0625 -31.0625
83.6875 0.0625 -31.0625
84.1875 -0.375 -31.375
84.6875 -0.875 -31.75
85.1875 -1.25 -32.0625
85.75 -1.625 -32.4375
86.25 -1.875 -32.75
86.75 -2.0625 -33
87.125 -2.1875 -33.1875
87.4375 -2.1875 -33.4375
87.5625 -2.125 -33.625
87.5625 -1.9375 -33.8125
87.375 -1.625 -33.9375
87 -1.125 -34.125
86.5 -0.5 -34.25
85.8125 0.25 -34.4375
84.9375 1.25 -34.625
83.9375 2.375 -34.875
82.8125 3.625 -35.125
81.5625 5 -35.375
80.1875 6.5 -35.75
78.75 8.125 -36.125
77.1875 9.8125 -36.625
75.5625 11.5625 -37.25
73.875 13.375 -37.875
72.25 15.1875 -38.625
70.5 17 -39.5
68.8125 18.8125 -40.5
67.125 20.625 -41.6875
65.5 22.375 -43
64.0625 24.0625 -44.4375
62.8125 25.6875 -46
61.75 27.25 -47.375
60.75 28.6875 -48.4375
60.125 29.9375 -49.625
59.8125 30.875 -50.4375
59.8125 31.5625 -51.125
60.3125 32.0625 -51.625
61.1875 32.25 -51.75
62.4375 32.3125 -51.5625
64 32.25 -51.25
65.8125 32 -50.75
67.9375 31.625 -50.125
70.125 31.1875 -49.375
72.4375 30.5625 -48.6875
74.875 29.875 -48
77.25 29.125 -47.1875
79.75 28.1875 -46.5
82.1875 27.125 -45.8125
87 24.375 -44.875
87 24.375 -44.875
89.1875 22.9375 -44.4375
91.1875 21.4375 -44.1875
93.0625 20.0625 -43.9375
94.625 18.8125 -43.8125
95.9375 17.6875 -43.6875
96.9375 16.75 -43.6875
97.625 16 -43.8125
98.0625 15.4375 -44.25
98.25 15.1875 -44.75
98.0625 15.3125 -44.9375
97.5625 15.6875 -45.25
96.8125 16.3125 -45.6875
95.75 17.125 -46.1875
94.5 18.125 -46.8125
93 19.3125 -47.625
91.4375 20.5625 -48.5
89.8125 22.0625 -49.5625
209.1875 23.5625 -50.75
204.625 25.1875 -52.0625
200.25 26.75 -53.625
196.0625 28.3125 -55.3125
192.0625 29.8125 -57.1875
188.3125 31.25 -59.0625
184.5625 32.625 -60.75
181.4375 33.875 -62.625
178.375 35.125 -64.3125
175.625 36.3125 -65.75
173.25 37.4375 -67.125
171.25 38.5 -68.25
169.875 39.5 -69.1875
168.9375 40.4375 -69.8125
74.625 41.3125 -70.1875
76.1875 42.25 -70.25
78.125 43.125 -69.9375
80.3125 44 -69.25
82.625 44.75 -68.25
175.1875 45.375 -66.875
177.875 45.875 -65.3125
180.6875 46.25 -63.625
183.5625 46.5 -61.75
186.5 46.625 -59.75
192.375 46.375 -55.6875
192.375 46.375 -55.6875
195.375 46.0625 -53.625
198.375 45.625 -51.6875
201.1875 45.125 -49.75
113.875 44.5625 -47.9375
116.375 43.875 -46.3125
118.5625 43.0625 -44.75
120.5625 42.25 -43.1875
122.25 41.5 -41.625
123.6875 40.6875 -40.1875
124.875 40.0625 -38.8125
125.875 39.5625 -37.625
126.625 39.1875 -36.75
127.1875 38.9375 -36.0625
127.625 38.875 -35.625
127.8125 39 -35.3125
127.875 39.125 -35.0625
127.8125 39.375 -34.875
127.6875 39.625 -34.75
127.5 39.9375 -34.625
127.25 40.1875 -34.5
126.9375 40.4375 -34.4375
126.5625 40.6875 -34.3125
126.1875 40.9375 -34.1875
125.75 41.125 -34.1875
125.3125 41.3125 -34.25
