0.39 -4.86 8.5
0.29 -4.91 8.48
0.19 -4.96 8.45
0.1 -5.01 8.42
0.01 -5.06 8.39
-0.07 -5.11 8.36
-0.15 -5.16 8.33
-0.22 -5.21 8.3
-0.28 -5.26 8.27
-0.32 -5.3 8.24
-0.35 -5.33 8.21
-0.37 -5.37 8.19
-0.37 -5.4 8.17
-0.36 -5.42 8.15
-0.33 -5.45 8.14
-0.28 -5.47 8.12
-0.2 -5.5 8.11
-0.08 -5.52 8.1
0.05 -5.55 8.08
0.21 -5.57 8.06
0.4 -5.6 8.03
0.62 -5.63 8
0.85 -5.66 7.96
1.11 -5.69 7.9
1.39 -5.72 7.83
1.67 -5.77 7.74
1.97 -5.81 7.64
2.27 -5.86 7.52
2.57 -5.91 7.38
2.87 -5.97 7.22
3.16 -6.03 7.05
3.45 -6.1 6.84
3.73 -6.18 6.62
4 -6.27 6.38
4.25 -6.35 6.13
4.49 -6.41 5.89
4.71 -6.43 5.7
4.9 -6.47 5.5
5.04 -6.48 5.35
5.14 -6.5 5.23
5.2 -6.51 5.15
5.24 -6.51 5.12
5.25 -6.49 5.14
5.23 -6.46 5.19
5.19 -6.43 5.26
5.14 -6.4 5.35
5.07 -6.37 5.45
4.99 -6.34 5.56
4.89 -6.31 5.68
4.77 -6.28 5.81
4.63 -6.27 5.94
4.47 -6.26 6.07
4.28 -6.27 6.2
4.05 -6.3 6.32
3.82 -6.32 6.44
3.59 -6.36 6.53
3.37 -6.39 6.62
3.16 -6.43 6.69
2.98 -6.45 6.74
2.83 -6.48 6.78
2.7 -6.53 6.79
2.61 -6.6 6.76
2.57 -6.66 6.71
2.59 -6.68 6.68
2.65 -6.71 6.63
2.75 -6.73 6.56
2.89 -6.76 6.47
3.05 -6.8 6.36
3.24 -6.83 6.23
3.45 -6.88 6.07
3.68 -6.92 5.89
3.92 -6.95 5.68
4.17 -7 5.45
4.41 -7.05 5.18
4.65 -7.1 4.9
4.87 -7.15 4.6
5.09 -7.19 4.3
5.28 -7.2 4.03
5.47 -7.22 3.73
5.64 -7.22 3.47
5.8 -7.2 3.23
5.96 -7.17 3.02
6.1 -7.12 2.84
6.23 -7.07 2.68
6.36 -7 2.57
6.48 -6.92 2.48
6.59 -6.83 2.44
6.7 -6.72 2.44
6.81 -6.59 2.49
6.9 -6.46 2.58
6.98 -6.33 2.69
7.04 -6.2 2.84
7.08 -6.07 3
7.11 -5.94 3.18
7.13 -5.81 3.38
7.12 -5.69 3.59
7.1 -5.58 3.8
7.06 -5.47 4.03
7.01 -5.37 4.24
6.95 -5.27 4.46
6.88 -5.18 4.67
6.8 -5.11 4.87
6.7 -5.04 5.08
6.6 -4.96 5.28
6.49 -4.88 5.48
6.4 -4.79 5.67
6.31 -4.7 5.84
6.24 -4.62 5.98
6.19 -4.54 6.08
6.16 -4.49 6.15
6.16 -4.44 6.2
6.17 -4.4 6.21
6.19 -4.36 6.22
6.22 -4.33 6.21
6.26 -4.3 6.2
6.29 -4.27 6.18
6.33 -4.24 6.16
6.36 -4.21 6.15
6.39 -4.19 6.13
6.42 -4.16 6.12
6.45 -4.15 6.1
6.47 -4.14 6.08
6.49 -4.15 6.05
