0.7312012 -0.20861816 0.14685059 -0.6326904
0.72906494 -0.20709229 0.15283203 -0.6342163
0.7267456 -0.2053833 0.15911865 -0.6359253
0.723999 -0.20367432 0.16558838 -0.6378784
0.71765137 -0.20025635 0.17840576 -0.6427002
0.7142334 -0.19836426 0.18450928 -0.6453247
0.7142334 -0.19836426 0.18450928 -0.6453247
0.71069336 -0.19677734 0.19042969 -0.64801025
0.7070923 -0.19543457 0.19604492 -0.65063477
0.7034912 -0.19451904 0.20117188 -0.6532593
0.7000122 -0.19378662 0.20550537 -0.6558838
0.6967163 -0.19329834 0.2088623 -0.65844727
0.6939087 -0.19329834 0.21154785 -0.6605835
0.6918335 -0.19390869 0.2133789 -0.6619873
0.6906738 -0.1953125 0.2142334 -0.6624756
0.6904907 -0.1975708 0.2140503 -0.66204834
0.69140625 -0.2008667 0.21264648 -0.66064453
0.69317627 -0.20544434 0.2098999 -0.6582031
0.6958618 -0.21148682 0.20550537 -0.65478516
0.6994629 -0.2189331 0.19970703 -0.6503296
0.70391846 -0.22753906 0.19256592 -0.64471436
0.7090454 -0.23730469 0.18414307 -0.63793945
0.71466064 -0.24804688 0.17443848 -0.63031006
0.72058105 -0.2597046 0.16339111 -0.62176514
0.7267456 -0.2722168 0.15106201 -0.6123047
0.7330322 -0.28552246 0.13763428 -0.60180664
0.73931885 -0.29943848 0.12335205 -0.59033203
0.74542236 -0.3137207 0.10839844 -0.578125
0.7510376 -0.32824707 0.09283447 -0.5653076
0.7562256 -0.34277344 0.07672119 -0.55200195
0.7609253 -0.35742188 0.060302734 -0.538147
0.7648926 -0.37219238 0.043823242 -0.5239258
0.76776123 -0.38739014 0.027526855 -0.50964355
0.7695923 -0.40252686 0.011474609 -0.49560547
0.77008057 -0.41760254 -0.0037231445 -0.48223877
0.7692871 -0.432312 -0.018066406 -0.47009277
0.7678833 -0.4453125 -0.031982422 -0.45947266
0.7670288 -0.45495605 -0.04626465 -0.45007324
0.7644043 -0.46496582 -0.057495117 -0.44293213
0.762146 -0.47180176 -0.06585693 -0.43847656
0.7590332 -0.47747803 -0.070495605 -0.43695068
0.755188 -0.48150635 -0.07159424 -0.43902588
0.7510376 -0.4833374 -0.069885254 -0.44439697
0.746521 -0.4831543 -0.06561279 -0.4527588
0.74139404 -0.48156738 -0.058898926 -0.463562
0.73565674 -0.4788208 -0.050231934 -0.47650146
0.72906494 -0.47491455 -0.040039062 -0.49121094
0.72198486 -0.47009277 -0.028686523 -0.506958
0.7140503 -0.4645996 -0.016113281 -0.5234375
0.70562744 -0.45837402 -0.0025634766 -0.54034424
0.69696045 -0.45098877 0.011413574 -0.5574341
0.68774414 -0.44293213 0.026428223 -0.57458496
0.6781616 -0.434021 0.042114258 -0.59155273
0.6574707 -0.41412354 0.07885742 -0.6245117
0.6479492 -0.40289307 0.09637451 -0.63916016
0.6479492 -0.40289307 0.09637451 -0.63916016
0.63842773 -0.39215088 0.11383057 -0.6524658
0.62957764 -0.38134766 0.12939453 -0.6643677
0.62145996 -0.37176514 0.14355469 -0.6744995
0.6148071 -0.3630371 0.15527344 -0.68273926
0.6055298 -0.35113525 0.17370605 -0.692749
0.6055298 -0.35113525 0.17370605 -0.692749
0.60235596 -0.34960938 0.18139648 -0.6942749
0.600647 -0.35040283 0.18615723 -0.6940918
0.6011963 -0.35247803 0.1862793 -0.6925659
0.6030884 -0.35736084 0.18383789 -0.6890259
0.6063843 -0.36468506 0.17913818 -0.6835327
0.6109619 -0.37408447 0.17236328 -0.6760254
0.6164551 -0.38519287 0.16381836 -0.66693115
0.6222534 -0.39794922 0.15393066 -0.65631104
0.6279907 -0.41223145 0.14263916 -0.6444702
0.6335449 -0.42755127 0.12982178 -0.6315918
0.638855 -0.44366455 0.115600586 -0.61779785
0.64367676 -0.46038818 0.10064697 -0.6029663
0.6477661 -0.47766113 0.08532715 -0.5873413
0.651001 -0.49499512 0.069885254 -0.571228
0.6533203 -0.5120239 0.05432129 -0.5549927
0.6548462 -0.52819824 0.03857422 -0.53912354
0.6566162 -0.5420532 0.021850586 -0.52404785
0.6559448 -0.55633545 0.007080078 -0.51000977
0.6553345 -0.56817627 -0.007873535 -0.49768066
0.6538086 -0.5782471 -0.02178955 -0.48754883
0.651062 -0.5871582 -0.0345459 -0.47973633
0.6477051 -0.5942383 -0.045288086 -0.47473145
0.64263916 -0.60009766 -0.05291748 -0.47332764
0.6365967 -0.60461426 -0.05822754 -0.4751587
0.62957764 -0.60772705 -0.061462402 -0.48010254
0.6218262 -0.609375 -0.06286621 -0.487854
0.6135864 -0.609375 -0.06274414 -0.49822998
0.6052246 -0.607605 -0.061340332 -0.51068115
0.5967407 -0.604187 -0.058532715 -0.5248413
0.58776855 -0.5994873 -0.05419922 -0.54052734
0.5783081 -0.59381104 -0.048461914 -0.557312
0.5680542 -0.5872803 -0.041625977 -0.5750122
0.557251 -0.579895 -0.033813477 -0.5933838
0.5459595 -0.57159424 -0.025268555 -0.6119995
0.5220947 -0.5529175 -0.006225586 -0.649353
0.50909424 -0.5426636 0.0044555664 -0.6680908
0.50909424 -0.5426636 0.0044555664 -0.6680908
0.49505615 -0.5321655 0.015686035 -0.6865845
0.4817505 -0.5213623 0.02557373 -0.7038574
0.46868896 -0.5102539 0.03515625 -0.72021484
0.45611572 -0.49920654 0.04473877 -0.73535156
0.44470215 -0.48791504 0.053527832 -0.74920654
0.43481445 -0.4761963 0.060424805 -0.76190186
0.42626953 -0.4645996 0.06567383 -0.77337646
0.4189453 -0.45367432 0.06939697 -0.78344727
0.41296387 -0.44378662 0.07147217 -0.7920532
0.40808105 -0.43554688 0.072387695 -0.79907227
0.40411377 -0.42926025 0.072631836 -0.80444336
0.40093994 -0.42510986 0.072387695 -0.8082886
0.39868164 -0.42279053 0.07165527 -0.81066895
0.39733887 -0.42193604 0.07019043 -0.81188965
0.39691162 -0.42211914 0.0680542 -0.8121948
0.3972168 -0.42297363 0.06542969 -0.8118286
0.3980713 -0.42425537 0.062438965 -0.8109741
0.399292 -0.42559814 0.0592041 -0.8098755
0.40081787 -0.42700195 0.05609131 -0.80859375
0.40270996 -0.42840576 0.05279541 -0.80718994
0.40496826 -0.4296875 0.04937744 -0.805542
0.4076538 -0.4309082 0.045837402 -0.803772
0.41052246 -0.43218994 0.042663574 -0.80181885
0.41345215 -0.43371582 0.040100098 -0.7996216
