0.59802246 -0.58795166 -0.1685791 -0.5180054
0.5982666 -0.58966064 -0.16821289 -0.5158081
0.5982666 -0.59124756 -0.16784668 -0.5140991
0.59814453 -0.5925293 -0.1675415 -0.5128784
0.5979614 -0.5934448 -0.16699219 -0.51220703
0.5977173 -0.5940552 -0.16589355 -0.512146
0.59747314 -0.5942993 -0.16418457 -0.5126953
0.597229 -0.5940552 -0.1619873 -0.51397705
0.5974121 -0.5927124 -0.15966797 -0.5159912
0.5980835 -0.59002686 -0.15753174 -0.51898193
0.598999 -0.5861206 -0.1552124 -0.52301025
0.6002197 -0.58117676 -0.15258789 -0.5279541
0.6014404 -0.5753784 -0.14953613 -0.53375244
0.60266113 -0.5687866 -0.14611816 -0.5402832
0.60388184 -0.56152344 -0.14251709 -0.54748535
0.6048584 -0.5536499 -0.13879395 -0.55529785
0.60528564 -0.5455322 -0.13452148 -0.5638428
0.6053467 -0.53704834 -0.12994385 -0.572937
0.60528564 -0.5279541 -0.125 -0.58239746
0.6055298 -0.5180054 -0.119506836 -0.5921631
0.605896 -0.50738525 -0.11328125 -0.60217285
0.6065674 -0.4958496 -0.10656738 -0.6123047
0.60736084 -0.4833374 -0.099731445 -0.6225586
0.6078491 -0.47039795 -0.09283447 -0.6329956
0.6080322 -0.45690918 -0.085998535 -0.64349365
0.6077881 -0.44335938 -0.07904053 -0.65405273
0.6068115 -0.42993164 -0.07128906 -0.6647339
0.60583496 -0.41583252 -0.0635376 -0.67529297
0.6043701 -0.40179443 -0.05480957 -0.68573
0.60406494 -0.38580322 -0.04699707 -0.69573975
0.6043701 -0.36846924 -0.039733887 -0.70526123
0.60479736 -0.3503418 -0.032592773 -0.7144165
0.60491943 -0.3317871 -0.025512695 -0.7234497
0.60424805 -0.3133545 -0.018676758 -0.73236084
0.6022339 -0.29595947 -0.0119018555 -0.741333
0.59887695 -0.27990723 -0.0052490234 -0.7503052
0.5946655 -0.26501465 0.0012207031 -0.7590332
0.5904541 -0.2503662 0.0068359375 -0.7672119
0.5864258 -0.23590088 0.012451172 -0.7747803
0.58270264 -0.22137451 0.018127441 -0.7817383
0.5795288 -0.20617676 0.023498535 -0.78808594
0.5767822 -0.19030762 0.028747559 -0.7938843
0.5744629 -0.17425537 0.034362793 -0.79901123
0.57250977 -0.15814209 0.040222168 -0.80352783
0.5704956 -0.14221191 0.045959473 -0.8076172
0.5682373 -0.12677002 0.0513916 -0.81140137
0.56573486 -0.11187744 0.056274414 -0.81500244
0.5631714 -0.09802246 0.06097412 -0.8182373
0.56073 -0.08581543 0.06616211 -0.8208618
0.5566406 -0.06665039 0.07684326 -0.8245239
0.55474854 -0.05999756 0.081726074 -0.82580566
0.55474854 -0.05999756 0.081726074 -0.82580566
0.5529785 -0.055114746 0.08605957 -0.8269043
0.5512085 -0.051696777 0.089660645 -0.82788086
0.5494995 -0.04937744 0.09259033 -0.82891846
0.5477295 -0.047912598 0.09509277 -0.829895
0.5460205 -0.046813965 0.09698486 -0.83081055
0.5444946 -0.045959473 0.09838867 -0.8317261
0.5430908 -0.04534912 0.099487305 -0.83251953
0.5418701 -0.044555664 0.09991455 -0.833313
0.5408325 -0.043701172 0.099853516 -0.8340454
0.5397949 -0.04296875 0.09942627 -0.83477783
0.53881836 -0.042663574 0.09869385 -0.83551025
0.53790283 -0.04309082 0.097839355 -0.83618164
0.53704834 -0.04437256 0.09686279 -0.836792
0.5361328 -0.04638672 0.09552002 -0.83740234
0.5350952 -0.04888916 0.093811035 -0.83813477
0.53393555 -0.051696777 0.09197998 -0.8389282
0.5325928 -0.054748535 0.09008789 -0.8397827
0.5310669 -0.057800293 0.08807373 -0.8407593
0.52923584 -0.060913086 0.085754395 -0.84191895
0.5270996 -0.06414795 0.08319092 -0.8432617
0.52471924 -0.06744385 0.080444336 -0.8447876
0.5220337 -0.07110596 0.07745361 -0.84643555
0.5187988 -0.07519531 0.074279785 -0.84832764
0.5153198 -0.07965088 0.070739746 -0.8503418
0.5114136 -0.08459473 0.06695557 -0.85253906
0.5071411 -0.09008789 0.06317139 -0.85479736
0.50250244 -0.0960083 0.0592041 -0.85717773
0.4975586 -0.10229492 0.054992676 -0.85961914
0.4923706 -0.10876465 0.050476074 -0.86206055
0.48693848 -0.115722656 0.045715332 -0.86450195
0.48132324 -0.12322998 0.04095459 -0.8668823
0.47564697 -0.13098145 0.036132812 -0.8690796
0.47003174 -0.13879395 0.031433105 -0.87109375
0.4642334 -0.14666748 0.027160645 -0.8730469
0.45825195 -0.15429688 0.023132324 -0.875
0.45178223 -0.1616211 0.018981934 -0.87713623
0.44458008 -0.16882324 0.014587402 -0.87957764
0.43640137 -0.17614746 0.00982666 -0.8822632
0.42755127 -0.18377686 0.005004883 -0.88513184
0.418396 -0.19152832 0.000061035156 -0.8878174
0.40948486 -0.19909668 -0.005126953 -0.8903198
0.401062 -0.20617676 -0.010192871 -0.8925171
0.39294434 -0.21282959 -0.014953613 -0.8944702
0.38500977 -0.21917725 -0.01928711 -0.89630127
0.37695312 -0.22515869 -0.0234375 -0.8981323
0.3687744 -0.23077393 -0.027404785 -0.8999634
0.36065674 -0.23596191 -0.03125 -0.90179443
0.35266113 -0.24072266 -0.034851074 -0.90356445
0.34490967 -0.24499512 -0.03845215 -0.90527344
0.3375244 -0.24884033 -0.042114258 -0.90686035
0.3303833 -0.25231934 -0.046081543 -0.9083252
0.32366943 -0.2555542 -0.049804688 -0.90960693
0.31750488 -0.25891113 -0.05279541 -0.91070557
0.31201172 -0.26220703 -0.05480957 -0.91156006
0.30725098 -0.26550293 -0.05609131 -0.9121094
0.30291748 -0.2685547 -0.05718994 -0.91259766
0.29901123 -0.2713623 -0.05810547 -0.9130249
0.2954712 -0.27392578 -0.05883789 -0.9133301
0.29248047 -0.27593994 -0.0592041 -0.9136963
0.2901001 -0.27734375 -0.0592041 -0.91400146
0.28863525 -0.27807617 -0.058410645 -0.91430664
0.28808594 -0.2781372 -0.0569458 -0.9145508
0.28833008 -0.2775879 -0.054626465 -0.9147949
0.28912354 -0.27667236 -0.051635742 -0.914978
0.29040527 -0.27545166 -0.04840088 -0.91516113
0.29180908 -0.2741089 -0.04510498 -0.9152832
