26.1875 -1.5625 -7.375
26.3125 -1.9375 -7.5
26.375 -2.3125 -7.6875
26.5 -2.75 -7.875
26.625 -3.1875 -8
26.75 -3.5625 -8.125
26.875 -4 -8.3125
27 -4.4375 -8.5625
27.1875 -4.875 -8.8125
27.375 -5.25 -9.125
27.625 -5.5625 -9.375
27.8125 -5.875 -9.6875
28 -6.0625 -10
28.125 -6.125 -10.3125
28.25 -6.0625 -10.625
28.375 -5.875 -10.9375
28.375 -5.4375 -11.1875
28.375 -4.875 -11.4375
28.25 -4.0625 -11.625
28.0625 -3.0625 -11.75
27.75 -1.875 -11.8125
27.3125 -0.4375 -11.9375
26.8125 1.1875 -12.125
26.25 3 -12.3125
25.625 5 -12.5625
25 7.1875 -12.8125
24.3125 9.5 -13.125
23.625 11.875 -13.5
23 14.375 -13.9375
22.375 16.9375 -14.5
21.75 19.5 -15.0625
21.1875 22.0625 -15.8125
20.625 24.625 -16.5625
20.125 27.125 -17.375
19.6875 29.625 -18.25
19.25 32 -19.25
18.9375 34.25 -20.25
18.625 36.375 -21.3125
18.3125 38.375 -22.25
18.125 40.125 -23.375
18.0625 41.6875 -24.5
18.0625 43.0625 -25.5
18.1875 44.1875 -26.4375
108.4375 45.125 -27.1875
108.75 45.875 -27.75
109.25 46.3125 -28.0625
109.9375 46.5 -28.25
110.75 46.5 -28.25
111.6875 46.25 -28.125
112.75 45.875 -27.8125
113.9375 45.25 -27.375
25.1875 44.5 -26.875
26.5625 43.5625 -26.3125
28.0625 42.4375 -25.75
29.625 41.125 -25.25
31.3125 39.75 -24.6875
33.125 38.1875 -24.1875
35 36.5625 -23.5625
36.875 34.6875 -23
38.75 32.75 -22.5
40.6875 30.6875 -22.0625
42.5625 28.5 -21.625
44.4375 26.3125 -21.3125
46.125 24.25 -21.0625
47.75 22.3125 -21.0625
49.125 20.5 -21
50.375 18.8125 -21.0625
51.4375 17.4375 -21.3125
52.25 16.25 -21.6875
52.8125 15.375 -22.0625
53.1875 14.875 -22.375
53.25 14.75 -22.75
53.125 15 -23.125
52.75 15.625 -23.625
52.25 16.5 -24.125
51.5625 17.6875 -24.625
50.75 19.125 -25.25
49.875 20.8125 -25.875
48.9375 22.625 -26.625
48 24.5625 -27.5
47 26.625 -28.3125
46 28.6875 -29.1875
44.9375 30.75 -30.125
43.875 32.75 -31.1875
42.9375 34.6875 -32.25
42 36.625 -33.375
41.125 38.5 -34.5625
40.3125 40.25 -35.75
39.625 41.9375 -37
39 43.5625 -38.1875
128.5 45.0625 -39.25
128.125 46.5 -40.25
128 47.75 -41.25
128.0625 48.9375 -42.125
128.375 50 -42.8125
128.875 50.875 -43.3125
129.6875 51.5625 -43.375
130.8125 52 -43.1875
132.1875 52.1875 -42.6875
133.75 52.1875 -41.8125
135.5 51.9375 -40.625
137.4375 51.4375 -39.125
139.5 50.75 -37.4375
141.6875 49.8125 -35.625
143.9375 48.6875 -33.875
146.125 47.375 -32.25
148.3125 45.875 -30.75
60.375 44.1875 -29.5625
62.375 42.4375 -28.5625
64.25 40.5625 -27.8125
66.0625 38.625 -27.125
67.875 36.625 -26.625
69.875 34.5 -26.1875
71.75 32.5625 -25.6875
73.4375 30.6875 -25.3125
75 29 -25
76.3125 27.5 -24.625
77.4375 26.25 -24.3125
78.25 25.125 -24.0625
78.9375 24.25 -23.75
79.4375 23.5 -23.5625
79.75 23 -23.375
80 22.6875 -23.25
80.125 22.5 -23.1875
80.125 22.4375 -23.0625
80.0625 22.5 -22.9375
80 22.625 -22.8125
79.875 22.8125 -22.6875
79.6875 23.0625 -22.5
79.5 23.3125 -22.25
79.1875 23.6875 -22
78.8125 24.0625 -21.75
