-0.33 -1.28 9.71
-0.4 -1.31 9.7
-0.47 -1.34 9.7
-0.54 -1.36 9.69
-0.61 -1.39 9.68
-0.69 -1.42 9.67
-0.76 -1.45 9.66
-0.83 -1.5 9.65
-0.89 -1.55 9.64
-0.95 -1.59 9.62
-1 -1.65 9.61
-1.03 -1.7 9.6
-1.05 -1.75 9.59
-1.04 -1.8 9.58
-1 -1.85 9.57
-0.93 -1.9 9.57
-0.83 -1.94 9.57
-0.7 -1.97 9.58
-0.53 -1.99 9.58
-0.32 -2.01 9.59
-0.07 -2.03 9.59
0.2 -2.06 9.58
0.51 -2.09 9.56
0.86 -2.12 9.53
1.22 -2.16 9.48
1.62 -2.2 9.41
2.02 -2.24 9.32
2.44 -2.29 9.21
2.85 -2.34 9.08
3.27 -2.41 8.92
3.68 -2.47 8.74
4.08 -2.54 8.54
4.47 -2.6 8.32
4.85 -2.67 8.09
5.2 -2.74 7.84
5.52 -2.8 7.59
5.82 -2.87 7.34
6.09 -2.91 7.11
6.32 -2.97 6.87
6.52 -3.03 6.65
6.69 -3.08 6.46
6.84 -3.13 6.28
6.95 -3.16 6.14
7.04 -3.17 6.03
7.09 -3.19 5.97
7.11 -3.19 5.94
7.11 -3.19 5.94
7.09 -3.19 5.97
7.04 -3.18 6.03
6.97 -3.17 6.12
6.87 -3.16 6.23
6.75 -3.15 6.36
6.61 -3.14 6.51
6.45 -3.15 6.67
6.27 -3.15 6.84
6.07 -3.15 7.02
5.84 -3.15 7.21
5.58 -3.15 7.41
5.31 -3.15 7.61
5.01 -3.16 7.81
4.68 -3.17 8
4.35 -3.2 8.18
4.03 -3.21 8.33
3.72 -3.26 8.46
3.43 -3.29 8.57
3.17 -3.34 8.65
2.93 -3.4 8.71
2.74 -3.48 8.74
2.6 -3.55 8.76
2.52 -3.61 8.75
2.5 -3.67 8.74
2.54 -3.72 8.7
2.64 -3.78 8.65
2.79 -3.84 8.57
2.98 -3.89 8.48
3.22 -3.95 8.37
3.48 -4 8.24
3.77 -4.06 8.08
4.08 -4.11 7.9
4.39 -4.16 7.71
4.71 -4.2 7.5
5.01 -4.23 7.28
5.3 -4.27 7.05
5.58 -4.3 6.81
5.85 -4.32 6.56
6.1 -4.35 6.31
6.34 -4.37 6.06
6.56 -4.38 5.81
6.76 -4.39 5.57
6.94 -4.38 5.35
7.11 -4.36 5.14
7.26 -4.34 4.94
7.39 -4.31 4.77
7.51 -4.28 4.61
7.61 -4.24 4.49
7.68 -4.18 4.42
7.73 -4.13 4.39
7.75 -4.07 4.41
7.75 -4 4.47
7.72 -3.93 4.58
7.67 -3.85 4.73
7.59 -3.77 4.92
7.49 -3.68 5.13
7.37 -3.6 5.36
7.21 -3.54 5.61
7.04 -3.49 5.86
6.83 -3.46 6.11
6.61 -3.46 6.35
6.37 -3.47 6.58
6.12 -3.49 6.81
5.85 -3.52 7.03
5.55 -3.56 7.25
5.27 -3.58 7.44
5.01 -3.6 7.61
4.75 -3.62 7.77
4.53 -3.62 7.9
4.33 -3.62 8.01
4.16 -3.62 8.1
4.02 -3.6 8.18
3.91 -3.59 8.23
3.83 -3.58 8.28
3.78 -3.57 8.3
3.75 -3.56 8.32
3.75 -3.55 8.33
3.76 -3.53 8.33
3.77 -3.51 8.33
3.8 -3.48 8.33
3.84 -3.45 8.33
3.88 -3.41 8.33
3.94 -3.36 8.32
4 -3.32 8.31
4.06 -3.27 8.29
