0.9717407 -0.059753418 0.028198242 -0.2265625
0.97143555 -0.0602417 0.03186035 -0.22729492
0.97106934 -0.06072998 0.035583496 -0.22808838
0.9707031 -0.06121826 0.03942871 -0.22888184
0.9703369 -0.061584473 0.04333496 -0.22973633
0.96990967 -0.061950684 0.047302246 -0.23065186
0.9694214 -0.062561035 0.05126953 -0.23162842
0.9688721 -0.06347656 0.055419922 -0.23278809
0.9682007 -0.06463623 0.059570312 -0.23425293
0.9674072 -0.066223145 0.06359863 -0.23596191
0.96661377 -0.067871094 0.06719971 -0.23773193
0.96588135 -0.06976318 0.0703125 -0.23937988
0.96520996 -0.071777344 0.07269287 -0.24072266
0.9645996 -0.07409668 0.074157715 -0.24188232
0.96417236 -0.076660156 0.074401855 -0.24291992
0.96380615 -0.07946777 0.07330322 -0.24371338
0.96362305 -0.08270264 0.070617676 -0.24414062
0.9636841 -0.085998535 0.06616211 -0.24395752
0.9640503 -0.08935547 0.059753418 -0.24298096
0.96466064 -0.0927124 0.051330566 -0.24121094
0.9654541 -0.09643555 0.04083252 -0.23858643
0.9663086 -0.10058594 0.028442383 -0.23516846
0.96710205 -0.105285645 0.014282227 -0.23101807
0.96777344 -0.11065674 -0.0014038086 -0.22619629
0.9682007 -0.11639404 -0.018798828 -0.22076416
0.9682007 -0.12243652 -0.037597656 -0.21484375
0.96777344 -0.12854004 -0.057678223 -0.20874023
0.96673584 -0.13482666 -0.07867432 -0.20257568
0.96502686 -0.14154053 -0.10015869 -0.1965332
0.9626465 -0.1486206 -0.12200928 -0.19055176
0.9595947 -0.15588379 -0.14404297 -0.18469238
0.9558716 -0.16320801 -0.16607666 -0.17901611
0.9515381 -0.17053223 -0.18804932 -0.17352295
0.94659424 -0.17779541 -0.20965576 -0.168396
0.9411621 -0.18487549 -0.23071289 -0.16351318
0.93530273 -0.19207764 -0.25091553 -0.15911865
0.9291382 -0.19915771 -0.27001953 -0.15515137
0.92285156 -0.20611572 -0.28790283 -0.15161133
0.9168701 -0.21118164 -0.30462646 -0.14801025
0.91070557 -0.21765137 -0.31939697 -0.14569092
0.9048462 -0.22393799 -0.3320923 -0.14416504
0.89941406 -0.2298584 -0.34301758 -0.14343262
0.8944702 -0.23510742 -0.3522339 -0.14355469
0.89019775 -0.23950195 -0.35949707 -0.14465332
0.8867798 -0.24316406 -0.36462402 -0.14685059
0.8842163 -0.24639893 -0.36712646 -0.15039062
0.8825073 -0.24926758 -0.3673706 -0.15527344
0.8814087 -0.2518921 -0.36553955 -0.16143799
0.8809204 -0.25421143 -0.36169434 -0.16882324
0.8811035 -0.25598145 -0.35601807 -0.17730713
0.88165283 -0.25750732 -0.34851074 -0.18688965
0.8826294 -0.25854492 -0.33929443 -0.19744873
0.88378906 -0.25952148 -0.32855225 -0.20892334
0.88500977 -0.26037598 -0.31622314 -0.22125244
0.8861084 -0.26135254 -0.30236816 -0.23461914
0.88708496 -0.26190186 -0.28710938 -0.24908447
0.8878784 -0.26184082 -0.27062988 -0.2644043
0.88842773 -0.2609253 -0.2529297 -0.28033447
0.888855 -0.25915527 -0.23413086 -0.29663086
0.888916 -0.25671387 -0.21429443 -0.31304932
0.8886719 -0.25341797 -0.19360352 -0.3295288
0.8880005 -0.24938965 -0.17181396 -0.34606934
0.8865967 -0.2454834 -0.15020752 -0.36218262
0.8848877 -0.24090576 -0.12994385 -0.37695312
0.88256836 -0.23718262 -0.11029053 -0.39068604
0.880249 -0.23321533 -0.092285156 -0.402771
0.87786865 -0.2298584 -0.07598877 -0.41314697
0.8754883 -0.2277832 -0.061462402 -0.42175293
0.8731079 -0.22735596 -0.048950195 -0.4284668
0.87127686 -0.22747803 -0.039489746 -0.43310547
0.8699341 -0.2286377 -0.033447266 -0.43566895
0.86920166 -0.23095703 -0.03100586 -0.43615723
0.8688965 -0.23474121 -0.031982422 -0.43463135
0.8688965 -0.23999023 -0.036010742 -0.43133545
0.86920166 -0.24645996 -0.04296875 -0.42645264
0.8696289 -0.2539673 -0.05255127 -0.42016602
0.86987305 -0.26226807 -0.06439209 -0.41278076
0.869812 -0.27124023 -0.078186035 -0.40460205
0.8692627 -0.28094482 -0.09350586 -0.39587402
0.86816406 -0.29089355 -0.11022949 -0.38671875
0.8666992 -0.30047607 -0.12792969 -0.3770752
0.8648071 -0.30975342 -0.1461792 -0.36712646
0.8625488 -0.31860352 -0.16461182 -0.3569336
0.8598633 -0.3270874 -0.18286133 -0.34680176
0.85668945 -0.33502197 -0.2008667 -0.33691406
0.8529663 -0.34265137 -0.21838379 -0.32757568
0.8488159 -0.3499756 -0.2354126 -0.31866455
0.84436035 -0.35681152 -0.2518921 -0.31030273
0.83966064 -0.36297607 -0.26763916 -0.3026123
0.83477783 -0.36853027 -0.2824707 -0.29589844
0.8300781 -0.37268066 -0.29656982 -0.289917
0.82525635 -0.3765869 -0.3093872 -0.2854004
0.8199463 -0.38085938 -0.32037354 -0.2828369
0.8148804 -0.38427734 -0.3302002 -0.28149414
0.8098755 -0.38745117 -0.3383789 -0.28186035
0.8052368 -0.39007568 -0.34429932 -0.2843628
0.8012085 -0.39196777 -0.34735107 -0.2894287
0.79748535 -0.39367676 -0.34765625 -0.29693604
0.7942505 -0.39489746 -0.34521484 -0.30664062
0.79174805 -0.3949585 -0.34033203 -0.31829834
0.7897949 -0.39398193 -0.33312988 -0.331604
0.7883301 -0.3918457 -0.32403564 -0.34649658
0.78692627 -0.38867188 -0.31304932 -0.36291504
0.7854004 -0.38482666 -0.30029297 -0.38061523
0.7838745 -0.38024902 -0.28601074 -0.39892578
0.7822876 -0.37512207 -0.27038574 -0.4173584
0.7805176 -0.36987305 -0.253479 -0.4356079
0.7786255 -0.36431885 -0.23577881 -0.45324707
0.7765503 -0.35882568 -0.21728516 -0.4701538
0.7741699 -0.35333252 -0.19818115 -0.48632812
0.77160645 -0.3474121 -0.17871094 -0.5019531
0.7685547 -0.3408203 -0.15863037 -0.5177002
0.76434326 -0.33392334 -0.13726807 -0.5342407
0.7598877 -0.32629395 -0.11810303 -0.5496216
0.75531006 -0.31854248 -0.10040283 -0.5638428
0.7508545 -0.31097412 -0.084472656 -0.5765381
0.74694824 -0.3032837 -0.07110596 -0.5873413
0.7435913 -0.29656982 -0.059631348 -0.59625244
0.74108887 -0.29022217 -0.05053711 -0.6033325
0.7391968 -0.28466797 -0.043395996 -0.6088257
0.73779297 -0.28015137 -0.037963867 -0.6129761
0.7368164 -0.27667236 -0.034179688 -0.61590576
0.736145 -0.27441406 -0.03186035 -0.6178589
0.7357788 -0.2730713 -0.030761719 -0.6189575
0.7357788 -0.27227783 -0.030822754 -0.6192627
0.736145 -0.2718506 -0.031799316 -0.61901855
0.73669434 -0.2715454 -0.03363037 -0.6184082
0.73742676 -0.27130127 -0.036071777 -0.6174927
0.7382202 -0.27111816 -0.039123535 -0.61639404
0.73931885 -0.2709961 -0.04284668 -0.6149292
0.7406616 -0.2709961 -0.047180176 -0.6129761
0.74243164 -0.2709961 -0.052124023 -0.6104126
