0.8959961 -0.10699463 -0.3366089 -0.26922607
0.89367676 -0.10858154 -0.340271 -0.2715454
0.8920288 -0.11114502 -0.3435669 -0.27197266
0.89086914 -0.114746094 -0.34655762 -0.27026367
0.89038086 -0.118896484 -0.3494873 -0.26641846
0.89038086 -0.12402344 -0.35217285 -0.260437
0.8907471 -0.12994385 -0.35479736 -0.25256348
0.8912964 -0.13647461 -0.35760498 -0.24310303
0.89190674 -0.14324951 -0.36065674 -0.23223877
0.8927002 -0.14984131 -0.3637085 -0.2199707
0.8939209 -0.15594482 -0.366333 -0.20574951
0.8959961 -0.16156006 -0.3678589 -0.18914795
0.8989258 -0.16662598 -0.36773682 -0.17010498
0.90252686 -0.17266846 -0.36517334 -0.14916992
0.9066162 -0.17980957 -0.3600464 -0.12695312
0.91070557 -0.18841553 -0.352417 -0.10443115
0.9145508 -0.19787598 -0.34301758 -0.082458496
0.9180908 -0.20697021 -0.3324585 -0.061401367
0.9216919 -0.21453857 -0.3206787 -0.04083252
0.92523193 -0.22137451 -0.30737305 -0.020874023
0.9290161 -0.22729492 -0.29211426 -0.0014038086
0.9328003 -0.23242188 -0.27478027 0.01727295
0.93670654 -0.23693848 -0.25549316 0.0345459
0.94055176 -0.24035645 -0.23480225 0.049743652
0.9445801 -0.24212646 -0.21270752 0.062438965
0.9484253 -0.2434082 -0.1895752 0.072509766
0.95202637 -0.2446289 -0.16589355 0.079589844
0.95532227 -0.24517822 -0.14208984 0.083740234
0.958313 -0.2454834 -0.11859131 0.08508301
0.9609375 -0.24591064 -0.095581055 0.08392334
0.9630127 -0.246521 -0.07318115 0.080566406
0.96447754 -0.24786377 -0.051330566 0.07562256
0.96520996 -0.25012207 -0.030456543 0.06951904
0.9656372 -0.2520752 -0.010864258 0.062194824
0.96588135 -0.25335693 0.007019043 0.053466797
0.9659424 -0.2541504 0.022888184 0.04296875
0.96606445 -0.2538452 0.036743164 0.030761719
0.9663086 -0.25213623 0.049072266 0.016967773
0.9664917 -0.24969482 0.059814453 0.0017700195
0.96655273 -0.24658203 0.06890869 -0.014587402
0.96655273 -0.24285889 0.07611084 -0.031921387
0.96643066 -0.23834229 0.0814209 -0.05041504
0.9661865 -0.23327637 0.08465576 -0.06982422
0.9657593 -0.22766113 0.086120605 -0.089904785
0.96502686 -0.2218628 0.086242676 -0.11010742
0.9638672 -0.21636963 0.08520508 -0.12982178
0.9625244 -0.21081543 0.08325195 -0.14874268
0.96099854 -0.2055664 0.08050537 -0.16656494
0.9593506 -0.2006836 0.07702637 -0.18304443
0.95770264 -0.19555664 0.07269287 -0.19830322
0.9561157 -0.18988037 0.06738281 -0.21258545
0.9545288 -0.18432617 0.06097412 -0.22631836
0.95269775 -0.17938232 0.053466797 -0.23956299
0.9506836 -0.17468262 0.044799805 -0.25231934
0.9486084 -0.17022705 0.034851074 -0.26452637
0.94628906 -0.16656494 0.023986816 -0.27600098
0.9439087 -0.16363525 0.012451172 -0.286438
0.94158936 -0.16131592 0.00030517578 -0.2956543
0.93933105 -0.15985107 -0.012145996 -0.30322266
0.9375 -0.15917969 -0.024780273 -0.30847168
0.9361572 -0.1586914 -0.037902832 -0.31152344
0.9352417 -0.15917969 -0.051208496 -0.31195068
0.9346924 -0.1609497 -0.06488037 -0.31018066
0.9343262 -0.16375732 -0.07891846 -0.30664062
0.9338989 -0.16760254 -0.09313965 -0.30169678
0.9334717 -0.17248535 -0.10736084 -0.2954712
0.93304443 -0.17816162 -0.121398926 -0.28796387
0.9326782 -0.18408203 -0.1352539 -0.2791748
0.9324341 -0.1897583 -0.14880371 -0.26904297
0.93237305 -0.19500732 -0.16210938 -0.25756836
0.9324951 -0.19995117 -0.17480469 -0.24468994
0.9328003 -0.20465088 -0.18676758 -0.23046875
0.9331665 -0.20935059 -0.1977539 -0.21514893
0.9335327 -0.21411133 -0.20770264 -0.19885254
0.93377686 -0.21905518 -0.2166748 -0.18206787
0.93377686 -0.2241211 -0.22473145 -0.1652832
0.93359375 -0.22888184 -0.2321167 -0.14886475
0.9333496 -0.23303223 -0.23852539 -0.1328125
0.93310547 -0.23712158 -0.24371338 -0.1171875
0.93292236 -0.24090576 -0.2475586 -0.101989746
0.9329834 -0.24432373 -0.24969482 -0.08685303
0.93310547 -0.24804688 -0.25012207 -0.072021484
0.9331665 -0.25213623 -0.24945068 -0.057922363
0.9328613 -0.25665283 -0.24859619 -0.04534912
0.93218994 -0.26135254 -0.24798584 -0.03466797
0.9312744 -0.26605225 -0.24761963 -0.025390625
0.93029785 -0.27026367 -0.24731445 -0.017456055
0.9293823 -0.2741089 -0.24694824 -0.010803223
0.92871094 -0.2774048 -0.24609375 -0.0053710938
0.9282837 -0.28009033 -0.2446289 -0.0010986328
0.9282837 -0.28204346 -0.24243164 0.0021972656
0.92858887 -0.28338623 -0.23956299 0.004638672
0.92926025 -0.28405762 -0.23614502 0.006225586
0.93011475 -0.28424072 -0.23254395 0.007080078
