30.5 -6.5625 -21.125
30.9375 -7.25 -21.3125
31.375 -7.9375 -21.5
31.75 -8.625 -21.6875
32.1875 -9.3125 -21.875
32.5625 -9.9375 -22.0625
32.9375 -10.5 -22.3125
33.3125 -11 -22.5625
33.625 -11.4375 -22.8125
33.9375 -11.8125 -23.0625
34.125 -12.0625 -23.3125
34.25 -12.25 -23.5625
34.375 -12.3125 -23.75
34.375 -12.1875 -23.875
34.3125 -11.9375 -23.9375
34.125 -11.5625 -24
33.8125 -10.9375 -23.9375
33.4375 -10.1875 -23.9375
32.9375 -9.25 -23.875
32.375 -8.125 -23.875
31.6875 -6.8125 -23.875
30.875 -5.3125 -23.875
30 -3.625 -23.875
29.0625 -1.75 -23.9375
28.0625 0.125 -24
26.9375 2.1875 -24.1875
25.75 4.3125 -24.375
24.5 6.5 -24.6875
23.1875 8.6875 -25.0625
21.8125 10.875 -25.5
20.375 13.125 -26.0625
19 15.25 -26.6875
17.6875 17.375 -27.375
16.4375 19.375 -28.125
15.3125 21.25 -29
14.25 23 -29.875
13.3125 24.625 -30.5
12.625 26.0625 -31.375
12.125 27.25 -32
11.875 28.125 -32.5625
11.875 28.75 -33.0625
12.125 29.125 -33.375
12.625 29.3125 -33.6875
13.3125 29.3125 -33.875
14.1875 29.125 -34
15.25 28.8125 -34.0625
16.5 28.4375 -34
17.875 27.875 -33.875
19.375 27.25 -33.625
21.125 26.4375 -33.375
23.0625 25.5625 -33.0625
25.0625 24.5 -32.75
27.25 23.3125 -32.4375
29.4375 22 -32.0625
31.625 20.625 -31.75
33.875 19.0625 -31.5
36.0625 17.375 -31.25
38.25 15.6875 -31.3125
40.1875 14 -31.3125
42 12.4375 -31.5
43.625 10.875 -31.8125
45 9.4375 -32.1875
46.3125 8.25 -32.625
47.5 7.3125 -33
48.5 6.6875 -33.3125
49.3125 6.3125 -33.5
49.75 6.25 -33.6875
49.8125 6.4375 -33.8125
49.625 6.875 -33.9375
49.1875 7.5625 -34.0625
48.5 8.5 -34.25
47.5625 9.5625 -34.5625
46.4375 10.8125 -34.875
45.1875 12.25 -35.3125
43.8125 13.8125 -35.9375
42.4375 15.4375 -36.6875
41.0625 17.25 -37.5625
39.6875 19.0625 -38.4375
38.3125 20.9375 -39.3125
37 22.8125 -40.25
35.6875 24.625 -41.1875
34.4375 26.375 -42.125
33.25 28 -43.0625
32.1875 29.625 -44.0625
31.3125 31.1875 -44.9375
30.5 32.625 -45.6875
29.9375 34 -46.5625
29.5 35.3125 -47.4375
29.1875 36.5625 -48.125
29.125 37.75 -48.75
29.125 38.8125 -49.1875
29.5 39.875 -49.6875
30.1875 40.8125 -49.9375
31.0625 41.625 -50.0625
32.125 42.3125 -50
33.5625 42.9375 -49.75
35.25 43.5 -49.25
37.3125 43.9375 -48.625
39.625 44.25 -47.625
42.125 44.4375 -46.25
44.875 44.5 -44.625
47.75 44.3125 -42.875
50.75 43.875 -41
53.75 43.1875 -39.125
56.625 42.25 -37.3125
59.4375 41 -35.5625
62.125 39.625 -34.125
64.5625 38.1875 -32.9375
66.875 36.75 -31.875
68.9375 35.3125 -31.125
70.8125 34 -30.25
72.4375 32.875 -29.5625
73.8125 31.9375 -28.9375
74.875 31.1875 -28.375
75.6875 30.6875 -27.9375
76.25 30.4375 -27.6875
76.5625 30.375 -27.5625
76.6875 30.5 -27.4375
76.625 30.6875 -27.375
