-1.23 -3.54 9.06
-1.35 -3.56 9.03
-1.47 -3.59 9
-1.58 -3.6 8.97
-1.69 -3.63 8.94
-1.79 -3.66 8.91
-1.87 -3.69 8.88
-1.95 -3.73 8.85
-2.01 -3.76 8.82
-2.05 -3.8 8.8
-2.08 -3.83 8.78
-2.09 -3.85 8.76
-2.07 -3.88 8.76
-2.03 -3.9 8.76
-1.96 -3.91 8.77
-1.87 -3.91 8.79
-1.74 -3.91 8.81
-1.58 -3.92 8.84
-1.39 -3.93 8.87
-1.16 -3.94 8.9
-0.9 -3.95 8.92
-0.62 -3.96 8.94
-0.3 -3.97 8.95
0.02 -3.99 8.95
0.37 -4.01 8.93
0.74 -4.04 8.9
1.11 -4.07 8.85
1.48 -4.1 8.77
1.86 -4.15 8.68
2.22 -4.19 8.57
2.58 -4.24 8.45
2.93 -4.3 8.31
3.25 -4.36 8.15
3.55 -4.43 7.98
3.83 -4.49 7.82
4.09 -4.52 7.67
4.3 -4.59 7.51
4.49 -4.62 7.38
4.62 -4.65 7.28
4.72 -4.68 7.2
4.77 -4.71 7.14
4.8 -4.74 7.11
4.8 -4.76 7.09
4.77 -4.79 7.09
4.73 -4.81 7.11
4.67 -4.82 7.14
4.59 -4.83 7.19
4.49 -4.83 7.25
4.37 -4.83 7.32
4.23 -4.83 7.4
4.07 -4.83 7.49
3.88 -4.82 7.59
3.68 -4.83 7.69
3.45 -4.83 7.8
3.2 -4.84 7.9
2.93 -4.86 7.99
2.65 -4.91 8.06
2.38 -4.94 8.12
2.11 -5 8.16
1.85 -5.08 8.18
1.61 -5.15 8.18
1.41 -5.23 8.17
1.25 -5.29 8.15
1.14 -5.35 8.13
1.08 -5.38 8.12
1.06 -5.41 8.1
1.1 -5.42 8.09
1.17 -5.43 8.07
1.29 -5.45 8.04
1.44 -5.46 8.01
1.63 -5.48 7.96
1.84 -5.51 7.89
2.08 -5.54 7.81
2.34 -5.59 7.7
2.61 -5.65 7.57
2.9 -5.7 7.42
3.2 -5.76 7.25
3.5 -5.8 7.08
3.8 -5.84 6.89
4.08 -5.87 6.7
4.35 -5.89 6.51
4.61 -5.91 6.31
4.85 -5.92 6.12
5.07 -5.92 5.93
5.29 -5.9 5.76
5.49 -5.9 5.58
5.67 -5.89 5.4
5.84 -5.86 5.24
6 -5.83 5.1
6.15 -5.78 4.98
6.28 -5.73 4.86
6.4 -5.68 4.77
6.51 -5.62 4.7
6.6 -5.55 4.65
6.68 -5.47 4.63
6.75 -5.39 4.63
6.8 -5.29 4.66
6.84 -5.18 4.73
6.87 -5.05 4.83
6.87 -4.91 4.97
6.85 -4.77 5.13
6.79 -4.64 5.32
6.71 -4.51 5.54
6.59 -4.4 5.77
6.44 -4.3 6.01
6.26 -4.23 6.24
6.07 -4.18 6.46
5.87 -4.15 6.66
5.67 -4.13 6.84
5.48 -4.1 7.01
5.32 -4.06 7.16
5.18 -4.02 7.28
5.08 -3.98 7.37
5.01 -3.95 7.44
4.97 -3.92 7.48
4.96 -3.91 7.49
4.98 -3.89 7.49
5.01 -3.88 7.48
5.05 -3.85 7.46
