0.9468384 -0.1607666 0.10430908 -0.25842285
0.9451904 -0.16021729 0.111206055 -0.26184082
0.9435425 -0.15960693 0.11816406 -0.26513672
0.94189453 -0.1586914 0.125 -0.26831055
0.9402466 -0.15777588 0.1315918 -0.27148438
0.93859863 -0.15704346 0.13793945 -0.2744751
0.93688965 -0.15673828 0.1439209 -0.2774048
0.9352417 -0.15679932 0.14941406 -0.28015137
0.9336548 -0.15716553 0.1541748 -0.28253174
0.932251 -0.15777588 0.15826416 -0.2845459
0.93115234 -0.15856934 0.16137695 -0.28607178
0.9302368 -0.1595459 0.16357422 -0.28704834
0.9296875 -0.16070557 0.16455078 -0.2876587
0.9295044 -0.16210938 0.1642456 -0.28771973
0.9296875 -0.16375732 0.16235352 -0.2871704
0.9304199 -0.16552734 0.1586914 -0.28582764
0.9316406 -0.16748047 0.15332031 -0.28363037
0.93322754 -0.17004395 0.1463623 -0.2805786
0.9351196 -0.17333984 0.13763428 -0.2767334
0.9371948 -0.17730713 0.12719727 -0.27215576
0.9394531 -0.1817627 0.114868164 -0.26678467
0.944397 -0.19128418 0.0848999 -0.25354004
0.944397 -0.19128418 0.0848999 -0.25354004
0.94677734 -0.19659424 0.06762695 -0.24572754
0.94885254 -0.20233154 0.04925537 -0.23718262
0.95062256 -0.20831299 0.029724121 -0.22802734
0.95202637 -0.21435547 0.009399414 -0.21807861
0.95306396 -0.22045898 -0.011657715 -0.20727539
0.95355225 -0.22650146 -0.03302002 -0.19573975
0.9534912 -0.23248291 -0.054626465 -0.18377686
0.9528198 -0.23834229 -0.076293945 -0.17163086
0.9515381 -0.24407959 -0.09765625 -0.15966797
0.94958496 -0.24957275 -0.11846924 -0.14807129
0.9470825 -0.25500488 -0.1383667 -0.137146
0.94403076 -0.26068115 -0.15716553 -0.1270752
0.94073486 -0.26556396 -0.17462158 -0.11804199
0.9378052 -0.26843262 -0.190979 -0.109680176
0.93414307 -0.2732544 -0.20483398 -0.103637695
0.9310913 -0.27642822 -0.2164917 -0.099121094
0.9284668 -0.27923584 -0.22503662 -0.09667969
0.92626953 -0.28216553 -0.23052979 -0.09649658
0.9244995 -0.28497314 -0.23321533 -0.09838867
0.92315674 -0.28778076 -0.23352051 -0.10223389
0.92211914 -0.2906494 -0.23162842 -0.10772705
0.92126465 -0.29370117 -0.2277832 -0.1149292
0.9205322 -0.2965088 -0.22235107 -0.12347412
0.92004395 -0.2987671 -0.21551514 -0.13342285
0.9196167 -0.30059814 -0.20727539 -0.14471436
0.9192505 -0.30200195 -0.19750977 -0.15740967
0.9187622 -0.30291748 -0.18621826 -0.17163086
0.9179077 -0.30377197 -0.17327881 -0.18737793
0.9168091 -0.30407715 -0.15881348 -0.20428467
0.9154663 -0.3036499 -0.14300537 -0.22198486
0.9136963 -0.30267334 -0.12591553 -0.24017334
0.91156006 -0.30096436 -0.107910156 -0.25860596
0.90893555 -0.2987671 -0.08898926 -0.27697754
0.9057617 -0.29608154 -0.06878662 -0.2952881
0.9017334 -0.2942505 -0.047912598 -0.31292725
0.8977661 -0.29144287 -0.028442383 -0.3289795
0.8934326 -0.28930664 -0.009399414 -0.34344482
0.8890381 -0.2878418 0.008850098 -0.35595703
0.8847656 -0.286438 0.025634766 -0.36676025
0.880249 -0.2857666 0.040527344 -0.3765869
0.8759155 -0.28527832 0.05267334 -0.38555908
0.8718872 -0.2852173 0.061828613 -0.39318848
0.8689575 -0.28515625 0.06738281 -0.39886475
0.8670044 -0.28588867 0.06976318 -0.4020996
0.866272 -0.28741455 0.068847656 -0.402771
0.8664551 -0.29003906 0.064941406 -0.40112305
0.86743164 -0.29364014 0.05834961 -0.3973999
0.86901855 -0.29840088 0.049438477 -0.39160156
0.87091064 -0.30426025 0.03845215 -0.3840332
0.87298584 -0.31097412 0.025634766 -0.3748169
0.87506104 -0.31848145 0.011169434 -0.3642578
0.87664795 -0.3270874 -0.0045776367 -0.35284424
0.87750244 -0.3366089 -0.02130127 -0.34094238
0.87768555 -0.3463745 -0.03918457 -0.32885742
0.87731934 -0.35583496 -0.057922363 -0.3168335
0.8764038 -0.3647461 -0.07733154 -0.30474854
0.8751221 -0.37280273 -0.09692383 -0.29284668
0.8734131 -0.380188 -0.11627197 -0.28125
0.87127686 -0.38690186 -0.1350708 -0.27008057
0.8687134 -0.39300537 -0.15319824 -0.25964355
0.86572266 -0.3984375 -0.17059326 -0.25024414
0.86260986 -0.40289307 -0.18719482 -0.24194336
0.8595581 -0.40600586 -0.203125 -0.23468018
0.8557129 -0.4099121 -0.2175293 -0.22888184
0.8517456 -0.4133911 -0.23083496 -0.22436523
0.8477783 -0.4163208 -0.24298096 -0.22113037
0.84399414 -0.418396 -0.25402832 -0.21929932
0.84051514 -0.4194336 -0.26416016 -0.21868896
0.83636475 -0.42156982 -0.2722168 -0.22058105
0.83239746 -0.42333984 -0.27838135 -0.22454834
0.8286743 -0.42456055 -0.28289795 -0.23034668
0.8251343 -0.425354 -0.2857666 -0.237854
0.82147217 -0.4262085 -0.28649902 -0.24780273
0.817749 -0.42694092 -0.28515625 -0.26019287
0.8138428 -0.4272461 -0.28198242 -0.27496338
0.80999756 -0.42651367 -0.27716064 -0.29193115
0.8060913 -0.42443848 -0.270813 -0.31097412
0.80218506 -0.4212036 -0.26281738 -0.33166504
0.79803467 -0.4171753 -0.2529297 -0.35369873
0.79364014 -0.41253662 -0.24102783 -0.37664795
0.7890625 -0.4071045 -0.22753906 -0.39990234
0.78448486 -0.4006958 -0.21270752 -0.4229126
0.77978516 -0.39367676 -0.19622803 -0.4454956
0.77490234 -0.38659668 -0.17913818 -0.4668579
0.7698364 -0.37976074 -0.1619873 -0.48675537
0.7647095 -0.3729248 -0.1451416 -0.5050659
0.7595825 -0.366333 -0.12927246 -0.5216675
0.7548218 -0.35906982 -0.115478516 -0.53656006
0.7503052 -0.35235596 -0.10369873 -0.5496216
0.7463379 -0.3461914 -0.09442139 -0.5605469
0.743103 -0.34088135 -0.08770752 -0.56915283
0.7404785 -0.3369751 -0.08337402 -0.5755005
0.73846436 -0.3347168 -0.08081055 -0.57977295
0.73706055 -0.33380127 -0.07989502 -0.5821533
0.73638916 -0.33380127 -0.080566406 -0.5829468
0.73638916 -0.33410645 -0.0826416 -0.5824585
