0.9711304 -0.18066406 0.077819824 -0.1350708
0.97106934 -0.17797852 0.08312988 -0.13586426
0.9708252 -0.17614746 0.088378906 -0.13659668
0.970459 -0.17510986 0.093444824 -0.13726807
0.96990967 -0.17468262 0.09814453 -0.13812256
0.96936035 -0.17456055 0.10241699 -0.13922119
0.96868896 -0.17492676 0.10620117 -0.1408081
0.9678345 -0.17602539 0.109436035 -0.14276123
0.9667969 -0.17797852 0.11199951 -0.1451416
0.9657593 -0.18048096 0.113586426 -0.14776611
0.9649048 -0.18292236 0.1138916 -0.15026855
0.9642334 -0.1852417 0.1126709 -0.15246582
0.9639282 -0.18682861 0.10961914 -0.15447998
0.96398926 -0.18859863 0.10479736 -0.15563965
0.9642334 -0.1906128 0.09814453 -0.15576172
0.9647217 -0.19311523 0.08972168 -0.15490723
0.965271 -0.19598389 0.07946777 -0.15319824
0.9659424 -0.19940186 0.06726074 -0.1505127
0.96655273 -0.20349121 0.05303955 -0.14678955
0.96698 -0.20843506 0.0368042 -0.1418457
0.96728516 -0.21368408 0.018554688 -0.13574219
0.9673462 -0.2185669 -0.0013427734 -0.12841797
0.9672241 -0.22271729 -0.022583008 -0.11999512
0.9666748 -0.22650146 -0.044677734 -0.1105957
0.9655762 -0.23028564 -0.06732178 -0.10040283
0.9638672 -0.2341919 -0.090270996 -0.08935547
0.9614258 -0.23840332 -0.11328125 -0.07745361
0.95825195 -0.24298096 -0.13616943 -0.064575195
0.95440674 -0.24768066 -0.15881348 -0.05078125
0.94976807 -0.25268555 -0.18115234 -0.036499023
0.944458 -0.25738525 -0.20300293 -0.022033691
0.9387207 -0.2614746 -0.22436523 -0.007385254
0.93255615 -0.26501465 -0.24499512 0.0071411133
0.92614746 -0.2678833 -0.2645874 0.021484375
0.91955566 -0.27044678 -0.28289795 0.03540039
0.9130249 -0.27252197 -0.29956055 0.04840088
0.9064331 -0.2756958 -0.3143921 0.059753418
0.9001465 -0.27886963 -0.3272705 0.06945801
0.8946533 -0.28131104 -0.33825684 0.07751465
0.8895874 -0.284729 -0.34716797 0.083496094
0.885376 -0.28808594 -0.354187 0.087524414
0.88220215 -0.29083252 -0.35931396 0.089782715
0.880188 -0.2923584 -0.362854 0.09008789
0.8793335 -0.29315186 -0.36468506 0.08856201
0.8792114 -0.29412842 -0.3651123 0.08465576
0.8800659 -0.29449463 -0.36401367 0.07867432
0.8817749 -0.29455566 -0.36151123 0.07086182
0.8842163 -0.29431152 -0.3574829 0.061157227
0.8873291 -0.29370117 -0.35205078 0.049804688
0.8909912 -0.2925415 -0.34527588 0.036987305
0.89501953 -0.2909546 -0.33728027 0.022888184
0.9038086 -0.2868042 -0.31756592 -0.008605957
0.9083252 -0.28405762 -0.3059082 -0.0256958
0.9083252 -0.28405762 -0.3059082 -0.0256958
0.91296387 -0.2805786 -0.2930298 -0.043395996
0.9222412 -0.2718506 -0.26293945 -0.0803833
0.9222412 -0.2718506 -0.26293945 -0.0803833
0.9265137 -0.26678467 -0.24603271 -0.099121094
0.930542 -0.26104736 -0.22839355 -0.11767578
0.93395996 -0.25482178 -0.21044922 -0.13580322
0.9368286 -0.24865723 -0.19238281 -0.15332031
0.93914795 -0.24243164 -0.17425537 -0.17004395
0.9407959 -0.23657227 -0.15600586 -0.18585205
0.94177246 -0.2321167 -0.1375122 -0.20062256
0.9420166 -0.22906494 -0.119140625 -0.2144165
0.94158936 -0.22662354 -0.101867676 -0.22723389
0.94073486 -0.22509766 -0.0881958 -0.23797607
0.93951416 -0.22351074 -0.074523926 -0.24865723
0.9379883 -0.2220459 -0.06341553 -0.258667
0.93652344 -0.22192383 -0.057434082 -0.26531982
0.93499756 -0.22174072 -0.0513916 -0.27191162
0.93414307 -0.22271729 -0.05126953 -0.27423096
0.9335327 -0.2243042 -0.054138184 -0.27441406
0.93310547 -0.2265625 -0.05987549 -0.27270508
0.9328003 -0.22961426 -0.068115234 -0.26916504
0.9324341 -0.23382568 -0.07849121 -0.26397705
0.9319458 -0.23901367 -0.09057617 -0.25726318
0.93115234 -0.24511719 -0.10394287 -0.24914551
0.9300537 -0.25201416 -0.1182251 -0.23986816
0.92858887 -0.25915527 -0.13360596 -0.2296753
0.9267578 -0.2662964 -0.14971924 -0.21862793
0.92456055 -0.2732544 -0.16625977 -0.20709229
0.921875 -0.28027344 -0.1829834 -0.1951294
0.9187012 -0.28735352 -0.19976807 -0.18310547
0.91503906 -0.29400635 -0.21673584 -0.17126465
0.91082764 -0.3001709 -0.23406982 -0.15960693
0.9061279 -0.30603027 -0.25164795 -0.14807129
0.90075684 -0.3116455 -0.26965332 -0.13690186
0.89471436 -0.31726074 -0.28808594 -0.12609863
0.8876953 -0.32318115 -0.30688477 -0.11566162
0.8800049 -0.32904053 -0.32592773 -0.105529785
0.8718872 -0.3340454 -0.34503174 -0.095703125
0.8638916 -0.3378296 -0.36358643 -0.085876465
0.8557739 -0.34118652 -0.38128662 -0.07647705
0.8475342 -0.3447876 -0.3977661 -0.067871094
0.8395386 -0.34777832 -0.4130249 -0.059936523
0.8317261 -0.35083008 -0.42694092 -0.05316162
0.82440186 -0.35339355 -0.43951416 -0.04748535
0.81781006 -0.35528564 -0.4506836 -0.04321289
0.81188965 -0.35687256 -0.4602661 -0.040649414
0.807312 -0.3571167 -0.46813965 -0.039245605
0.80322266 -0.35839844 -0.47399902 -0.041137695
0.8001709 -0.35949707 -0.47784424 -0.046081543
0.7982788 -0.36016846 -0.4796753 -0.05407715
0.7975464 -0.36016846 -0.47955322 -0.064697266
0.79803467 -0.3591919 -0.4776001 -0.07751465
0.7996826 -0.35681152 -0.47399902 -0.09234619
0.802124 -0.35321045 -0.46905518 -0.108947754
0.8051758 -0.34851074 -0.46264648 -0.12719727
0.80859375 -0.34301758 -0.45495605 -0.14672852
0.8119507 -0.33728027 -0.44592285 -0.16760254
0.81536865 -0.33093262 -0.43579102 -0.18908691
0.81866455 -0.32366943 -0.4249878 -0.2107544
0.8216553 -0.31573486 -0.4136963 -0.23248291
0.8243408 -0.3069458 -0.40222168 -0.2538452
0.8267212 -0.29748535 -0.39056396 -0.2748413
0.82855225 -0.2876587 -0.37878418 -0.29541016
0.82995605 -0.27746582 -0.36706543 -0.31530762
0.83081055 -0.26690674 -0.35583496 -0.3345337
0.8311157 -0.2565918 -0.3451538 -0.3526001
0.8309326 -0.24645996 -0.3352661 -0.36932373
0.8303833 -0.23608398 -0.32684326 -0.38458252
0.82940674 -0.22680664 -0.31939697 -0.39831543
0.8280029 -0.21923828 -0.31280518 -0.41046143
0.826416 -0.21325684 -0.30737305 -0.4208374
0.82470703 -0.2088623 -0.30297852 -0.42938232
0.8232422 -0.20605469 -0.29956055 -0.43597412
0.8218384 -0.20458984 -0.2970581 -0.440979
0.8204956 -0.2043457 -0.29541016 -0.44470215
0.81915283 -0.20501709 -0.29455566 -0.44744873
0.817749 -0.20617676 -0.2946167 -0.4494629
0.8163452 -0.20739746 -0.29553223 -0.45074463
0.8150635 -0.20880127 -0.29699707 -0.4515381
0.81378174 -0.21026611 -0.29882812 -0.4519043
0.8126831 -0.21173096 -0.30090332 -0.4519043
0.8116455 -0.21313477 -0.30303955 -0.45159912
0.810791 -0.21453857 -0.30523682 -0.45098877
0.8100586 -0.2163086 -0.30718994 -0.45013428
