356.4375 56.125 -59.875
356.75 55.5625 -58.8125
357 54.9375 -57.75
357.375 54.3125 -56.6875
357.6875 53.75 -55.75
358.125 53.25 -54.9375
358.625 52.875 -54.25
359.25 52.5625 -53.6875
359.9375 52.3125 -53.25
0.5625 52.1875 -53
1.125 52.125 -52.9375
1.5625 52.25 -53.125
1.75 52.375 -53.5
1.75 52.6875 -54.3125
1.5 53 -55.5625
0.9375 53.4375 -57.3125
359 54.3125 -62.375
359 54.3125 -62.375
357.625 54.625 -65.75
356 54.75 -69.5625
354.1875 54.8125 -73.75
352.0625 54.5625 -78.25
349.6875 54 -83
347 53.125 -87.8125
344.0625 51.9375 -92.5
340.9375 50.4375 -97
337.6875 48.6875 -101.1875
334.3125 46.8125 -105
328.1875 44.8125 -108.3125
327.5625 42.875 -111
327.0625 41 -113.625
326.5 39.375 -115.6875
325.9375 37.875 -117.3125
325.4375 36.625 -118.8125
325.125 35.75 -120
324.9375 35.3125 -121
324.75 35.25 -121.6875
324.625 35.5 -122.1875
324.5625 36.1875 -122.625
324.5 37.1875 -123
324.375 38.5 -123.125
324.25 40 -123.125
324.0625 41.8125 -123
323.8125 43.875 -122.75
335.375 46.0625 -122.375
339.25 48.4375 -121.75
343.25 50.9375 -120.75
347.1875 53.625 -119.375
351 56.3125 -117.4375
354.625 59 -114.875
358.1875 61.6875 -111.4375
1.375 64.0625 -107.3125
4.375 66.1875 -102.5625
7.125 67.875 -97.125
9.375 69.125 -91.1875
11.4375 69.9375 -85.5
13.125 70.5 -80.375
14.6875 70.875 -76.5
16 71.125 -74.4375
16.8125 71.3125 -74
16.9375 71.375 -75.375
16.6875 71.375 -78.5
16 71.125 -83.1875
15.0625 70.625 -89
13.9375 69.8125 -95.4375
12.5625 68.6875 -102.0625
10.9375 67.25 -108.5625
9.125 65.4375 -114.5625
7.125 63.375 -119.9375
4.9375 61.0625 -124.625
2.625 58.5625 -128.75
0.25 56 -132.3125
357.8125 53.375 -135.375
355.375 50.8125 -138
352 48.375 -139.75
348.1875 45.9375 -140.9375
320.4375 43.8125 -142.8125
320 41.9375 -144.5
319.4375 40.375 -146.0625
318.75 39.0625 -147.4375
318 38.125 -148.6875
317.25 37.5625 -149.875
316.4375 37.5 -151.1875
315.625 37.8125 -152.5625
314.8125 38.5 -153.875
314 39.5625 -155.1875
313.125 40.9375 -156.4375
312.125 42.625 -157.6875
311.1875 44.5625 -158.875
4.9375 46.75 -160.25
8.75 49 -161.75
12.5625 51.5 -163.5
16.25 54.0625 -165.4375
19.6875 56.6875 -167.6875
23.125 59.3125 -170.3125
26.375 61.9375 -173.5
29.375 64.5625 -177.3125
32.125 67.1875 178.125
34.6875 69.625 172.6875
36.875 71.75 166.25
38.5625 73.5 159.1875
40.0625 74.875 151.3125
41.125 75.875 143.4375
42 76.5 135.8125
42.6875 76.875 129
43.1875 77 123.375
43.5 77.0625 119.1875
43.75 77 116.3125
43.875 77 114.6875
43.875 77 114.125
43.875 76.9375 114.5
43.8125 76.9375 115.625
43.6875 76.9375 117.4375
43.5 77 119.75
43.375 77 122.5
43.1875 76.9375 125.5
