8.09 -4.74 2.86
8.03 -4.76 3
7.96 -4.77 3.13
7.91 -4.79 3.25
7.86 -4.8 3.36
7.82 -4.8 3.45
7.78 -4.8 3.52
7.76 -4.8 3.58
7.74 -4.8 3.61
7.74 -4.8 3.62
7.75 -4.8 3.6
7.77 -4.8 3.55
7.8 -4.83 3.46
7.83 -4.86 3.32
7.88 -4.91 3.14
7.92 -4.98 2.92
7.96 -5.07 2.64
7.99 -5.17 2.32
8.01 -5.29 1.97
8.01 -5.42 1.57
7.99 -5.56 1.15
7.93 -5.71 0.69
7.84 -5.87 0.22
7.72 -6.03 -0.26
7.56 -6.19 -0.76
7.37 -6.34 -1.25
7.15 -6.48 -1.73
6.91 -6.59 -2.18
6.67 -6.7 -2.58
6.44 -6.77 -2.96
6.22 -6.82 -3.28
6.02 -6.87 -3.55
5.85 -6.89 -3.79
5.73 -6.88 -3.97
5.66 -6.85 -4.12
5.66 -6.81 -4.21
5.7 -6.74 -4.25
5.79 -6.65 -4.27
5.93 -6.54 -4.25
6.1 -6.42 -4.19
6.31 -6.28 -4.1
6.54 -6.12 -3.98
6.79 -5.94 -3.82
7.06 -5.73 -3.64
7.34 -5.52 -3.42
7.62 -5.3 -3.15
7.89 -5.06 -2.85
8.16 -4.82 -2.5
8.4 -4.57 -2.12
8.63 -4.32 -1.7
8.82 -4.08 -1.27
8.97 -3.86 -0.86
9.08 -3.66 -0.45
9.16 -3.49 -0.07
9.21 -3.34 0.26
9.24 -3.21 0.54
9.26 -3.11 0.74
9.28 -3.05 0.84
9.29 -3.01 0.86
9.29 -3.02 0.78
9.29 -3.06 0.62
9.28 -3.14 0.37
9.25 -3.25 0.05
9.2 -3.36 -0.32
9.13 -3.47 -0.74
9.04 -3.59 -1.2
8.92 -3.7 -1.69
8.76 -3.8 -2.19
8.58 -3.9 -2.69
8.36 -3.98 -3.2
8.13 -4.05 -3.69
7.87 -4.1 -4.16
7.6 -4.13 -4.6
7.33 -4.2 -4.97
7.05 -4.29 -5.29
6.79 -4.26 -5.63
6.56 -4.22 -5.93
6.35 -4.16 -6.19
6.18 -4.09 -6.41
6.05 -4 -6.59
5.98 -3.89 -6.72
5.97 -3.74 -6.81
6.01 -3.56 -6.87
6.1 -3.37 -6.89
6.24 -3.16 -6.86
6.42 -2.95 -6.79
6.64 -2.73 -6.67
6.88 -2.51 -6.51
7.14 -2.26 -6.32
7.4 -2 -6.1
7.67 -1.73 -5.85
7.94 -1.44 -5.57
8.19 -1.14 -5.26
8.43 -0.83 -4.92
8.65 -0.51 -4.57
8.85 -0.19 -4.2
9.04 0.12 -3.79
9.19 0.43 -3.38
9.31 0.72 -2.98
9.4 0.98 -2.59
9.46 1.22 -2.23
9.51 1.42 -1.91
9.53 1.59 -1.63
9.55 1.72 -1.4
9.55 1.83 -1.21
9.55 1.91 -1.07
9.55 1.96 -0.97
9.55 1.99 -0.91
9.55 2.01 -0.9
9.55 2 -0.91
9.55 1.99 -0.95
9.55 1.95 -1.01
9.55 1.91 -1.09
9.55 1.85 -1.18
9.55 1.79 -1.28
9.55 1.73 -1.39
