0.54785156 0.1720581 -0.5751343 0.5826416
0.552124 0.1665039 -0.5709839 0.58428955
0.5565796 0.16046143 -0.5666504 0.5859375
0.5610962 0.15447998 -0.5623779 0.58740234
0.56555176 0.14880371 -0.55841064 0.5883789
0.57006836 0.14343262 -0.55493164 0.58862305
0.57476807 0.1385498 -0.5519409 0.58807373
0.5794678 0.1338501 -0.54974365 0.5866089
0.58392334 0.1295166 -0.5482788 0.5845337
0.5878906 0.12573242 -0.5476074 0.58203125
0.5910034 0.1227417 -0.54797363 0.57910156
0.59277344 0.121032715 -0.5492554 0.57647705
0.5927124 0.12072754 -0.5515137 0.5743408
0.59069824 0.12145996 -0.555603 0.57244873
0.5863037 0.12359619 -0.5612793 0.5708618
0.57958984 0.12677002 -0.5687256 0.5696411
0.5587158 0.13598633 -0.5886841 0.56817627
0.5587158 0.13598633 -0.5886841 0.56817627
0.5447998 0.14147949 -0.6010132 0.56744385
0.5288086 0.14764404 -0.614563 0.5664673
0.51086426 0.15441895 -0.62908936 0.5651245
0.4909668 0.16168213 -0.64434814 0.56359863
0.4691162 0.16925049 -0.6600952 0.5617676
0.44537354 0.17687988 -0.67626953 0.55944824
0.4202881 0.18457031 -0.6925049 0.55651855
0.3942871 0.1921997 -0.7084961 0.55285645
0.3678589 0.19970703 -0.723999 0.5482788
0.3414917 0.20690918 -0.73876953 0.54296875
0.31585693 0.21417236 -0.7520752 0.53741455
0.2911377 0.22174072 -0.7631836 0.53253174
0.26916504 0.22845459 -0.77404785 0.52563477
0.24908447 0.23529053 -0.7824707 0.51989746
0.23132324 0.24169922 -0.7891846 0.51501465
0.21710205 0.24719238 -0.795166 0.5093994
0.20721436 0.25097656 -0.79992676 0.5041504
0.20227051 0.25360107 -0.8036499 0.49890137
0.20117188 0.25561523 -0.80584717 0.49475098
0.20385742 0.25701904 -0.80682373 0.491333
0.21026611 0.25775146 -0.8071289 0.48779297
0.2199707 0.25805664 -0.8064575 0.48443604
0.2322998 0.25823975 -0.80462646 0.48156738
0.24694824 0.25836182 -0.80163574 0.479187
0.26367188 0.2584839 -0.79766846 0.47680664
0.28234863 0.2588501 -0.79260254 0.47436523
0.30273438 0.2590332 -0.7866211 0.4716797
0.3244629 0.25897217 -0.7793579 0.46929932
0.3474121 0.2584839 -0.770874 0.46710205
0.371521 0.2576294 -0.76104736 0.46520996
0.3963623 0.25653076 -0.74975586 0.46368408
0.42138672 0.25524902 -0.73706055 0.46258545
0.44732666 0.25299072 -0.7230835 0.46154785
0.4720459 0.25006104 -0.7089844 0.46038818
0.49554443 0.24627686 -0.6951294 0.4588623
0.51763916 0.2411499 -0.6820679 0.4567871
0.5372925 0.23608398 -0.66937256 0.45550537
0.5548096 0.23059082 -0.65844727 0.4533081
0.56921387 0.22625732 -0.6488037 0.45147705
0.5807495 0.22180176 -0.64245605 0.44805908
0.58880615 0.21759033 -0.6397705 0.4434204
0.5922241 0.21533203 -0.6400757 0.4395752
0.5907593 0.21520996 -0.6430664 0.43719482
0.58496094 0.21594238 -0.64941406 0.43530273
0.5755005 0.21722412 -0.6586304 0.43341064
0.56292725 0.21905518 -0.67022705 0.43121338
0.5477905 0.22155762 -0.68359375 0.42840576
0.5303955 0.22503662 -0.69818115 0.4249878
0.51086426 0.2296753 -0.7133179 0.42126465
0.48968506 0.23516846 -0.72869873 0.4169922
0.46722412 0.24127197 -0.74401855 0.41223145
0.44378662 0.24768066 -0.75909424 0.40673828
0.4197998 0.25445557 -0.7736206 0.40063477
0.39569092 0.2614746 -0.7873535 0.39385986
0.3720703 0.26867676 -0.8000488 0.3864746
0.34924316 0.2758789 -0.81152344 0.37860107
0.32574463 0.28479004 -0.8199463 0.37469482
0.30267334 0.29364014 -0.82684326 0.37219238
0.28460693 0.29992676 -0.835083 0.362854
0.2685547 0.30639648 -0.84191895 0.3538208
0.25476074 0.31311035 -0.8473511 0.34503174
0.24365234 0.32006836 -0.8513794 0.33666992
0.23547363 0.32739258 -0.85375977 0.32928467
0.23065186 0.3345337 -0.85491943 0.32244873
0.23040771 0.3414917 -0.85498047 0.3151245
0.23358154 0.34820557 -0.8539429 0.3081665
0.24017334 0.35437012 -0.8518677 0.30169678
0.24969482 0.36016846 -0.8486328 0.2962036
0.26171875 0.36584473 -0.8440552 0.2919922
0.27618408 0.371521 -0.8380127 0.28894043
0.2925415 0.37683105 -0.83081055 0.28674316
0.31054688 0.38189697 -0.8225708 0.284729
0.32983398 0.38684082 -0.8133545 0.2828369
0.3503418 0.3916626 -0.8031616 0.28076172
0.3717041 0.39611816 -0.79193115 0.2788086
0.39367676 0.40020752 -0.7798462 0.27697754
0.41625977 0.40368652 -0.7670288 0.2746582
0.4389038 0.40704346 -0.75341797 0.2722168
0.46166992 0.4099121 -0.7390137 0.26965332
0.48461914 0.4124756 -0.7234497 0.2677002
0.5070801 0.41412354 -0.7077637 0.26550293
0.527771 0.41577148 -0.6921997 0.26348877
0.5461426 0.4179077 -0.6766968 0.26306152
0.56311035 0.41900635 -0.6622925 0.262146
0.5773926 0.42034912 -0.6489258 0.26226807
0.5895996 0.4212036 -0.63726807 0.26245117
0.59973145 0.42163086 -0.6274414 0.2625122
0.607605 0.42199707 -0.6194458 0.26275635
0.61328125 0.42242432 -0.6133423 0.2631836
0.61712646 0.4227295 -0.6090698 0.26348877
0.61932373 0.4229126 -0.60668945 0.26367188
0.62005615 0.42303467 -0.60583496 0.26367188
0.61950684 0.42321777 -0.60632324 0.26348877
0.61798096 0.42333984 -0.6079712 0.26324463
0.6154785 0.42333984 -0.61053467 0.26312256
0.61242676 0.4229126 -0.6140137 0.26287842
0.6088867 0.42199707 -0.61828613 0.26239014
0.6050415 0.42077637 -0.62316895 0.26171875
