0.8932495 -0.16815186 -0.4126587 0.059448242
0.8978882 -0.16784668 -0.4039917 0.049621582
0.8978882 -0.16784668 -0.4039917 0.049621582
0.9008789 -0.16638184 -0.39849854 0.04345703
0.9042969 -0.16412354 -0.39239502 0.036254883
0.90802 -0.16143799 -0.38555908 0.027954102
0.91186523 -0.1585083 -0.37817383 0.018432617
0.91589355 -0.15539551 -0.37005615 0.0079956055
0.92004395 -0.15209961 -0.36108398 -0.0030517578
0.9243164 -0.14880371 -0.35107422 -0.014526367
0.92871094 -0.1453247 -0.3400879 -0.026184082
0.93310547 -0.14202881 -0.328125 -0.038024902
0.93743896 -0.13909912 -0.3151245 -0.050048828
0.94177246 -0.13641357 -0.3010254 -0.06188965
0.94610596 -0.13348389 -0.2857666 -0.07342529
0.95043945 -0.13006592 -0.26940918 -0.08465576
0.95458984 -0.12597656 -0.25250244 -0.095703125
0.95843506 -0.12042236 -0.23553467 -0.10656738
0.96203613 -0.113342285 -0.21881104 -0.117248535
0.96520996 -0.10559082 -0.20214844 -0.12805176
0.96777344 -0.09814453 -0.18560791 -0.13897705
0.9697876 -0.09136963 -0.16925049 -0.14996338
0.9713745 -0.0848999 -0.1531372 -0.16064453
0.9725342 -0.078186035 -0.13769531 -0.17071533
0.97332764 -0.0715332 -0.123046875 -0.18005371
0.9738159 -0.06506348 -0.10925293 -0.18841553
0.97406006 -0.05847168 -0.09655762 -0.19604492
0.97406006 -0.052124023 -0.08508301 -0.20318604
0.97369385 -0.046447754 -0.07501221 -0.21002197
0.9730835 -0.04156494 -0.06628418 -0.21661377
0.97229004 -0.03765869 -0.05895996 -0.22296143
0.97143555 -0.034362793 -0.05303955 -0.22875977
0.97058105 -0.03173828 -0.048217773 -0.23376465
0.9697876 -0.029663086 -0.044433594 -0.23791504
0.9691162 -0.028137207 -0.041503906 -0.24133301
0.96850586 -0.026855469 -0.03930664 -0.24432373
0.9678955 -0.025817871 -0.03778076 -0.24713135
0.9672241 -0.025024414 -0.03704834 -0.24993896
0.9664917 -0.024536133 -0.03692627 -0.25280762
0.96569824 -0.024169922 -0.037475586 -0.2557373
0.96484375 -0.02368164 -0.03869629 -0.25878906
0.96398926 -0.023010254 -0.04058838 -0.26190186
0.9630127 -0.022094727 -0.04321289 -0.26507568
0.96191406 -0.020751953 -0.046691895 -0.26843262
0.9607544 -0.019348145 -0.050964355 -0.2720337
0.9594116 -0.018371582 -0.055786133 -0.27593994
0.9578247 -0.0178833 -0.06109619 -0.28015137
0.9560547 -0.01763916 -0.06689453 -0.2849121
0.9539795 -0.01739502 -0.07330322 -0.29016113
0.95166016 -0.017028809 -0.080444336 -0.29589844
0.94903564 -0.016601562 -0.0881958 -0.30212402
0.94610596 -0.016296387 -0.09643555 -0.30877686
0.9429321 -0.01586914 -0.10510254 -0.3156128
0.9394531 -0.01550293 -0.11419678 -0.32263184
0.935791 -0.01574707 -0.12359619 -0.32983398
0.93188477 -0.016418457 -0.13311768 -0.3369751
0.92785645 -0.01739502 -0.14276123 -0.34405518
0.9238281 -0.018371582 -0.15234375 -0.35076904
0.91973877 -0.019348145 -0.16174316 -0.35705566
0.91589355 -0.020507812 -0.17047119 -0.36291504
0.9121704 -0.02178955 -0.17840576 -0.36834717
0.90856934 -0.023254395 -0.1854248 -0.3735962
0.9052124 -0.024597168 -0.19146729 -0.37854004
0.90216064 -0.025390625 -0.19671631 -0.3831787
0.899292 -0.026000977 -0.2010498 -0.3875122
0.8967285 -0.026306152 -0.20465088 -0.39154053
0.8942871 -0.026489258 -0.20776367 -0.39544678
0.8919678 -0.026611328 -0.21044922 -0.39923096
0.8897095 -0.026855469 -0.21276855 -0.4029541
0.8876343 -0.02722168 -0.21478271 -0.40655518
0.8855591 -0.027526855 -0.21661377 -0.40997314
0.88360596 -0.027770996 -0.21832275 -0.41326904
0.8817749 -0.028015137 -0.2199707 -0.4163208
0.8800049 -0.028503418 -0.22143555 -0.41918945
0.87841797 -0.029052734 -0.22277832 -0.42181396
0.8769531 -0.029724121 -0.22399902 -0.42419434
0.8757324 -0.030395508 -0.22491455 -0.42614746
0.8748169 -0.03112793 -0.2255249 -0.4276123
0.8743286 -0.03161621 -0.22576904 -0.4284668
