279.75 13.625 -91.3125
280.125 13.625 -91.25
280.5 13.625 -91.375
280.9375 13.6875 -91.5
281.4375 13.6875 -91.6875
281.9375 13.6875 -91.875
282.375 13.6875 -92.0625
282.8125 13.75 -92.3125
283.0625 13.875 -92.5625
283.1875 14.0625 -92.8125
283.125 14.25 -93
282.875 14.3125 -93.25
282.5625 14.25 -93.5
282.1875 13.9375 -93.8125
281.75 13.5625 -94.1875
281.125 13 -94.625
280.3125 12.375 -95.125
279.3125 11.625 -95.6875
278.1875 10.6875 -96.1875
276.9375 9.625 -96.75
275.5625 8.375 -97.25
274.125 7.0625 -97.75
272.5 5.625 -98.3125
270.75 4.25 -98.8125
268.8125 2.8125 -99.3125
266.875 1.4375 -99.75
264.8125 0.125 -100.1875
262.8125 -1 -100.375
260.875 -2.125 -100.5
259.125 -3 -100.8125
257.5 -3.6875 -100.9375
256.1875 -4 -101.375
255.125 -3.9375 -101.8125
254.375 -3.625 -102.375
253.875 -3 -103
253.625 -2.25 -103.625
253.75 -1.25 -104.3125
254.0625 -0.125 -105
254.5625 1.125 -105.6875
255.125 2.6875 -106.375
255.8125 4.5 -106.875
256.5625 6.375 -107.25
257.375 8.5 -107.5625
258.25 10.6875 -107.8125
259.25 13 -108
260.25 15.375 -108
261.25 17.625 -107.8125
262.25 19.875 -107.4375
263.25 21.9375 -107
264.0625 23.875 -106.5625
264.75 25.625 -105.9375
265.3125 27.0625 -105.375
265.75 28.125 -104.9375
266.0625 28.8125 -104.75
266.1875 29.125 -104.625
265.9375 29.125 -104.8125
265.5625 28.75 -105.1875
264.9375 28.125 -105.875
264.0625 27.1875 -106.75
263 26.125 -107.75
261.8125 24.875 -108.875
260.4375 23.5625 -110
258.9375 22.125 -111.1875
257.375 20.6875 -112.4375
255.6875 19.25 -113.625
253.9375 17.75 -114.75
252.1875 16.25 -115.8125
250.375 14.75 -116.8125
248.5625 13.25 -117.6875
246.75 11.8125 -118.5
244.9375 10.4375 -119.25
243.125 9.25 -119.9375
239.625 7.25 -121
239.625 7.25 -121
237.9375 6.5625 -121.75
236.3125 6.125 -122.4375
234.75 5.9375 -123.125
233.3125 6.0625 -123.875
232.0625 6.5625 -124.625
230.9375 7.4375 -125.625
230 8.625 -126.6875
229.1875 10.25 -127.75
228.5625 12.1875 -128.8125
228.0625 14.5 -129.75
227.6875 17.0625 -130.6875
227.4375 19.9375 -131.625
227.25 23 -132.4375
227.1875 26.1875 -133.25
227.25 29.5 -134
227.3125 32.8125 -134.875
227.375 36 -135.5
227.5 39.0625 -136.1875
227.625 41.9375 -136.625
227.625 44.5 -137
252.375 46.8125 -137
255.75 48.75 -136.9375
258.3125 50.3125 -136.6875
260.125 51.5625 -136.375
261.375 52.5 -136.0625
262.1875 53.0625 -135.8125
262.625 53.375 -135.75
262.6875 53.4375 -135.8125
262.5 53.3125 -136
262 53.0625 -136.1875
261.375 52.6875 -136.375
260.625 52.3125 -136.5
259.8125 51.875 -136.6875
259.0625 51.4375 -136.9375
258.3125 51 -137.125
257.625 50.625 -137.25
256.9375 50.25 -137.375
256.375 49.875 -137.5
255.75 49.5625 -137.5
255.25 49.3125 -137.4375
254.75 49.0625 -137.3125
