2.31 -9.52 -0.21
2.31 -9.52 -0.23
2.32 -9.52 -0.25
2.32 -9.52 -0.28
2.32 -9.52 -0.31
2.32 -9.51 -0.35
2.34 -9.51 -0.39
2.36 -9.5 -0.42
2.38 -9.49 -0.46
2.41 -9.49 -0.5
2.42 -9.48 -0.53
2.41 -9.48 -0.58
2.37 -9.49 -0.63
2.3 -9.5 -0.7
2.21 -9.52 -0.77
2.11 -9.53 -0.86
1.98 -9.55 -0.95
1.82 -9.57 -1.04
1.64 -9.6 -1.13
1.43 -9.62 -1.22
1.2 -9.64 -1.32
0.96 -9.65 -1.41
0.72 -9.66 -1.5
0.48 -9.66 -1.59
0.25 -9.65 -1.67
0.02 -9.65 -1.73
-0.17 -9.64 -1.77
-0.36 -9.63 -1.78
-0.51 -9.61 -1.83
-0.63 -9.6 -1.86
-0.68 -9.59 -1.92
-0.68 -9.57 -2.01
-0.62 -9.55 -2.1
-0.52 -9.54 -2.21
-0.38 -9.52 -2.31
-0.22 -9.49 -2.43
-0.02 -9.46 -2.54
0.2 -9.43 -2.66
0.46 -9.39 -2.76
0.77 -9.35 -2.84
1.09 -9.3 -2.89
1.45 -9.24 -2.93
1.82 -9.17 -2.95
2.21 -9.08 -2.95
2.6 -8.99 -2.92
2.97 -8.89 -2.85
3.33 -8.79 -2.76
3.67 -8.69 -2.66
3.97 -8.59 -2.55
4.24 -8.49 -2.43
4.46 -8.41 -2.32
4.62 -8.35 -2.23
4.73 -8.3 -2.18
4.78 -8.28 -2.17
4.77 -8.27 -2.18
4.72 -8.29 -2.25
4.62 -8.31 -2.37
4.48 -8.34 -2.52
4.32 -8.38 -2.69
4.13 -8.41 -2.88
3.92 -8.44 -3.08
3.7 -8.46 -3.29
3.47 -8.47 -3.5
3.23 -8.48 -3.7
2.99 -8.47 -3.91
2.75 -8.47 -4.09
2.5 -8.46 -4.27
2.25 -8.44 -4.44
2.01 -8.43 -4.58
1.78 -8.41 -4.71
1.57 -8.38 -4.83
1.39 -8.38 -4.89
1.24 -8.33 -5.01
1.12 -8.28 -5.13
1.05 -8.22 -5.23
1.02 -8.16 -5.33
1.04 -8.09 -5.43
1.12 -8.01 -5.54
1.27 -7.89 -5.67
1.47 -7.76 -5.79
1.75 -7.62 -5.91
2.07 -7.46 -6
2.45 -7.29 -6.07
2.88 -7.1 -6.11
3.34 -6.88 -6.12
3.83 -6.65 -6.09
4.32 -6.4 -6.03
4.83 -6.13 -5.93
5.31 -5.83 -5.81
5.77 -5.55 -5.65
6.18 -5.26 -5.49
6.55 -5 -5.3
6.87 -4.76 -5.11
7.15 -4.57 -4.91
7.37 -4.41 -4.72
7.55 -4.28 -4.55
7.68 -4.19 -4.4
7.78 -4.13 -4.29
7.84 -4.09 -4.22
7.87 -4.07 -4.19
7.87 -4.06 -4.19
7.86 -4.06 -4.21
7.83 -4.07 -4.25
7.8 -4.09 -4.3
7.76 -4.12 -4.35
7.71 -4.14 -4.4
7.67 -4.16 -4.46
7.62 -4.19 -4.51
7.58 -4.21 -4.56
7.54 -4.24 -4.61
7.5 -4.26 -4.65
7.46 -4.29 -4.68
7.43 -4.32 -4.71
7.41 -4.35 -4.72
7.38 -4.38 -4.73
