0.31134033 -0.4605713 0.546875 -0.62597656
0.30932617 -0.45874023 0.5482788 -0.6270752
0.30670166 -0.45715332 0.55023193 -0.62786865
0.30371094 -0.45562744 0.55267334 -0.6282959
0.3005371 -0.4539795 0.5553589 -0.6286621
0.2972412 -0.4522705 0.5581665 -0.62890625
0.29382324 -0.45080566 0.5609741 -0.62908936
0.28674316 -0.4491577 0.5657959 -0.6292114
0.28674316 -0.4491577 0.5657959 -0.6292114
0.2836914 -0.4494629 0.5673218 -0.6289673
0.28173828 -0.45062256 0.5680542 -0.62841797
0.28149414 -0.45251465 0.56811523 -0.6270752
0.2833252 -0.4550171 0.56811523 -0.6244507
0.28735352 -0.45806885 0.5680542 -0.62042236
0.29327393 -0.46185303 0.5679321 -0.6149292
0.30090332 -0.46661377 0.56744385 -0.6080322
0.3102417 -0.47247314 0.56640625 -0.59973145
0.32165527 -0.47924805 0.56469727 -0.5899048
0.335083 -0.4868164 0.56225586 -0.5784302
0.35028076 -0.49505615 0.5593872 -0.5650635
0.3670044 -0.5037842 0.55578613 -0.55010986
0.3847046 -0.5130615 0.5515137 -0.5335083
0.40270996 -0.5229492 0.5465088 -0.5154419
0.4208374 -0.53344727 0.5405884 -0.4961548
0.43859863 -0.5443115 0.5336914 -0.47595215
0.45581055 -0.5554199 0.526001 -0.45507812
0.47210693 -0.56640625 0.5175781 -0.43408203
0.48773193 -0.576355 0.5083008 -0.4142456
0.50201416 -0.585083 0.49884033 -0.3959961
0.5124512 -0.5940552 0.49084473 -0.37890625
0.52130127 -0.6015625 0.48303223 -0.36480713
0.5253296 -0.6086426 0.47747803 -0.35443115
0.52557373 -0.61517334 0.4734497 -0.3480835
0.5227661 -0.6207886 0.47106934 -0.34552002
0.51708984 -0.62561035 0.47039795 -0.34625244
0.5092163 -0.6292114 0.4713745 -0.35009766
0.49902344 -0.6317749 0.47406006 -0.3564453
0.4866333 -0.6334839 0.4781494 -0.36505127
0.47235107 -0.6343384 0.48303223 -0.37579346
0.4560547 -0.63446045 0.4882202 -0.38867188
0.43841553 -0.633667 0.49346924 -0.40344238
0.41949463 -0.6317749 0.4985962 -0.4197998
0.39904785 -0.6289673 0.5038452 -0.43737793
0.37695312 -0.6254883 0.50909424 -0.45550537
0.35284424 -0.62127686 0.5145874 -0.47399902
0.32873535 -0.6159668 0.5194092 -0.49273682
0.30511475 -0.6096802 0.5234375 -0.51104736
0.28198242 -0.60284424 0.52685547 -0.5286255
0.2597046 -0.59594727 0.52960205 -0.54486084
0.23858643 -0.58947754 0.5317993 -0.55926514
0.22045898 -0.58343506 0.53240967 -0.5722656
0.20501709 -0.5783081 0.53289795 -0.58270264
0.1932373 -0.5741577 0.53326416 -0.5904541
0.18511963 -0.57141113 0.53393555 -0.59503174
0.18151855 -0.5706177 0.5338745 -0.59698486
0.18231201 -0.5720215 0.5333252 -0.59594727
0.18682861 -0.57562256 0.53271484 -0.59155273
0.19464111 -0.5812988 0.5321045 -0.5840454
0.2052002 -0.5887451 0.53100586 -0.57385254
0.21777344 -0.5977173 0.5291748 -0.56152344
0.23150635 -0.6078491 0.5267334 -0.5472412
0.24597168 -0.61883545 0.5236206 -0.5313721
0.26055908 -0.63061523 0.51971436 -0.51416016
0.27508545 -0.6428833 0.5149536 -0.4958496
0.28918457 -0.6553955 0.5095215 -0.47668457
0.30297852 -0.6679077 0.5032959 -0.4569702
0.3163452 -0.6802368 0.49621582 -0.43688965
0.32904053 -0.6923828 0.48864746 -0.41656494
0.34124756 -0.70410156 0.4804077 -0.39624023
0.35284424 -0.71520996 0.47155762 -0.37634277
0.37280273 -0.7359009 0.45257568 -0.338562
0.37280273 -0.7359009 0.45257568 -0.338562
0.38787842 -0.7541504 0.43237305 -0.30639648
0.39117432 -0.7633667 0.42297363 -0.29211426
0.39117432 -0.7633667 0.42297363 -0.29211426
0.3932495 -0.7718506 0.41351318 -0.28045654
0.39331055 -0.78015137 0.40423584 -0.27056885
0.39117432 -0.7877197 0.395813 -0.2642212
0.38623047 -0.7947998 0.3885498 -0.2611084
0.37780762 -0.80181885 0.3824463 -0.26098633
0.36663818 -0.8082886 0.3772583 -0.2644043
0.33789062 -0.8184204 0.36938477 -0.28204346
0.33789062 -0.8184204 0.36938477 -0.28204346
0.32073975 -0.82177734 0.36663818 -0.29559326
0.3015747 -0.82403564 0.36437988 -0.3118286
0.28063965 -0.82507324 0.36260986 -0.3302002
0.25823975 -0.82489014 0.36114502 -0.3499756
0.23461914 -0.8234253 0.35998535 -0.3706665
0.20959473 -0.8206787 0.35906982 -0.39190674
0.18341064 -0.81726074 0.3585205 -0.41210938
0.15875244 -0.81292725 0.3571167 -0.43170166
0.13415527 -0.80822754 0.35614014 -0.44940186
0.11212158 -0.8029785 0.3544922 -0.4658203
0.09240723 -0.7977905 0.352417 -0.4804077
0.076293945 -0.79260254 0.34973145 -0.49365234
0.06298828 -0.7876587 0.34710693 -0.50512695
0.052490234 -0.7831421 0.34472656 -0.51483154
0.044921875 -0.7793579 0.34259033 -0.5227051
0.03967285 -0.7764282 0.34094238 -0.52856445
0.036254883 -0.7744751 0.33996582 -0.53222656
0.034362793 -0.7736206 0.3394165 -0.53393555
0.033935547 -0.7738037 0.3390503 -0.5339966
0.03491211 -0.7747803 0.33850098 -0.5328369
0.03692627 -0.7763672 0.33770752 -0.53082275
0.039733887 -0.7783203 0.33685303 -0.5283203
0.043029785 -0.78045654 0.3359375 -0.52557373
0.04638672 -0.7825928 0.33502197 -0.52264404
0.049560547 -0.784729 0.3343506 -0.5195923
0.052612305 -0.78674316 0.33374023 -0.51660156
0.055541992 -0.7885742 0.333313 -0.51379395
0.058288574 -0.79022217 0.33294678 -0.51116943
0.060791016 -0.79156494 0.3328247 -0.5088501
0.06311035 -0.79260254 0.33294678 -0.506958
0.06536865 -0.7932129 0.33312988 -0.5055542
0.06756592 -0.79351807 0.33343506 -0.5045166
