0.83514404 -0.033447266 -0.5471802 0.04437256
0.83221436 -0.03466797 -0.55133057 0.04724121
0.8295288 -0.036071777 -0.5550537 0.049987793
0.8270874 -0.03741455 -0.5583496 0.052612305
0.8249512 -0.037719727 -0.5611572 0.055480957
0.8232422 -0.038146973 -0.5634155 0.057861328
0.8220825 -0.038513184 -0.5648804 0.059753418
0.8217163 -0.038879395 -0.5653076 0.06109619
0.8222046 -0.039367676 -0.5644531 0.061645508
0.8236084 -0.03967285 -0.5623779 0.061584473
0.82592773 -0.039794922 -0.559021 0.060913086
0.8291626 -0.039794922 -0.5543823 0.059509277
0.83325195 -0.03955078 -0.5484619 0.057495117
0.83813477 -0.0390625 -0.5413208 0.054748535
0.8436279 -0.038330078 -0.53308105 0.05126953
0.8496704 -0.037475586 -0.52386475 0.04724121
0.85614014 -0.036499023 -0.5137329 0.042785645
0.86291504 -0.03564453 -0.5026245 0.038269043
0.8699951 -0.034973145 -0.49072266 0.03363037
0.87713623 -0.034240723 -0.4781494 0.02923584
0.8841553 -0.0335083 -0.46539307 0.024963379
0.89086914 -0.03277588 -0.45257568 0.020751953
0.89733887 -0.032104492 -0.43981934 0.016479492
0.90356445 -0.03137207 -0.427063 0.012329102
0.90960693 -0.030761719 -0.41418457 0.008300781
0.91552734 -0.030517578 -0.40100098 0.004333496
0.9213867 -0.030700684 -0.38745117 0.0004272461
0.927063 -0.030944824 -0.37365723 -0.003112793
0.9324951 -0.030578613 -0.3597412 -0.006286621
0.93774414 -0.029785156 -0.34588623 -0.009155273
0.94281006 -0.028564453 -0.33190918 -0.011962891
0.9476929 -0.027160645 -0.31774902 -0.014892578
0.95233154 -0.025939941 -0.3034668 -0.018127441
0.9567871 -0.024963379 -0.2888794 -0.02154541
0.9611206 -0.024047852 -0.27386475 -0.02508545
0.96533203 -0.022949219 -0.25854492 -0.028564453
0.9692993 -0.02154541 -0.24279785 -0.031799316
0.97314453 -0.019897461 -0.22668457 -0.03479004
0.97680664 -0.018127441 -0.21002197 -0.03753662
0.9802246 -0.016052246 -0.1930542 -0.040100098
0.9833374 -0.014099121 -0.1762085 -0.042663574
0.986084 -0.01184082 -0.159729 -0.044921875
0.98846436 -0.009277344 -0.14385986 -0.047058105
0.9904175 -0.0061035156 -0.12872314 -0.049194336
0.99212646 -0.002380371 -0.11413574 -0.051452637
0.9935303 0.0010375977 -0.10003662 -0.053894043
0.9946289 0.0036621094 -0.08648682 -0.056518555
0.99554443 0.0060424805 -0.07354736 -0.059020996
0.9962158 0.008544922 -0.061401367 -0.061340332
0.9967041 0.010803223 -0.050231934 -0.06317139
0.9970093 0.012145996 -0.040283203 -0.064575195
0.9972534 0.012451172 -0.03186035 -0.06555176
0.9974365 0.012084961 -0.024780273 -0.066345215
0.99749756 0.011413574 -0.019042969 -0.06695557
0.9975586 0.010437012 -0.0146484375 -0.06744385
0.9975586 0.009460449 -0.011413574 -0.067993164
0.9975586 0.008666992 -0.009216309 -0.068603516
0.9975586 0.008178711 -0.0078125 -0.06933594
0.99749756 0.00793457 -0.0071411133 -0.07019043
0.9974365 0.0076904297 -0.0071411133 -0.07116699
0.99731445 0.0075683594 -0.007751465 -0.07232666
0.9971924 0.007385254 -0.008972168 -0.0736084
0.9970703 0.0072631836 -0.010864258 -0.07519531
0.9968872 0.0072631836 -0.0134887695 -0.0770874
0.9967041 0.0073242188 -0.016723633 -0.07928467
0.9963989 0.0073242188 -0.020690918 -0.081970215
0.9960327 0.007507324 -0.02520752 -0.08508301
0.99554443 0.007873535 -0.030395508 -0.08874512
0.9949951 0.008300781 -0.036071777 -0.09289551
0.9942627 0.009338379 -0.042236328 -0.097839355
0.99346924 0.010375977 -0.04840088 -0.1027832
0.9925537 0.011657715 -0.05419922 -0.10852051
0.9915161 0.013061523 -0.059814453 -0.114746094
0.9904175 0.014404297 -0.06536865 -0.120910645
0.98913574 0.0154418945 -0.070495605 -0.12817383
0.98773193 0.016540527 -0.07562256 -0.13543701
0.98620605 0.01763916 -0.08050537 -0.14349365
0.9845581 0.018798828 -0.08532715 -0.15167236
0.9828491 0.019836426 -0.08996582 -0.15985107
0.9810791 0.020874023 -0.09436035 -0.16784668
0.97924805 0.02178955 -0.09851074 -0.17584229
0.97735596 0.022399902 -0.10241699 -0.18371582
0.97546387 0.022949219 -0.10601807 -0.19152832
0.9735718 0.02368164 -0.109313965 -0.19915771
0.9716797 0.024536133 -0.11218262 -0.20654297
0.9697876 0.0256958 -0.114746094 -0.21362305
0.9680176 0.02709961 -0.116882324 -0.22039795
0.96624756 0.028625488 -0.11859131 -0.22698975
0.96447754 0.030212402 -0.11993408 -0.23339844
0.96276855 0.031555176 -0.12097168 -0.23968506
0.9611206 0.032836914 -0.1217041 -0.24572754
0.9595337 0.034057617 -0.12225342 -0.25146484
0.9580078 0.03515625 -0.12261963 -0.25689697
0.95654297 0.036193848 -0.122802734 -0.26190186
0.95526123 0.036987305 -0.122924805 -0.26654053
0.9540405 0.037475586 -0.122924805 -0.27075195
0.9529419 0.03778076 -0.12286377 -0.2746582
0.9519043 0.037841797 -0.122924805 -0.27819824
0.95092773 0.03753662 -0.12298584 -0.28137207
0.95007324 0.03692627 -0.123168945 -0.28424072
0.9493408 0.036071777 -0.12347412 -0.28668213
0.94873047 0.035095215 -0.12390137 -0.2886963
0.94818115 0.034057617 -0.12445068 -0.29034424
0.9477539 0.032958984 -0.1251831 -0.29156494
