0.9011841 -0.42974854 -0.035705566 -0.04309082
0.9005127 -0.43133545 -0.0368042 -0.04071045
0.8998413 -0.43286133 -0.03741455 -0.039001465
0.89923096 -0.43414307 -0.037353516 -0.038208008
0.89868164 -0.43536377 -0.03668213 -0.038513184
0.8982544 -0.43615723 -0.03527832 -0.039855957
0.8979492 -0.4368286 -0.033081055 -0.0423584
0.897583 -0.43737793 -0.030151367 -0.046020508
0.8972168 -0.4378662 -0.026550293 -0.050842285
0.8966675 -0.4385376 -0.022155762 -0.056762695
0.89508057 -0.43988037 -0.01184082 -0.072143555
0.89508057 -0.43988037 -0.01184082 -0.072143555
0.8942871 -0.43988037 -0.0061035156 -0.081604004
0.89245605 -0.43920898 0.006713867 -0.103027344
0.89123535 -0.43859863 0.014160156 -0.11468506
0.89123535 -0.43859863 0.014160156 -0.11468506
0.8897705 -0.4378662 0.022521973 -0.12658691
0.8880005 -0.43719482 0.031799316 -0.13879395
0.8859253 -0.4364624 0.041809082 -0.15136719
0.88360596 -0.43530273 0.05218506 -0.16455078
0.8811035 -0.43347168 0.06298828 -0.17840576
0.87835693 -0.4310913 0.074157715 -0.19281006
0.8753052 -0.42822266 0.08557129 -0.20770264
0.8718872 -0.42504883 0.097229004 -0.22283936
0.8682251 -0.42156982 0.10913086 -0.237854
0.8644409 -0.41741943 0.121032715 -0.25256348
0.86053467 -0.41296387 0.1329956 -0.2668457
0.85668945 -0.40808105 0.14477539 -0.28033447
0.8527832 -0.4029541 0.15631104 -0.29315186
0.8485718 -0.3982544 0.16760254 -0.30523682
0.8440552 -0.39416504 0.17852783 -0.31671143
0.8395386 -0.38989258 0.18884277 -0.32788086
0.8348999 -0.38537598 0.19873047 -0.33911133
0.8300781 -0.38085938 0.2084961 -0.34991455
0.82489014 -0.37695312 0.2185669 -0.3600464
0.8196411 -0.37316895 0.22875977 -0.36950684
0.81451416 -0.36901855 0.23852539 -0.37878418
0.80908203 -0.36541748 0.24798584 -0.3876953
0.803833 -0.36157227 0.25683594 -0.3963623
0.79870605 -0.35772705 0.26519775 -0.4046631
0.7937012 -0.3540039 0.27313232 -0.41241455
0.78881836 -0.35064697 0.28076172 -0.41949463
0.7840576 -0.34747314 0.28790283 -0.42608643
0.77923584 -0.3451538 0.29492188 -0.43206787
0.7747803 -0.3428955 0.3012085 -0.43756104
0.7706299 -0.34057617 0.30682373 -0.442688
0.76690674 -0.33825684 0.3118286 -0.4473877
0.7635498 -0.33599854 0.3161621 -0.4517212
0.7606201 -0.3336792 0.31988525 -0.45587158
0.7579956 -0.3314209 0.32281494 -0.45983887
0.75549316 -0.32958984 0.32543945 -0.4633789
0.7532959 -0.32788086 0.32781982 -0.46643066
0.7513428 -0.32647705 0.33013916 -0.46887207
0.74975586 -0.32507324 0.3320923 -0.47113037
0.74823 -0.3239746 0.33380127 -0.4730835
0.7468872 -0.32318115 0.33502197 -0.47479248
0.7456665 -0.32287598 0.33605957 -0.47625732
0.7445679 -0.322937 0.33673096 -0.477417
0.7437744 -0.32330322 0.3369751 -0.47833252
0.743103 -0.32391357 0.33685303 -0.47888184
0.74279785 -0.32495117 0.33636475 -0.47912598
0.7426758 -0.32635498 0.3355713 -0.47888184
0.7426758 -0.32806396 0.3345337 -0.47839355
0.74279785 -0.3302002 0.33325195 -0.47772217
0.7429199 -0.33270264 0.33148193 -0.4769287
0.743103 -0.3355713 0.32910156 -0.47631836
0.74334717 -0.33868408 0.32598877 -0.4758911
0.7435303 -0.34197998 0.32208252 -0.47595215
0.7437134 -0.34521484 0.31726074 -0.47650146
0.74383545 -0.34857178 0.3116455 -0.4776001
0.7438965 -0.35205078 0.3053589 -0.4790039
0.7437744 -0.35559082 0.2984619 -0.480896
0.7435303 -0.35906982 0.29119873 -0.48309326
0.743103 -0.36254883 0.28375244 -0.4855957
0.74224854 -0.36639404 0.2765503 -0.48828125
0.7408447 -0.37036133 0.26965332 -0.4911499
0.73913574 -0.3743286 0.26306152 -0.49438477
0.7369995 -0.37817383 0.25653076 -0.49798584
0.73461914 -0.381958 0.24993896 -0.50201416
0.7319336 -0.38549805 0.24334717 -0.5064087
0.729126 -0.3890381 0.2366333 -0.5109253
0.7260742 -0.39263916 0.2298584 -0.51556396
0.7227173 -0.39648438 0.22283936 -0.5204468
0.7191162 -0.40045166 0.21569824 -0.5253296
0.71551514 -0.40429688 0.2084961 -0.5302124
0.7119751 -0.40808105 0.20111084 -0.5349121
0.70843506 -0.4118042 0.19372559 -0.5394287
0.7050171 -0.4152832 0.18621826 -0.54382324
0.70166016 -0.41851807 0.17871094 -0.5482178
0.6982422 -0.4215088 0.17138672 -0.5526123
0.69470215 -0.4244995 0.1642456 -0.55700684
0.690979 -0.42736816 0.15734863 -0.56140137
0.6871338 -0.43023682 0.1506958 -0.56573486
0.6833496 -0.43292236 0.14453125 -0.56988525
0.6796875 -0.43530273 0.13903809 -0.57373047
0.6763916 -0.43737793 0.13427734 -0.5772095
0.6734619 -0.43920898 0.1303711 -0.58013916
0.6709595 -0.4406128 0.12701416 -0.58270264
0.6688843 -0.44158936 0.12414551 -0.58496094
0.66693115 -0.4423828 0.12188721 -0.58703613
0.66516113 -0.4430542 0.12042236 -0.5888672
0.6635132 -0.44366455 0.11956787 -0.5904541
0.66192627 -0.44421387 0.11932373 -0.5918579
0.66052246 -0.44470215 0.119506836 -0.59295654
0.6592407 -0.44525146 0.12005615 -0.5939331
0.657959 -0.44580078 0.12072754 -0.5947876
0.6567993 -0.44647217 0.121276855 -0.59539795
0.6558838 -0.44714355 0.12164307 -0.59588623
0.6550293 -0.44799805 0.1217041 -0.5961304
