0.9541626 -0.19195557 0.09411621 -0.20941162
0.9536133 -0.18933105 0.099243164 -0.2119751
0.95288086 -0.18737793 0.10467529 -0.21429443
0.95196533 -0.1864624 0.11022949 -0.21643066
0.9508667 -0.1862793 0.11553955 -0.21850586
0.94970703 -0.18682861 0.12060547 -0.22045898
0.9483032 -0.18841553 0.12524414 -0.22253418
0.94677734 -0.19073486 0.12921143 -0.22491455
0.9451294 -0.19329834 0.13238525 -0.22766113
0.9435425 -0.19586182 0.13464355 -0.23077393
0.94195557 -0.1984253 0.13604736 -0.2341919
0.94036865 -0.20117188 0.13653564 -0.23779297
0.9388428 -0.20397949 0.13623047 -0.24163818
0.9373169 -0.20684814 0.13500977 -0.24578857
0.935791 -0.2098999 0.13293457 -0.25006104
0.93444824 -0.21276855 0.12988281 -0.25421143
0.9333496 -0.21600342 0.1260376 -0.25750732
0.9324951 -0.21960449 0.12097168 -0.26000977
0.9319458 -0.22338867 0.11401367 -0.26184082
0.9317627 -0.22766113 0.10491943 -0.2626953
0.93182373 -0.23254395 0.093688965 -0.26245117
0.93200684 -0.23852539 0.080322266 -0.2607422
0.9328003 -0.24560547 0.06304932 -0.25616455
0.93322754 -0.25256348 0.045715332 -0.25146484
0.9335327 -0.2598877 0.026916504 -0.24542236
0.9336548 -0.2680664 0.0061035156 -0.23730469
0.9332886 -0.27667236 -0.015319824 -0.22845459
0.932312 -0.2850952 -0.036743164 -0.21942139
0.93084717 -0.29382324 -0.05883789 -0.20898438
0.928833 -0.30297852 -0.08087158 -0.1973877
0.92596436 -0.31292725 -0.103027344 -0.18450928
0.92230225 -0.32354736 -0.1251831 -0.17028809
0.9178467 -0.3343506 -0.14733887 -0.1550293
0.9125366 -0.3453369 -0.16955566 -0.13891602
0.9063721 -0.35620117 -0.19146729 -0.12237549
0.899353 -0.36676025 -0.21307373 -0.105895996
0.8919678 -0.3762207 -0.23406982 -0.090026855
0.8842163 -0.38482666 -0.25378418 -0.07507324
0.876709 -0.3920288 -0.27191162 -0.06109619
0.86968994 -0.3980713 -0.28790283 -0.047973633
0.86242676 -0.40490723 -0.30145264 -0.03692627
0.85650635 -0.40985107 -0.3125 -0.027526855
0.8514404 -0.4142456 -0.3209839 -0.020996094
0.84729004 -0.4182129 -0.32696533 -0.018005371
0.8442383 -0.4216919 -0.33032227 -0.01776123
0.84246826 -0.4241333 -0.33166504 -0.019958496
0.84191895 -0.42529297 -0.33117676 -0.024230957
0.8427124 -0.42510986 -0.32891846 -0.030212402
0.8444214 -0.4241333 -0.3250122 -0.03778076
0.8467407 -0.4227295 -0.31958008 -0.046813965
0.84942627 -0.42095947 -0.31304932 -0.05718994
0.8522949 -0.4187622 -0.30578613 -0.06866455
0.8552246 -0.41607666 -0.2980957 -0.08123779
0.85809326 -0.41296387 -0.28997803 -0.09490967
0.8609619 -0.4093628 -0.28137207 -0.10925293
0.8640137 -0.4050293 -0.27209473 -0.12402344
0.8673096 -0.39978027 -0.2617798 -0.13922119
0.8706665 -0.39404297 -0.25024414 -0.15496826
0.8740845 -0.38787842 -0.23706055 -0.17108154
0.8777466 -0.3807373 -0.22216797 -0.18774414
0.88171387 -0.37176514 -0.20587158 -0.20501709
0.8856201 -0.36120605 -0.18835449 -0.22302246
0.888855 -0.3501587 -0.17004395 -0.24169922
0.8911133 -0.33929443 -0.15136719 -0.26049805
0.8921509 -0.3295288 -0.13287354 -0.27886963
0.89190674 -0.32177734 -0.11505127 -0.2962036
0.8909912 -0.31384277 -0.099731445 -0.31256104
0.8890381 -0.30822754 -0.08648682 -0.3272705
0.8864746 -0.3050537 -0.07556152 -0.33972168
0.88391113 -0.30316162 -0.06774902 -0.3494873
0.8812866 -0.3034668 -0.062683105 -0.3567505
0.8788452 -0.30511475 -0.06072998 -0.36169434
0.87683105 -0.30749512 -0.061828613 -0.36444092
0.8751221 -0.31072998 -0.06542969 -0.3651123
0.8737793 -0.3147583 -0.07104492 -0.36383057
0.87280273 -0.31933594 -0.07824707 -0.36071777
0.8720703 -0.32440186 -0.08679199 -0.35601807
0.8713379 -0.3302002 -0.096191406 -0.34991455
0.87054443 -0.33673096 -0.10632324 -0.3427124
0.86968994 -0.34350586 -0.117126465 -0.3345337
0.8685913 -0.35064697 -0.12860107 -0.32574463
0.86694336 -0.35839844 -0.14074707 -0.31640625
0.8648071 -0.36663818 -0.15356445 -0.30670166
0.8621826 -0.37512207 -0.16705322 -0.2966919
0.85931396 -0.38323975 -0.18103027 -0.28625488
0.8562622 -0.3908081 -0.1953125 -0.27545166
0.85321045 -0.39770508 -0.20953369 -0.26446533
0.8497925 -0.40460205 -0.22332764 -0.253479
0.8460083 -0.41125488 -0.23699951 -0.24279785
0.84191895 -0.4175415 -0.2506714 -0.23236084
0.8375244 -0.42352295 -0.26434326 -0.2220459
0.83288574 -0.4290161 -0.27807617 -0.21191406
0.828125 -0.43371582 -0.29205322 -0.20202637
0.82318115 -0.43756104 -0.30633545 -0.19256592
0.81799316 -0.44067383 -0.32073975 -0.18383789
0.81243896 -0.44366455 -0.33496094 -0.17596436
0.8064575 -0.4467163 -0.3486328 -0.16900635
0.80059814 -0.44903564 -0.36175537 -0.1630249
0.7947998 -0.4510498 -0.37384033 -0.15826416
0.789978 -0.45159912 -0.38494873 -0.15454102
0.7854614 -0.4519043 -0.39434814 -0.15258789
0.78149414 -0.45196533 -0.40216064 -0.15264893
0.7783203 -0.4512329 -0.4083252 -0.15435791
0.77593994 -0.44995117 -0.4128418 -0.15795898
0.7744751 -0.447937 -0.41583252 -0.16308594
0.7731323 -0.44335938 -0.41687012 -0.17871094
0.77319336 -0.44055176 -0.41516113 -0.18908691
0.7738037 -0.43701172 -0.41235352 -0.2006836
0.7738037 -0.43701172 -0.41235352 -0.2006836
0.7748413 -0.43255615 -0.40875244 -0.21331787
0.776062 -0.42749023 -0.40447998 -0.22668457
0.7772217 -0.42230225 -0.39941406 -0.2409668
0.77789307 -0.41778564 -0.39318848 -0.25628662
0.7782593 -0.41363525 -0.38586426 -0.27264404
0.7786865 -0.40893555 -0.3774414 -0.28967285
0.7792969 -0.40325928 -0.368042 -0.30749512
0.78015137 -0.39648438 -0.35766602 -0.32592773
0.7810669 -0.3885498 -0.3461914 -0.34509277
0.7816162 -0.38024902 -0.33355713 -0.36505127
0.7815552 -0.3718872 -0.31982422 -0.38549805
0.78100586 -0.36309814 -0.30548096 -0.40600586
0.78015137 -0.35357666 -0.29077148 -0.42633057
0.77893066 -0.34350586 -0.27575684 -0.4463501
0.7772217 -0.33306885 -0.26055908 -0.46588135
0.77490234 -0.32263184 -0.24554443 -0.48486328
0.7720337 -0.3125 -0.23101807 -0.5029907
0.76867676 -0.30285645 -0.21728516 -0.5197754
0.7651367 -0.2937622 -0.20483398 -0.5350952
0.76153564 -0.28515625 -0.19360352 -0.5488281
0.75787354 -0.27716064 -0.18389893 -0.5612793
0.7541504 -0.26965332 -0.17572021 -0.57244873
0.75042725 -0.26324463 -0.16888428 -0.5822754
0.74694824 -0.2578125 -0.16357422 -0.5905762
0.74383545 -0.2538452 -0.1595459 -0.59729004
0.74121094 -0.25109863 -0.15686035 -0.602417
0.7390747 -0.24932861 -0.15545654 -0.60614014
0.73742676 -0.24810791 -0.15539551 -0.6087036
0.73602295 -0.24743652 -0.15655518 -0.61035156
0.7349243 -0.24749756 -0.15844727 -0.611145
0.73413086 -0.24810791 -0.16082764 -0.61120605
0.7337036 -0.24902344 -0.16357422 -0.6105957
0.7338257 -0.25 -0.16656494 -0.6092529
0.7345581 -0.2508545 -0.1694336 -0.60723877
0.73583984 -0.25183105 -0.171875 -0.60461426
0.7373657 -0.25299072 -0.17358398 -0.60180664
0.73913574 -0.2536621 -0.17510986 -0.59887695
0.7409668 -0.2539673 -0.17669678 -0.5960083
0.7425537 -0.25445557 -0.17822266 -0.5934448
0.74383545 -0.25506592 -0.17980957 -0.59106445
0.74487305 -0.2557373 -0.18170166 -0.58880615
