0.80755615 -0.3843994 -0.32006836 -0.31243896
0.81018066 -0.37683105 -0.31463623 -0.32037354
0.81311035 -0.36810303 -0.30841064 -0.32891846
0.8163452 -0.35839844 -0.3015747 -0.33789062
0.81951904 -0.34832764 -0.29406738 -0.34729004
0.82263184 -0.33807373 -0.28601074 -0.35668945
0.82580566 -0.32739258 -0.27783203 -0.36566162
0.8289795 -0.31658936 -0.2694702 -0.37408447
0.83221436 -0.30596924 -0.26068115 -0.38183594
0.8355713 -0.29589844 -0.25115967 -0.38885498
0.8390503 -0.28637695 -0.24072266 -0.3949585
0.8428345 -0.2775879 -0.22912598 -0.40008545
0.8468628 -0.26922607 -0.21643066 -0.40429688
0.85095215 -0.26116943 -0.20306396 -0.40795898
0.8547363 -0.25323486 -0.18939209 -0.41156006
0.85827637 -0.24505615 -0.17559814 -0.41534424
0.86138916 -0.23675537 -0.16192627 -0.41918945
0.86413574 -0.22808838 -0.14868164 -0.4232788
0.8665161 -0.21899414 -0.13598633 -0.4274292
0.8685303 -0.21014404 -0.12371826 -0.43151855
0.87023926 -0.20184326 -0.11138916 -0.43536377
0.87176514 -0.19403076 -0.09906006 -0.43884277
0.8730469 -0.18658447 -0.08673096 -0.4420166
0.8742676 -0.17932129 -0.07446289 -0.4449463
0.8753052 -0.17199707 -0.06274414 -0.4475708
0.87615967 -0.1640625 -0.05206299 -0.4501953
0.876709 -0.1560669 -0.042541504 -0.45300293
0.87677 -0.14855957 -0.034240723 -0.4560547
0.87646484 -0.14190674 -0.026977539 -0.45922852
0.8759155 -0.13604736 -0.020751953 -0.46240234
0.8753052 -0.1307373 -0.0154418945 -0.465271
0.8748779 -0.12591553 -0.010986328 -0.46759033
0.8746338 -0.121398926 -0.006958008 -0.46929932
0.8746338 -0.116882324 -0.0031738281 -0.47045898
0.87493896 -0.11224365 0.0004272461 -0.47106934
0.87524414 -0.10772705 0.0040893555 -0.47149658
0.8754883 -0.10369873 0.007873535 -0.4718628
0.8755493 -0.10021973 0.0115356445 -0.47247314
0.87542725 -0.0970459 0.014892578 -0.4732666
0.8753052 -0.093933105 0.017944336 -0.47406006
0.8751831 -0.09094238 0.020629883 -0.4746704
0.87524414 -0.08807373 0.022949219 -0.4749756
0.8753052 -0.08569336 0.025024414 -0.47521973
0.8753052 -0.08404541 0.026733398 -0.47540283
0.8751831 -0.08319092 0.027893066 -0.47576904
0.8748779 -0.08294678 0.028259277 -0.4763794
0.8743286 -0.08325195 0.027893066 -0.47735596
0.8735962 -0.08416748 0.026855469 -0.47851562
0.8727417 -0.08581543 0.02545166 -0.47991943
0.87158203 -0.08795166 0.02331543 -0.4817505
0.8701172 -0.090270996 0.020324707 -0.48406982
0.8682251 -0.09289551 0.016418457 -0.48706055
0.8658447 -0.095947266 0.011779785 -0.49084473
0.8630371 -0.099243164 0.0063476562 -0.4953003
0.8597412 -0.1026001 0.00036621094 -0.5003662
0.85595703 -0.105895996 -0.0061035156 -0.5060425
0.8516846 -0.109436035 -0.0126953125 -0.5123291
0.8469238 -0.112976074 -0.019470215 -0.5192261
0.84155273 -0.11651611 -0.026245117 -0.52679443
0.8356323 -0.12017822 -0.03289795 -0.53497314
0.82922363 -0.12365723 -0.03942871 -0.54364014
0.82244873 -0.12689209 -0.045715332 -0.5526123
0.8152466 -0.13024902 -0.051635742 -0.56188965
0.80773926 -0.13360596 -0.057250977 -0.5713501
0.79992676 -0.13684082 -0.062561035 -0.5809326
0.7921753 -0.1394043 -0.06781006 -0.590271
0.784729 -0.14135742 -0.07293701 -0.5991211
0.7775879 -0.1430664 -0.077697754 -0.60736084
0.770813 -0.14471436 -0.082092285 -0.6149292
0.7644043 -0.1463623 -0.086120605 -0.62194824
0.7583008 -0.14813232 -0.08972168 -0.628479
0.7526245 -0.14984131 -0.09301758 -0.6343994
0.7474365 -0.15142822 -0.0960083 -0.6397095
0.74279785 -0.15301514 -0.09851074 -0.6442871
0.7387085 -0.15466309 -0.1005249 -0.6483154
