280 17.375 -95.5
280.4375 17.5625 -95.3125
280.9375 17.75 -95.1875
281.5 18 -95.0625
282.125 18.25 -94.9375
282.875 18.4375 -94.8125
283.6875 18.6875 -94.75
284.375 19.0625 -94.6875
285.0625 19.4375 -94.5625
285.6875 19.9375 -94.4375
286.25 20.4375 -94.3125
286.75 21 -94.125
287.25 21.4375 -93.9375
287.75 21.875 -93.75
288.1875 22.125 -93.5625
288.625 22.375 -93.4375
288.9375 22.5625 -93.375
289.125 22.6875 -93.3125
289.125 22.75 -93.3125
289 22.75 -93.375
288.6875 22.6875 -93.5
288.25 22.5 -93.75
287.8125 22.1875 -94.0625
287.25 21.6875 -94.4375
286.625 21.0625 -94.9375
285.9375 20.25 -95.5625
285.125 19.25 -96.25
284.1875 18.1875 -97
283.1875 17 -97.8125
282 15.75 -98.6875
280.75 14.4375 -99.5625
279.375 13.0625 -100.4375
278 11.75 -101.3125
276.5 10.375 -102.125
275.0625 9.0625 -102.9375
273.625 7.6875 -103.6875
272.25 6.4375 -104.5
270.875 5.1875 -105.1875
269.625 4 -105.75
268.4375 2.9375 -106.25
267.3125 2 -106.8125
266.3125 1.1875 -107.25
265.375 0.5625 -107.6875
264.5625 0.1875 -108.25
263.75 0 -108.75
263.125 0 -109.3125
262.6875 0.1875 -110
262.4375 0.625 -110.75
262.25 1.375 -111.5
262.1875 2.25 -112.25
262.1875 3.4375 -113.0625
262.3125 4.8125 -113.8125
262.5 6.375 -114.625
262.6875 8.125 -115.3125
262.875 10.125 -115.875
263.0625 12.3125 -116.375
263.25 14.6875 -116.75
263.5 17.1875 -116.9375
263.8125 19.75 -117
264.25 22.25 -117
264.875 24.5625 -116.75
265.625 26.6875 -116.1875
266.375 28.5625 -115.5625
267 30.25 -114.8125
267.3125 31.6875 -114.125
267.4375 32.8125 -113.5625
267.3125 33.6875 -113.25
266.9375 34.1875 -113.0625
266.375 34.4375 -113.25
265.6875 34.375 -113.8125
264.9375 34 -114.6875
264.125 33.375 -115.75
263.25 32.4375 -117
262.375 31.3125 -118.25
261.5625 29.875 -119.5625
260.75 28.3125 -120.8125
259.9375 26.5625 -122.0625
259.125 24.8125 -123.25
258.25 23 -124.375
257.375 21.125 -125.5
256.5 19.3125 -126.5625
255.5625 17.4375 -127.5625
254.5625 15.6875 -128.5625
253.5625 13.875 -129.5
252.5 12.1875 -130.3125
251.375 10.5625 -131.0625
250.25 9 -131.8125
249.125 7.625 -132.4375
247.9375 6.4375 -133.0625
246.75 5.4375 -133.9375
245.5625 4.625 -134.625
244.4375 4.125 -135.4375
243.375 3.9375 -136.1875
242.4375 4.125 -137.125
241.5 4.75 -138.125
240.5625 5.8125 -139.1875
239.625 7.3125 -140.1875
238.75 9.125 -141.1875
237.875 11.375 -142.125
237.125 13.875 -143
236.4375 16.6875 -143.8125
235.75 19.6875 -144.625
235.1875 22.875 -145.5625
234.6875 26.125 -146.5625
234.25 29.5 -147.5625
233.875 32.875 -148.4375
233.5 36.125 -149.1875
233.1875 39.375 -149.9375
232.8125 42.5 -150.6875
272.1875 45.5 -151.4375
276.8125 48.3125 -152.0625
280.8125 50.875 -152.75
283.8125 53.1875 -153.25
286 55.125 -153.5625
287.5625 56.6875 -153.625
288.5625 57.875 -153.5625
289.125 58.6875 -153.375
289.3125 59.0625 -153.1875
289.25 59.1875 -152.9375
288.875 59.0625 -152.625
288.25 58.6875 -152.3125
287.375 58.125 -151.9375
286.3125 57.4375 -151.5
285.125 56.6875 -151.0625
283.75 55.875 -150.5625
282.4375 55 -150.25
