2.96 -9.3 -0.87
2.99 -9.29 -0.84
3.03 -9.28 -0.82
3.07 -9.27 -0.8
3.11 -9.26 -0.78
3.15 -9.25 -0.77
3.2 -9.23 -0.75
3.26 -9.21 -0.74
3.34 -9.18 -0.72
3.43 -9.16 -0.69
3.51 -9.13 -0.66
3.59 -9.1 -0.63
3.65 -9.08 -0.59
3.7 -9.06 -0.57
3.73 -9.04 -0.55
3.76 -9.03 -0.53
3.78 -9.03 -0.52
3.79 -9.02 -0.52
3.79 -9.02 -0.53
3.78 -9.02 -0.56
3.75 -9.03 -0.59
3.7 -9.05 -0.64
3.62 -9.08 -0.71
3.52 -9.11 -0.79
3.39 -9.15 -0.89
3.24 -9.2 -1.01
3.06 -9.24 -1.14
2.87 -9.28 -1.28
2.66 -9.32 -1.43
2.44 -9.36 -1.58
2.22 -9.39 -1.73
1.99 -9.41 -1.88
1.77 -9.42 -2.02
1.54 -9.43 -2.16
1.32 -9.43 -2.3
1.1 -9.43 -2.44
0.89 -9.42 -2.56
0.69 -9.41 -2.66
0.5 -9.39 -2.74
0.34 -9.37 -2.84
0.2 -9.36 -2.91
0.1 -9.34 -2.98
0.03 -9.31 -3.07
0 -9.28 -3.16
0 -9.25 -3.25
0.03 -9.21 -3.36
0.11 -9.16 -3.48
0.23 -9.11 -3.59
0.39 -9.06 -3.71
0.59 -9 -3.83
0.82 -8.93 -3.95
1.09 -8.85 -4.06
1.39 -8.77 -4.15
1.73 -8.68 -4.21
2.09 -8.58 -4.26
2.48 -8.46 -4.27
2.89 -8.34 -4.24
3.31 -8.22 -4.19
3.71 -8.08 -4.12
4.08 -7.96 -4.01
4.4 -7.85 -3.87
4.69 -7.76 -3.71
4.94 -7.68 -3.56
5.15 -7.61 -3.41
5.32 -7.54 -3.29
5.44 -7.49 -3.22
5.51 -7.45 -3.18
5.54 -7.42 -3.19
5.53 -7.4 -3.27
5.48 -7.38 -3.39
5.39 -7.37 -3.56
5.26 -7.36 -3.75
5.09 -7.37 -3.97
4.89 -7.39 -4.19
4.65 -7.41 -4.42
4.39 -7.42 -4.65
4.11 -7.43 -4.88
3.83 -7.44 -5.1
3.54 -7.44 -5.31
3.24 -7.43 -5.51
2.94 -7.4 -5.7
2.65 -7.37 -5.88
2.36 -7.34 -6.05
2.07 -7.3 -6.2
1.8 -7.26 -6.33
1.54 -7.21 -6.46
1.3 -7.16 -6.56
1.1 -7.11 -6.66
0.93 -7.02 -6.77
0.8 -6.94 -6.87
0.71 -6.85 -6.97
0.67 -6.76 -7.06
0.71 -6.65 -7.16
0.81 -6.51 -7.27
0.99 -6.37 -7.38
1.24 -6.22 -7.47
1.56 -6.06 -7.54
1.93 -5.9 -7.58
2.35 -5.72 -7.6
2.81 -5.53 -7.58
3.3 -5.33 -7.53
3.81 -5.1 -7.45
4.32 -4.84 -7.34
4.83 -4.57 -7.2
5.32 -4.3 -7.01
5.78 -4.05 -6.8
6.22 -3.79 -6.56
6.62 -3.53 -6.3
6.99 -3.28 -6.03
7.32 -3.05 -5.76
7.61 -2.82 -5.49
7.85 -2.64 -5.24
8.04 -2.49 -5.01
8.19 -2.38 -4.82
8.3 -2.31 -4.66
8.37 -2.27 -4.55
8.41 -2.26 -4.49
8.42 -2.28 -4.46
8.41 -2.31 -4.47
8.37 -2.36 -4.51
8.33 -2.43 -4.56
8.26 -2.51 -4.63
8.19 -2.6 -4.71
8.12 -2.69 -4.79
8.03 -2.78 -4.87
7.95 -2.86 -4.96
