0.2579956 -0.47479248 0.5661011 -0.6225586
0.2539673 -0.47192383 0.56726074 -0.6253052
0.24926758 -0.46887207 0.5686035 -0.62823486
0.24389648 -0.4656372 0.5703125 -0.6312256
0.23809814 -0.46203613 0.57232666 -0.6342163
0.23175049 -0.45794678 0.5748291 -0.63726807
0.22485352 -0.45373535 0.57751465 -0.6403198
0.21734619 -0.449646 0.5800781 -0.64349365
0.20910645 -0.44586182 0.58221436 -0.6468506
0.20050049 -0.4423828 0.5839844 -0.6503906
0.19165039 -0.4390869 0.5854492 -0.65405273
0.1829834 -0.43585205 0.58654785 -0.6576538
0.17510986 -0.43255615 0.58740234 -0.66119385
0.16802979 -0.42926025 0.5883179 -0.66430664
0.16204834 -0.42626953 0.5894165 -0.6668091
0.15710449 -0.42370605 0.59039307 -0.6687622
0.15350342 -0.42181396 0.5910034 -0.67022705
0.15112305 -0.42071533 0.5913696 -0.6711426
0.15020752 -0.4206543 0.5914917 -0.67126465
0.15075684 -0.4216919 0.5913086 -0.6706543
0.15307617 -0.42370605 0.59088135 -0.6692505
0.1572876 -0.42651367 0.590271 -0.6670532
0.16333008 -0.42999268 0.58984375 -0.6636963
0.17144775 -0.43414307 0.5897217 -0.6590576
0.18145752 -0.43914795 0.5897217 -0.65301514
0.19348145 -0.44488525 0.5897827 -0.6456299
0.20715332 -0.45141602 0.5897827 -0.63671875
0.22235107 -0.45880127 0.5897217 -0.6263428
0.23864746 -0.46710205 0.58929443 -0.61450195
0.25567627 -0.47613525 0.58843994 -0.6013794
0.27319336 -0.48583984 0.58709717 -0.58703613
0.29071045 -0.49609375 0.5852051 -0.57177734
0.3081665 -0.50653076 0.58270264 -0.55578613
0.32513428 -0.5169678 0.57977295 -0.5393677
0.34124756 -0.5274048 0.5765381 -0.52246094
0.3564453 -0.5377197 0.5731201 -0.50531006
0.37042236 -0.5477295 0.56970215 -0.4880371
0.38342285 -0.5571289 0.5661621 -0.47125244
0.39569092 -0.5656128 0.5621338 -0.4555664
0.40667725 -0.5733032 0.55810547 -0.44091797
0.4156494 -0.5806885 0.55462646 -0.427063
0.42315674 -0.5873413 0.5510864 -0.41503906
0.42889404 -0.59350586 0.5477295 -0.40472412
0.43188477 -0.5996094 0.5452881 -0.39569092
0.43347168 -0.60528564 0.5429077 -0.3885498
0.43249512 -0.61035156 0.541626 -0.3834839
0.42858887 -0.6149292 0.541626 -0.3805542
0.42236328 -0.61901855 0.54241943 -0.3796997
0.41394043 -0.62268066 0.5438843 -0.3809204
0.40356445 -0.6257324 0.54589844 -0.3842163
0.3909912 -0.6282959 0.54852295 -0.3892212
0.37634277 -0.63049316 0.55145264 -0.39593506
0.3600464 -0.6321411 0.5545044 -0.40405273
0.3423462 -0.63323975 0.557312 -0.4136963
0.32330322 -0.63378906 0.5597534 -0.42474365
0.30291748 -0.6338501 0.56170654 -0.43707275
0.28137207 -0.6331177 0.56292725 -0.45062256
0.2588501 -0.6315918 0.5637207 -0.46514893
0.2355957 -0.62872314 0.56427 -0.4804077
0.21160889 -0.6248169 0.5656128 -0.49487305
0.18933105 -0.6192627 0.56677246 -0.5093384
0.16870117 -0.61242676 0.5678711 -0.5234375
0.15008545 -0.6052246 0.5685425 -0.5366211
0.13391113 -0.5988159 0.56829834 -0.5482178
0.120666504 -0.5938721 0.56689453 -0.5579834
0.11065674 -0.5906372 0.5650635 -0.5653076
0.10412598 -0.58947754 0.5628052 -0.5700073
0.10119629 -0.59039307 0.5600586 -0.5722656
0.10119629 -0.5934448 0.5574951 -0.5716553
0.10345459 -0.5984497 0.555542 -0.5679321
0.10784912 -0.6050415 0.55426025 -0.56134033
0.11444092 -0.61279297 0.5533447 -0.5524292
0.123046875 -0.6213989 0.55267334 -0.54156494
0.13330078 -0.6304321 0.5522461 -0.5289917
0.14489746 -0.63964844 0.552063 -0.51483154
0.15734863 -0.6489258 0.5519409 -0.49951172
0.17028809 -0.6581421 0.5516968 -0.48321533
0.18328857 -0.6671753 0.55126953 -0.46624756
0.19610596 -0.67614746 0.55041504 -0.4487915
0.20855713 -0.6850586 0.54919434 -0.43084717
0.22064209 -0.69384766 0.5474243 -0.41253662
0.23205566 -0.70269775 0.545166 -0.3939209
0.24285889 -0.7114868 0.5422363 -0.37512207
0.2532959 -0.7201538 0.53863525 -0.35656738
0.26324463 -0.7285156 0.53430176 -0.33843994
0.27246094 -0.7366333 0.52948 -0.32061768
0.28045654 -0.74468994 0.524353 -0.30316162
0.28808594 -0.75219727 0.5184326 -0.28710938
0.2939453 -0.75982666 0.51208496 -0.2720337
0.29675293 -0.76776123 0.5061035 -0.25756836
0.29901123 -0.77508545 0.4996338 -0.24536133
0.29870605 -0.78234863 0.49346924 -0.23498535
0.29681396 -0.78900146 0.4874878 -0.22729492
0.291687 -0.79559326 0.48217773 -0.22235107
0.28320312 -0.802124 0.4772339 -0.22052002
0.2723999 -0.80841064 0.47216797 -0.2220459
0.25952148 -0.8143921 0.46679688 -0.22692871
0.24505615 -0.8195801 0.46142578 -0.23516846
0.22875977 -0.8239746 0.45611572 -0.24639893
0.2111206 -0.8273926 0.45074463 -0.2602539
0.19207764 -0.8297119 0.44537354 -0.27630615
0.17181396 -0.83099365 0.4399414 -0.2939453
0.14978027 -0.8312988 0.43475342 -0.31225586
0.12646484 -0.8305664 0.42974854 -0.33087158
0.10211182 -0.82873535 0.42486572 -0.34973145
0.078552246 -0.82562256 0.41967773 -0.3687744
0.056152344 -0.8216553 0.41430664 -0.38739014
0.033691406 -0.8168335 0.40905762 -0.40533447
0.012207031 -0.81152344 0.40338135 -0.42260742
0.008483887 0.8060303 -0.3973999 0.4385376
0.02709961 0.80059814 -0.39086914 0.45336914
0.044311523 0.79541016 -0.38415527 0.4666748
0.058044434 0.7906494 -0.37701416 0.47888184
0.06903076 0.78637695 -0.37072754 0.48931885
0.07720947 0.78253174 -0.36547852 0.4981079
0.08270264 0.7793579 -0.3614502 0.50512695
0.08605957 0.7769165 -0.35882568 0.51013184
0.08758545 0.7753296 -0.35772705 0.51312256
0.087402344 0.77453613 -0.3577881 0.5142822
0.085632324 0.7744751 -0.3585205 0.5140991
0.082458496 0.7750244 -0.3597412 0.51293945
0.078063965 0.776001 -0.3614502 0.5109863
0.07287598 0.7772217 -0.36358643 0.5083618
0.06713867 0.7786255 -0.3659668 0.505249
0.060546875 0.78027344 -0.36798096 0.5020752
0.054504395 0.7819214 -0.3704834 0.49835205
