0.3118286 -0.2680664 -0.23052979 -0.881897
0.30438232 -0.27648926 -0.23565674 -0.8805542
0.29962158 -0.2855835 -0.2397461 -0.8781738
0.29748535 -0.29504395 -0.24279785 -0.87493896
0.2979126 -0.30474854 -0.24438477 -0.8709717
0.3012085 -0.31414795 -0.24542236 -0.86621094
0.30718994 -0.3232422 -0.24505615 -0.8609009
0.3154297 -0.3320923 -0.24310303 -0.8550415
0.35290527 -0.3550415 -0.23480225 -0.83325195
0.35290527 -0.3550415 -0.23480225 -0.83325195
0.3708496 -0.3602295 -0.23144531 -0.8240967
0.39154053 -0.36383057 -0.22631836 -0.81433105
0.4140625 -0.36602783 -0.21759033 -0.8045044
0.43798828 -0.366333 -0.20507812 -0.7949219
0.46221924 -0.36468506 -0.18963623 -0.7857666
0.4855957 -0.36102295 -0.1730957 -0.7770996
0.50701904 -0.35546875 -0.15753174 -0.7692261
0.52648926 -0.34814453 -0.14398193 -0.762146
0.54400635 -0.3395996 -0.13183594 -0.7558594
0.56018066 -0.32995605 -0.12036133 -0.7501831
0.5755005 -0.31860352 -0.10913086 -0.74523926
0.5897217 -0.30517578 -0.09716797 -0.741333
0.60235596 -0.2897339 -0.084472656 -0.7390137
0.6126709 -0.2723999 -0.07171631 -0.7384033
0.6208496 -0.2536621 -0.05908203 -0.7394409
0.62677 -0.23339844 -0.047180176 -0.74194336
0.6307373 -0.21179199 -0.036315918 -0.7456665
0.6328125 -0.18920898 -0.0256958 -0.75042725
0.63323975 -0.16638184 -0.014587402 -0.7557373
0.631897 -0.144104 -0.0024414062 -0.76153564
0.6287842 -0.122802734 0.010009766 -0.76776123
0.6241455 -0.1027832 0.021911621 -0.77423096
0.61828613 -0.084106445 0.032592773 -0.7807617
0.6117554 -0.06616211 0.04144287 -0.7871704
0.60461426 -0.049438477 0.04876709 -0.79345703
0.5970459 -0.033813477 0.054504395 -0.7996216
0.5888672 -0.01928711 0.058898926 -0.80584717
0.579895 -0.0063476562 0.06237793 -0.81225586
0.5700073 0.0051879883 0.06488037 -0.81903076
0.5593262 0.01550293 0.06616211 -0.82611084
0.54815674 0.024291992 0.066589355 -0.833374
0.536499 0.031433105 0.06616211 -0.84069824
0.5241699 0.03729248 0.06463623 -0.84832764
0.5109253 0.042053223 0.061584473 -0.8563843
0.49719238 0.045654297 0.05718994 -0.864563
0.48291016 0.048034668 0.05114746 -0.87286377
0.46820068 0.04901123 0.043640137 -0.88116455
0.45318604 0.047912598 0.035888672 -0.8894043
0.43780518 0.044677734 0.027893066 -0.897522
0.4220581 0.039489746 0.01940918 -0.9055176
0.40612793 0.032714844 0.010375977 -0.913147
0.39056396 0.024475098 0.0012207031 -0.92022705
0.37561035 0.015136719 -0.0079956055 -0.92663574
0.3616333 0.0051879883 -0.017333984 -0.9321289
0.34887695 -0.005432129 -0.026489258 -0.9367676
0.33721924 -0.016601562 -0.03503418 -0.9406128
0.32659912 -0.028137207 -0.04284668 -0.9437866
0.3170166 -0.03967285 -0.049926758 -0.94628906
0.3086548 -0.05090332 -0.056762695 -0.9481201
0.30163574 -0.061706543 -0.062927246 -0.9493408
0.2962036 -0.07208252 -0.068481445 -0.9499512
0.2925415 -0.08203125 -0.07342529 -0.94989014
0.2906494 -0.091674805 -0.077697754 -0.94921875
0.29083252 -0.101135254 -0.08154297 -0.947937
0.29315186 -0.1105957 -0.08520508 -0.9458008
0.29766846 -0.12017822 -0.08868408 -0.9429321
0.30395508 -0.13024902 -0.09185791 -0.93927
0.31176758 -0.14086914 -0.09490967 -0.93481445
0.3206787 -0.15216064 -0.097717285 -0.92974854
0.33013916 -0.16418457 -0.09979248 -0.92419434
0.34002686 -0.17651367 -0.101501465 -0.9180908
0.3505249 -0.1885376 -0.10321045 -0.91156006
0.36212158 -0.20019531 -0.10473633 -0.9043579
0.3751831 -0.21136475 -0.10583496 -0.89630127
0.39007568 -0.22167969 -0.10614014 -0.88739014
0.4069214 -0.2310791 -0.105651855 -0.8774414
0.4244995 -0.24005127 -0.10443115 -0.86676025
0.4413452 -0.24945068 -0.10211182 -0.855896
0.45648193 -0.2592163 -0.099609375 -0.8452759
0.47021484 -0.26885986 -0.09765625 -0.8348999
0.4831543 -0.27825928 -0.095458984 -0.824646
0.49560547 -0.2869873 -0.09295654 -0.8144531
0.5079956 -0.29455566 -0.09051514 -0.8043823
0.5201416 -0.30108643 -0.08758545 -0.7944336
0.5316162 -0.3067627 -0.08416748 -0.78497314
0.5421753 -0.31134033 -0.08062744 -0.7762451
0.55200195 -0.31469727 -0.07696533 -0.76831055
0.5606079 -0.3170166 -0.07324219 -0.7614746
0.567688 -0.3189087 -0.06933594 -0.75579834
0.57336426 -0.32043457 -0.06542969 -0.7512207
0.5778198 -0.32110596 -0.061950684 -0.7477417
0.5817871 -0.32061768 -0.05895996 -0.7451172
0.58551025 -0.31903076 -0.05609131 -0.743103
0.58935547 -0.31628418 -0.053100586 -0.7415161
0.59332275 -0.31237793 -0.049804688 -0.7402344
0.59710693 -0.3079834 -0.045837402 -0.7392578
0.6003418 -0.30358887 -0.04095459 -0.7387085
0.6029053 -0.2994995 -0.03564453 -0.7385864
0.6047363 -0.29589844 -0.030517578 -0.73883057
0.60565186 -0.29296875 -0.026000977 -0.7393799
