0.34936523 -0.26940918 0.09094238 -0.89282227
0.34802246 -0.2644043 0.08831787 -0.89508057
0.3460083 -0.26013184 0.08618164 -0.89733887
0.3433838 -0.2564087 0.08441162 -0.89959717
0.340271 -0.25305176 0.08251953 -0.90185547
0.33673096 -0.25006104 0.080566406 -0.90423584
0.33276367 -0.24749756 0.07873535 -0.9065552
0.32843018 -0.24572754 0.07720947 -0.90875244
0.32385254 -0.24493408 0.075927734 -0.91070557
0.31933594 -0.24536133 0.07550049 -0.9121704
0.3151245 -0.24731445 0.0758667 -0.91308594
0.3118286 -0.25054932 0.07556152 -0.9133911
0.30969238 -0.25524902 0.074523926 -0.91290283
0.3086548 -0.26153564 0.07293701 -0.9116211
0.30859375 -0.2695923 0.07080078 -0.9094238
0.30993652 -0.27929688 0.06793213 -0.90625
0.31304932 -0.29058838 0.064453125 -0.9019165
0.31799316 -0.30352783 0.06109619 -0.89611816
0.32476807 -0.3180542 0.05822754 -0.88879395
0.3330078 -0.33441162 0.056030273 -0.8798828
0.3423462 -0.35253906 0.05456543 -0.86920166
0.35253906 -0.37243652 0.05419922 -0.8568115
0.36328125 -0.3939209 0.05505371 -0.8425293
0.37457275 -0.41662598 0.056762695 -0.826355
0.3862915 -0.44018555 0.058776855 -0.80841064
0.39831543 -0.46417236 0.060791016 -0.78881836
0.41052246 -0.48791504 0.0625 -0.76776123
0.4227295 -0.5109253 0.0637207 -0.7457886
0.43444824 -0.53289795 0.064819336 -0.7232666
0.44555664 -0.55340576 0.06561279 -0.70062256
0.45581055 -0.57244873 0.06628418 -0.6783447
0.46484375 -0.58984375 0.06695557 -0.6569214
0.47210693 -0.60565186 0.067993164 -0.6369629
0.47698975 -0.6199951 0.06982422 -0.61901855
0.47888184 -0.6334839 0.07281494 -0.60339355
0.4790039 -0.64501953 0.07525635 -0.59069824
0.47808838 -0.6538696 0.07623291 -0.5814209
0.47668457 -0.6599121 0.075683594 -0.57580566
0.47473145 -0.6630249 0.07366943 -0.5740967
0.47143555 -0.6638794 0.07141113 -0.57611084
0.46600342 -0.663147 0.06951904 -0.581604
0.45880127 -0.6607666 0.06762695 -0.5901489
0.4500122 -0.65686035 0.06573486 -0.6014404
0.43963623 -0.6515503 0.0637207 -0.61499023
0.42797852 -0.6447754 0.061157227 -0.6303711
0.41540527 -0.6364746 0.057861328 -0.64733887
0.40197754 -0.62677 0.053771973 -0.66534424
0.38745117 -0.61590576 0.04925537 -0.6842041
0.37176514 -0.6040039 0.044555664 -0.70355225
0.35534668 -0.59088135 0.039367676 -0.72320557
0.33850098 -0.57647705 0.0335083 -0.74298096
0.3218994 -0.56066895 0.026794434 -0.7624512
0.30560303 -0.5438843 0.019714355 -0.78125
0.28979492 -0.52667236 0.012756348 -0.79901123
0.27453613 -0.5098877 0.007385254 -0.8152466
0.25994873 -0.4937744 0.0028076172 -0.829834
0.24621582 -0.47906494 -0.0008544922 -0.8425293
0.23394775 -0.4666748 -0.0028686523 -0.8529053
0.22363281 -0.45739746 -0.0031738281 -0.8607178
0.21575928 -0.4517212 -0.0017700195 -0.8656616
0.21099854 -0.4498291 0.0010986328 -0.86779785
0.20983887 -0.45178223 0.004638672 -0.86712646
0.21185303 -0.4574585 0.008605957 -0.8635864
0.21612549 -0.46691895 0.0138549805 -0.85736084
0.22216797 -0.47973633 0.020080566 -0.8485718
0.22973633 -0.49517822 0.026733398 -0.83740234
0.23858643 -0.5126343 0.033203125 -0.8240967
0.24804688 -0.5315552 0.03967285 -0.8088989
0.25775146 -0.5515747 0.046142578 -0.7919922
0.26757812 -0.5722046 0.05218506 -0.7734375
0.27752686 -0.5932007 0.057373047 -0.753479
0.28759766 -0.61413574 0.061767578 -0.7322998
0.29760742 -0.63482666 0.06549072 -0.710022
0.307312 -0.6550293 0.06866455 -0.68688965
0.3164673 -0.6744995 0.07128906 -0.663208
0.3241577 -0.6933594 0.07409668 -0.6392822
0.33044434 -0.7112427 0.07672119 -0.6156616
0.33496094 -0.7280884 0.07910156 -0.5928345
0.34088135 -0.7421875 0.07867432 -0.57159424
0.3463745 -0.75427246 0.07696533 -0.5524292
0.3511963 -0.7644043 0.074279785 -0.5355835
0.35656738 -0.77178955 0.06964111 -0.5219116
0.3587036 -0.77801514 0.06518555 -0.5115967
0.35595703 -0.78411865 0.061950684 -0.5046387
0.34899902 -0.7894287 0.059326172 -0.50146484
0.3411255 -0.79241943 0.055541992 -0.5026245
0.3322754 -0.7932739 0.050964355 -0.5076294
0.32128906 -0.7929077 0.046203613 -0.51568604
0.3086548 -0.79119873 0.041015625 -0.5263672
0.29589844 -0.7877197 0.034484863 -0.5392456
0.28234863 -0.7828369 0.026977539 -0.553833
0.26812744 -0.7767334 0.018310547 -0.5696411
0.2529297 -0.7695923 0.0087890625 -0.5862427
0.2364502 -0.7616577 -0.0010986328 -0.6033325
0.2197876 -0.75268555 -0.012023926 -0.6204834
0.20288086 -0.743042 -0.023254395 -0.6373291
0.18597412 -0.7329712 -0.034423828 -0.6534424
0.16949463 -0.7227783 -0.045715332 -0.668396
0.15356445 -0.7127075 -0.057373047 -0.6820679
0.13769531 -0.70288086 -0.06842041 -0.694458
0.12200928 -0.6935425 -0.07800293 -0.7056885
0.107177734 -0.6845703 -0.08703613 -0.7157593
0.09350586 -0.6760864 -0.09539795 -0.7246094
0.08111572 -0.66815186 -0.1026001 -0.7324829
0.070373535 -0.66101074 -0.10858154 -0.73913574
0.061279297 -0.6548462 -0.113464355 -0.74468994
0.053833008 -0.64971924 -0.11694336 -0.7491455
0.047973633 -0.6456909 -0.118896484 -0.7527466
