0.6498413 -0.4116211 -0.28527832 -0.5717163
0.6472168 -0.41680908 -0.29351807 -0.56677246
0.64520264 -0.42321777 -0.30126953 -0.5602417
0.6439209 -0.43060303 -0.30847168 -0.552063
0.6439209 -0.43847656 -0.31469727 -0.54229736
0.64538574 -0.4467163 -0.31951904 -0.5308838
0.6477051 -0.4557495 -0.32232666 -0.51849365
0.651001 -0.46466064 -0.3242798 -0.50512695
0.6557007 -0.4725952 -0.32574463 -0.49047852
0.66259766 -0.47894287 -0.3265381 -0.47436523
0.67211914 -0.48345947 -0.32580566 -0.4564209
0.6845703 -0.4862671 -0.32263184 -0.4368286
0.699646 -0.4876709 -0.315979 -0.41577148
0.71520996 -0.48999023 -0.30407715 -0.3947754
0.7304077 -0.49346924 -0.2874756 -0.37457275
0.74468994 -0.49719238 -0.26800537 -0.3555298
0.75756836 -0.5007324 -0.24707031 -0.33807373
0.7694702 -0.50323486 -0.22564697 -0.32208252
0.7805176 -0.50457764 -0.2041626 -0.30755615
0.79089355 -0.5046387 -0.18237305 -0.29418945
0.8007202 -0.5036621 -0.15997314 -0.2821045
0.8099365 -0.5012207 -0.13757324 -0.2718506
0.81811523 -0.49749756 -0.115112305 -0.26446533
0.82470703 -0.4935913 -0.09222412 -0.2602539
0.82995605 -0.4890747 -0.0690918 -0.25933838
0.8341675 -0.48345947 -0.045654297 -0.2614746
0.8378296 -0.47613525 -0.022216797 -0.26611328
0.8413086 -0.4666748 0.001159668 -0.27282715
0.84417725 -0.45562744 0.024597168 -0.28131104
0.84594727 -0.4439087 0.047851562 -0.29162598
0.8463745 -0.43170166 0.07043457 -0.30377197
0.8450928 -0.42016602 0.09240723 -0.31744385
0.84259033 -0.4083252 0.113342285 -0.33233643
0.8394165 -0.39569092 0.13269043 -0.34820557
0.8357544 -0.38189697 0.15026855 -0.36480713
0.831604 -0.36724854 0.16644287 -0.381958
0.8267822 -0.35247803 0.18109131 -0.399292
0.8210449 -0.33831787 0.19415283 -0.41687012
0.8143921 -0.32531738 0.20568848 -0.4343872
0.8070679 -0.31347656 0.2154541 -0.45159912
0.79974365 -0.3022461 0.2232666 -0.46820068
0.7926636 -0.29138184 0.22894287 -0.48413086
0.78570557 -0.28155518 0.23284912 -0.49920654
0.7788696 -0.27270508 0.23504639 -0.51361084
0.7722168 -0.26538086 0.23577881 -0.5269165
0.76586914 -0.25946045 0.23504639 -0.53930664
0.7602539 -0.2538452 0.23223877 -0.5510254
0.7548828 -0.2498169 0.22827148 -0.5618286
0.74957275 -0.24743652 0.22296143 -0.57196045
0.74432373 -0.24639893 0.21624756 -0.58184814
0.73913574 -0.24639893 0.20770264 -0.5914917
0.7338867 -0.24719238 0.19689941 -0.6012573
0.72857666 -0.2487793 0.18383789 -0.611084
0.72320557 -0.25128174 0.16894531 -0.62072754
0.71795654 -0.25445557 0.15264893 -0.6296997
0.7128296 -0.25842285 0.13531494 -0.63775635
0.70788574 -0.26306152 0.1171875 -0.6449585
0.7027588 -0.26843262 0.09838867 -0.6514282
0.69750977 -0.27435303 0.07885742 -0.6572876
0.6921997 -0.28051758 0.05871582 -0.6623535
0.68688965 -0.28729248 0.03857422 -0.6664429
0.6816406 -0.2947998 0.018859863 -0.66937256
0.67633057 -0.30273438 -0.0004272461 -0.6715088
0.6711426 -0.31066895 -0.019165039 -0.67285156
0.6661377 -0.31835938 -0.03704834 -0.6734619
0.6616211 -0.32574463 -0.053771973 -0.6732178
0.6578369 -0.33325195 -0.068725586 -0.67193604
0.65496826 -0.34124756 -0.08166504 -0.6692505
0.6534424 -0.34979248 -0.09295654 -0.66485596
0.6535034 -0.35864258 -0.10321045 -0.65856934
0.6553345 -0.36767578 -0.1126709 -0.65008545
0.6591797 -0.37683105 -0.121276855 -0.63934326
0.664917 -0.38580322 -0.12884521 -0.62646484
0.6720581 -0.39465332 -0.13568115 -0.61169434
0.6798706 -0.40386963 -0.14160156 -0.59552
0.6878052 -0.41351318 -0.14654541 -0.5782471
0.6956787 -0.42340088 -0.1505127 -0.5604248
0.7037964 -0.43249512 -0.15350342 -0.54229736
0.71221924 -0.44067383 -0.15515137 -0.5239868
0.72076416 -0.44805908 -0.15509033 -0.50567627
0.7296753 -0.45446777 -0.15319824 -0.48742676
0.7385864 -0.45983887 -0.15014648 -0.46948242
0.7471924 -0.4642334 -0.14660645 -0.45233154
0.7550659 -0.46801758 -0.14294434 -0.43634033
0.76208496 -0.47143555 -0.13897705 -0.4215088
0.7687378 -0.47436523 -0.13439941 -0.40734863
0.7753296 -0.47680664 -0.12890625 -0.3935547
0.7817993 -0.4788208 -0.122558594 -0.38012695
0.78778076 -0.48077393 -0.11584473 -0.36730957
0.79278564 -0.4829712 -0.108947754 -0.3555298
0.79681396 -0.48535156 -0.10217285 -0.34509277
0.8001709 -0.4874878 -0.096069336 -0.3359375
0.80267334 -0.49005127 -0.090026855 -0.32788086
0.8045044 -0.49249268 -0.084350586 -0.32104492
0.80596924 -0.49456787 -0.07897949 -0.31549072
0.807251 -0.4960327 -0.07385254 -0.31121826
0.8084717 -0.49664307 -0.06915283 -0.3081665
0.80963135 -0.496521 -0.06488037 -0.30615234
0.8106079 -0.49609375 -0.060791016 -0.30517578
0.81134033 -0.49542236 -0.056762695 -0.3050537
0.8117676 -0.494812 -0.052856445 -0.30566406
0.8118286 -0.49438477 -0.04901123 -0.30682373
0.81152344 -0.4940796 -0.04547119 -0.3085327
0.8109741 -0.49401855 -0.042175293 -0.3106079
