148.1875 53.25 77.875
148.3125 53.0625 77.75
148.4375 52.9375 77.625
148.625 52.75 77.5625
148.75 52.5625 77.5
148.875 52.4375 77.4375
149.0625 52.25 77.375
149.1875 52.125 77.25
149.375 52 77.125
149.625 51.9375 77.0625
149.875 51.8125 77.0625
150.125 51.6875 77.0625
150.375 51.625 77.0625
150.5 51.5 77.0625
150.6875 51.4375 77.0625
150.8125 51.375 77
150.875 51.3125 76.9375
151 51.25 76.9375
151.125 51.1875 76.8125
151.25 51.0625 76.75
151.375 51 76.6875
151.5625 50.9375 76.6875
151.6875 50.8125 76.625
151.8125 50.75 76.625
151.9375 50.625 76.5625
152.125 50.4375 76.5
152.3125 50.3125 76.4375
152.5625 50.0625 76.375
152.875 49.8125 76.375
153.125 49.5 76.375
153.4375 49.1875 76.4375
153.75 48.8125 76.4375
154.0625 48.375 76.375
154.4375 47.875 76.375
154.9375 47.3125 76.3125
155.4375 46.6875 76.3125
156.0625 45.9375 76.3125
156.75 45.125 76.375
67.5 44.25 76.4375
68.25 43.3125 76.5625
69.125 42.3125 76.75
71.125 40.125 76.9375
71.125 40.125 76.9375
72.25 38.9375 76.9375
73.4375 37.625 76.875
74.75 36.25 76.8125
76 34.8125 76.8125
77.375 33.3125 76.875
78.6875 31.75 77
80.0625 30.125 77.1875
81.5 28.4375 77.3125
82.9375 26.6875 77.375
84.4375 24.875 77.4375
85.9375 23.0625 77.4375
87.4375 21.25 77.4375
88.9375 19.4375 77.375
90.375 17.625 77.375
91.8125 15.8125 77.4375
93.3125 14.0625 77.5625
94.75 12.25 77.6875
96.1875 10.5625 77.8125
97.625 8.875 77.875
98.9375 7.25 77.8125
100.25 5.6875 77.8125
101.5 4.1875 77.75
102.6875 2.75 77.625
103.8125 1.375 77.5
105 0.0625 77.375
106.125 -1.125 77.1875
107.25 -2.3125 77.0625
108.3125 -3.4375 76.875
109.375 -4.5 76.6875
110.375 -5.5 76.4375
111.3125 -6.4375 76.1875
112.1875 -7.3125 75.9375
113 -8.125 75.6875
113.8125 -8.875 75.5
114.5625 -9.5625 75.375
115.25 -10.125 75.1875
115.875 -10.6875 75.125
116.4375 -11.25 75
117 -11.6875 74.875
117.4375 -12.125 74.8125
117.75 -12.5 74.6875
118.0625 -12.8125 74.625
118.25 -13.0625 74.5
118.375 -13.25 74.375
118.4375 -13.375 74.25
118.5625 -13.5 74.125
118.625 -13.5625 74
118.6875 -13.5625 73.8125
118.75 -13.5625 73.6875
118.75 -13.4375 73.625
118.75 -13.375 73.5
118.75 -13.25 73.375
118.75 -13.1875 73.1875
118.875 -13.0625 72.9375
119 -13 72.75
119.125 -13 72.5625
119.3125 -12.9375 72.3125
119.5 -12.8125 72.125
119.6875 -12.75 71.9375
119.9375 -12.75 71.75
120.25 -12.6875 71.5
120.6875 -12.6875 71.25
121.1875 -12.6875 71
121.75 -12.75 70.75
122.3125 -12.75 70.5
122.9375 -12.75 70.25
123.5625 -12.75 69.9375
124.25 -12.75 69.6875
125.0625 -12.8125 69.375
125.875 -12.8125 68.875
126.75 -12.875 68.0625
127.625 -12.875 67.1875
128.5625 -12.875 66.5625
129.4375 -12.8125 65.9375
130.25 -12.75 65.3125
131.125 -12.5625 64.875
131.9375 -12.4375 64.4375
132.6875 -12.25 64.0625
133.4375 -12.0625 63.6875
134.125 -11.875 63.25
134.75 -11.6875 62.875
135.3125 -11.5625 62.5
135.875 -11.375 62.125
136.3125 -11.25 61.75
136.75 -11.0625 61.5
137.0625 -10.875 61.1875
137.375 -10.6875 60.9375
137.6875 -10.5 60.625
137.9375 -10.3125 60.3125
138.25 -10.0625 60.0625
138.5 -9.875 59.75
138.75 -9.6875 59.5
139 -9.4375 59.3125
139.1875 -9.1875 59.125
139.3125 -9 58.9375
139.5 -8.8125 58.75
139.625 -8.625 58.5625
139.8125 -8.4375 58.375
140 -8.3125 58.1875
140.1875 -8.1875 58.0625
140.3125 -8.0625 57.875
140.4375 -8 57.75
140.5625 -7.9375 57.625
140.625 -7.9375 57.5
