7.84 5.75 1.24
7.82 5.77 1.26
7.8 5.79 1.27
7.79 5.81 1.28
7.77 5.83 1.29
7.75 5.85 1.31
7.74 5.86 1.32
7.73 5.87 1.33
7.72 5.89 1.34
7.71 5.9 1.35
7.7 5.91 1.35
7.69 5.93 1.35
7.68 5.94 1.36
7.67 5.95 1.36
7.66 5.96 1.37
7.65 5.96 1.37
7.65 5.97 1.38
7.64 5.98 1.39
7.63 5.99 1.4
7.62 6 1.41
7.61 6.01 1.42
7.6 6.02 1.42
7.59 6.03 1.43
7.58 6.04 1.44
7.56 6.06 1.45
7.54 6.08 1.46
7.52 6.11 1.47
7.49 6.14 1.48
7.46 6.18 1.49
7.42 6.22 1.5
7.38 6.27 1.51
7.33 6.32 1.52
7.27 6.38 1.54
7.21 6.45 1.56
7.13 6.53 1.59
7.05 6.62 1.61
6.95 6.71 1.62
6.84 6.82 1.63
6.73 6.93 1.64
6.6 7.05 1.66
6.47 7.17 1.67
6.32 7.29 1.69
6.16 7.42 1.72
5.99 7.56 1.75
5.8 7.69 1.79
5.6 7.83 1.83
5.39 7.97 1.85
5.16 8.12 1.86
4.92 8.26 1.87
4.67 8.41 1.88
4.4 8.54 1.9
4.13 8.68 1.92
3.84 8.8 1.95
3.55 8.92 1.98
3.26 9.02 2.01
2.97 9.12 2.03
2.67 9.2 2.04
2.38 9.28 2.04
2.09 9.36 2.04
1.8 9.42 2.03
1.51 9.47 2.03
1.24 9.51 2.04
0.97 9.53 2.05
0.72 9.55 2.07
0.47 9.56 2.09
0.23 9.57 2.11
0.01 9.56 2.14
-0.2 9.56 2.16
-0.4 9.55 2.19
-0.59 9.53 2.21
-0.77 9.51 2.24
-0.94 9.49 2.28
-1.1 9.46 2.32
-1.25 9.43 2.35
-1.39 9.4 2.39
-1.51 9.38 2.42
-1.62 9.35 2.44
-1.73 9.33 2.45
-1.82 9.31 2.47
-1.91 9.29 2.48
-1.99 9.27 2.49
-2.06 9.25 2.5
-2.12 9.23 2.51
-2.18 9.22 2.53
-2.22 9.2 2.54
-2.25 9.19 2.56
-2.27 9.18 2.58
-2.29 9.17 2.6
-2.3 9.16 2.62
-2.3 9.15 2.64
-2.3 9.15 2.66
-2.28 9.14 2.68
-2.27 9.14 2.7
-2.25 9.14 2.72
-2.23 9.14 2.75
-2.22 9.13 2.79
-2.21 9.12 2.82
-2.2 9.11 2.86
-2.19 9.1 2.89
-2.18 9.1 2.92
-2.17 9.09 2.95
-2.16 9.08 2.99
-2.16 9.07 3.02
-2.16 9.06 3.06
-2.16 9.04 3.1
-2.16 9.03 3.14
-2.16 9.01 3.18
-2.16 9 3.22
-2.16 8.98 3.27
-2.17 8.96 3.31
-2.17 8.94 3.36
-2.18 8.92 3.43
-2.18 8.86 3.56
-2.19 8.81 3.69
-2.19 8.77 3.79
-2.18 8.73 3.89
-2.16 8.69 3.98
-2.14 8.66 4.05
-2.11 8.64 4.12
-2.08 8.61 4.18
-2.05 8.59 4.24
-2.02 8.57 4.31
-1.99 8.54 4.37
-1.96 8.52 4.43
-1.94 8.49 4.49
-1.91 8.47 4.54
-1.88 8.45 4.59
-1.85 8.44 4.63
-1.82 8.42 4.67
-1.78 8.4 4.72
-1.75 8.38 4.77
-1.72 8.36 4.81
-1.68 8.34 4.85
-1.65 8.33 4.89
-1.61 8.32 4.93
-1.57 8.31 4.96
-1.53 8.29 4.99
-1.5 8.28 5.02
-1.47 8.27 5.05
-1.44 8.26 5.08
-1.42 8.24 5.1
-1.4 8.23 5.13
-1.38 8.22 5.15
-1.37 8.21 5.17
-1.36 8.2 5.19
-1.35 8.19 5.21
-1.36 8.23 5.14
-1.38 8.28 5.06
-1.38 8.27 5.08
-1.38 8.26 5.09
-1.39 8.25 5.11
-1.4 8.23 5.12
-1.41 8.22 5.14
-1.42 8.22 5.15
-1.43 8.21 5.16
-1.44 8.2 5.17
-1.45 8.19 5.18
