0.6553955 0.08099365 -0.6563721 -0.36480713
0.65545654 0.08166504 -0.65563965 -0.36590576
0.6555176 0.08239746 -0.6548462 -0.3670044
0.65545654 0.08325195 -0.65423584 -0.368042
0.6553345 0.084228516 -0.6536255 -0.3690796
0.65515137 0.08514404 -0.6531372 -0.37005615
0.6550293 0.085754395 -0.65252686 -0.3711548
0.6549072 0.08605957 -0.65197754 -0.37231445
0.6547241 0.086120605 -0.6514282 -0.3735962
0.6542969 0.0859375 -0.651062 -0.37493896
0.6536865 0.085632324 -0.6508179 -0.37652588
0.65216064 0.08514404 -0.65075684 -0.37939453
0.65216064 0.08514404 -0.65075684 -0.37939453
0.6516113 0.08514404 -0.65063477 -0.38049316
0.65130615 0.08514404 -0.65045166 -0.3814087
0.651062 0.08520508 -0.6502075 -0.3821411
0.65093994 0.08532715 -0.6499634 -0.3828125
0.6508789 0.08544922 -0.64959717 -0.3834839
0.65075684 0.08538818 -0.64923096 -0.38433838
0.6505127 0.08538818 -0.64886475 -0.38537598
0.6502075 0.08532715 -0.6485596 -0.38635254
0.64990234 0.08538818 -0.6483154 -0.3873291
0.6496582 0.08557129 -0.64801025 -0.3881836
0.6494751 0.0859375 -0.6477051 -0.38897705
0.649292 0.08630371 -0.64727783 -0.38989258
0.64904785 0.08685303 -0.6467285 -0.3909912
0.64868164 0.087524414 -0.6461792 -0.39245605
0.6480713 0.08850098 -0.6456299 -0.39404297
0.6473999 0.089782715 -0.6451416 -0.39575195
0.64660645 0.0914917 -0.6445923 -0.39752197
0.645874 0.093566895 -0.6439209 -0.399292
0.6451416 0.095947266 -0.64312744 -0.40124512
0.64434814 0.09875488 -0.6421509 -0.40338135
0.64349365 0.10192871 -0.64086914 -0.4058838
0.64123535 0.109558105 -0.6378784 -0.41223145
0.6395874 0.11419678 -0.6362915 -0.4159546
0.63757324 0.11920166 -0.6347656 -0.4199829
0.63513184 0.124694824 -0.6331787 -0.42443848
0.6324463 0.13061523 -0.63153076 -0.42907715
0.6324463 0.13061523 -0.63153076 -0.42907715
0.62945557 0.13690186 -0.62976074 -0.43408203
0.6227417 0.15020752 -0.6253662 -0.44561768
0.6190796 0.15716553 -0.6225586 -0.45220947
0.6190796 0.15716553 -0.6225586 -0.45220947
0.6152954 0.16430664 -0.6191406 -0.45941162
0.6112671 0.171875 -0.6154785 -0.46697998
0.6068115 0.18005371 -0.61169434 -0.47454834
0.6019287 0.18902588 -0.6079712 -0.48205566
0.5964966 0.19866943 -0.6043701 -0.48931885
0.5908203 0.20880127 -0.60058594 -0.49664307
0.5848999 0.21923828 -0.5963745 -0.5041504
0.5788574 0.2298584 -0.59161377 -0.51190186
0.5664673 0.25128174 -0.5805664 -0.52819824
0.5664673 0.25128174 -0.5805664 -0.52819824
0.5602417 0.26202393 -0.5744629 -0.5361328
0.5540161 0.2727661 -0.5682373 -0.5438843
0.5476074 0.28338623 -0.5620117 -0.55133057
0.5407715 0.2939453 -0.5560303 -0.55859375
0.53356934 0.30444336 -0.55041504 -0.5654297
0.52612305 0.3147583 -0.54486084 -0.5720825
0.5187378 0.32476807 -0.53930664 -0.5784912
0.5115967 0.33422852 -0.53344727 -0.58483887
0.5048218 0.3430786 -0.52734375 -0.59106445
0.4984131 0.35162354 -0.52124023 -0.5969238
0.4923706 0.3595581 -0.5148926 -0.60266113
0.48651123 0.36694336 -0.5084839 -0.6083374
0.48077393 0.37371826 -0.50231934 -0.6138916
0.4749756 0.3798828 -0.496521 -0.61932373
0.46923828 0.38537598 -0.49102783 -0.6246338
0.46362305 0.3902588 -0.48583984 -0.6298828
0.45819092 0.3945923 -0.48083496 -0.63494873
0.45306396 0.39849854 -0.47595215 -0.6398926
0.4482422 0.4019165 -0.47106934 -0.64471436
0.43927002 0.40789795 -0.46185303 -0.65374756
0.43927002 0.40789795 -0.46185303 -0.65374756
0.4350586 0.4104004 -0.45770264 -0.65789795
0.4309082 0.4126587 -0.4541626 -0.6616211
0.42694092 0.41467285 -0.45117188 -0.664978
0.42321777 0.41644287 -0.44854736 -0.6680298
0.41973877 0.41815186 -0.446167 -0.67071533
0.41662598 0.4197998 -0.4439087 -0.67315674
0.41375732 0.42132568 -0.44177246 -0.675354
0.41137695 0.4227295 -0.4397583 -0.6772461
0.40942383 0.42407227 -0.43792725 -0.678772
0.40808105 0.4251709 -0.4360962 -0.6800537
0.40722656 0.42596436 -0.43444824 -0.68115234
0.40667725 0.42651367 -0.4329834 -0.68200684
0.40637207 0.4267578 -0.43170166 -0.68292236
0.40625 0.4265747 -0.43041992 -0.6838989
0.40618896 0.42614746 -0.42944336 -0.68481445
0.40618896 0.42541504 -0.428833 -0.68566895
0.40625 0.42456055 -0.42858887 -0.68634033
0.4064331 0.4234619 -0.42852783 -0.68688965
0.40673828 0.42218018 -0.42871094 -0.68743896
0.4071045 0.42071533 -0.42877197 -0.6880493
0.4074707 0.41906738 -0.42858887 -0.68896484
0.40753174 0.41723633 -0.4282837 -0.69018555
0.40734863 0.41534424 -0.42797852 -0.6916504
0.40686035 0.41345215 -0.42785645 -0.69311523
0.40637207 0.41149902 -0.42785645 -0.6945801
0.40582275 0.40948486 -0.42791748 -0.69610596
0.40515137 0.40740967 -0.42797852 -0.69763184
0.4041748 0.4052124 -0.4281006 -0.6994629
0.40270996 0.40283203 -0.42816162 -0.7015991
0.4006958 0.40020752 -0.4282837 -0.7041626
0.39819336 0.39733887 -0.42852783 -0.70703125
0.39538574 0.39440918 -0.42895508 -0.710022
0.39245605 0.39123535 -0.42944336 -0.71307373
0.38934326 0.3880005 -0.42993164 -0.71624756
0.38598633 0.38452148 -0.43048096 -0.7196045
0.38208008 0.3809204 -0.4310913 -0.7232666
0.37780762 0.3768921 -0.4315796 -0.7272949
0.37347412 0.37219238 -0.43139648 -0.73205566
0.36987305 0.36608887 -0.42907715 -0.73828125
0.3659668 0.35980225 -0.42663574 -0.74468994
0.36138916 0.35388184 -0.4257202 -0.7503052
0.35687256 0.34777832 -0.42474365 -0.75579834
0.35235596 0.34161377 -0.4243164 -0.7609863
0.34765625 0.33563232 -0.42474365 -0.76556396
0.34301758 0.3297119 -0.42547607 -0.7698364
0.33850098 0.32385254 -0.4262085 -0.77386475
0.33428955 0.31817627 -0.4267578 -0.777771
0.33032227 0.3126831 -0.42712402 -0.7814331
0.32684326 0.30749512 -0.42718506 -0.7849121
0.32366943 0.3026123 -0.42700195 -0.78826904
0.3206787 0.29803467 -0.4267578 -0.7913208
0.31793213 0.2937622 -0.42663574 -0.7941284
0.3156128 0.28967285 -0.4265747 -0.7965698
0.31359863 0.28582764 -0.4265747 -0.7987671
0.31195068 0.2821045 -0.42645264 -0.80078125
0.31048584 0.27844238 -0.42614746 -0.8027954
0.309021 0.27478027 -0.42578125 -0.8048096
0.30749512 0.27105713 -0.42541504 -0.80682373
0.30596924 0.26733398 -0.42523193 -0.80877686
0.30462646 0.26367188 -0.4251709 -0.81048584
0.3034668 0.26013184 -0.42523193 -0.81207275
0.30249023 0.25683594 -0.42541504 -0.8133545
0.30163574 0.25372314 -0.4255371 -0.8145752
0.30078125 0.25079346 -0.4255371 -0.8157959
0.29992676 0.24798584 -0.425354 -0.81707764
0.29901123 0.2453003 -0.42504883 -0.8183594
0.2980957 0.24291992 -0.4248047 -0.8195801
0.29718018 0.24078369 -0.42456055 -0.8206787
0.29632568 0.23895264 -0.42425537 -0.8216553
0.29559326 0.23742676 -0.42388916 -0.8225708
0.2949829 0.23608398 -0.42340088 -0.8234253
0.29455566 0.23498535 -0.42285156 -0.8241577
0.29315186 0.23675537 -0.42633057 -0.82232666
0.29187012 0.23864746 -0.42962646 -0.82055664
0.29180908 0.23822021 -0.4290161 -0.8209839
0.29174805 0.23797607 -0.42730713 -0.8220215
0.29174805 0.23797607 -0.42730713 -0.8220215
0.29162598 0.23803711 -0.4263916 -0.82250977
0.29156494 0.23828125 -0.42547607 -0.822937
0.2915039 0.23852539 -0.42468262 -0.8232422
0.2915039 0.23883057 -0.42388916 -0.8236084
0.29156494 0.2390747 -0.4230957 -0.8239136
0.291687 0.23931885 -0.42218018 -0.8242798
0.29174805 0.23956299 -0.42126465 -0.824646
0.29174805 0.23986816 -0.4202881 -0.82507324
0.29174805 0.24005127 -0.41931152 -0.8255005
0.29162598 0.24029541 -0.418396 -0.82592773
0.29156494 0.24041748 -0.41748047 -0.826416
0.29144287 0.24041748 -0.41656494 -0.8269043
0.29125977 0.24023438 -0.41571045 -0.8274536
0.29101562 0.2399292 -0.414917 -0.8280029
0.29077148 0.23944092 -0.41412354 -0.8286133
