0.23101807 -0.5116577 -0.20379639 -0.802063
0.2312622 -0.5177002 -0.20355225 -0.79815674
0.23278809 -0.5229492 -0.20111084 -0.7949219
0.23590088 -0.52716064 -0.19763184 -0.79211426
0.24053955 -0.5302124 -0.19335938 -0.78967285
0.24627686 -0.53234863 -0.18811035 -0.78778076
0.25256348 -0.53375244 -0.18243408 -0.7861328
0.25933838 -0.53460693 -0.1772461 -0.7845459
0.26696777 -0.53460693 -0.1729126 -0.782959
0.27624512 -0.53344727 -0.16906738 -0.7813721
0.28796387 -0.5308838 -0.16479492 -0.7798462
0.30163574 -0.52679443 -0.15777588 -0.7788696
0.31726074 -0.5211792 -0.14660645 -0.7786255
0.33441162 -0.513916 -0.13018799 -0.7791748
0.35290527 -0.5046997 -0.10986328 -0.7802124
0.37194824 -0.4934082 -0.08660889 -0.78149414
0.390625 -0.48065186 -0.0635376 -0.78253174
0.40734863 -0.46759033 -0.042907715 -0.7833252
0.42211914 -0.45483398 -0.024780273 -0.7838135
0.43530273 -0.44293213 -0.007385254 -0.78375244
0.44781494 -0.43145752 0.009887695 -0.78308105
0.46044922 -0.41937256 0.027954102 -0.78186035
0.47332764 -0.40594482 0.047546387 -0.7803345
0.48602295 -0.39068604 0.0680542 -0.7788086
0.49743652 -0.3735962 0.08831787 -0.7779541
0.5070801 -0.35498047 0.10656738 -0.7781372
0.5147705 -0.33563232 0.12249756 -0.7792969
0.52038574 -0.31640625 0.13690186 -0.78125
0.524292 -0.29736328 0.15014648 -0.7836914
0.5265503 -0.2786255 0.16308594 -0.786499
0.5272827 -0.25994873 0.17523193 -0.7897339
0.5264282 -0.2411499 0.18591309 -0.79382324
0.5238037 -0.22265625 0.19476318 -0.7988281
0.51934814 -0.20489502 0.20214844 -0.80462646
0.51312256 -0.1887207 0.2084961 -0.8109131
0.50561523 -0.17407227 0.2133789 -0.81762695
0.49700928 -0.16137695 0.21734619 -0.8244629
0.4874878 -0.15008545 0.21972656 -0.831604
0.47668457 -0.1408081 0.22143555 -0.83898926
0.46453857 -0.13317871 0.22253418 -0.8467407
0.45129395 -0.12701416 0.22283936 -0.8547363
0.4375 -0.12176514 0.22210693 -0.86279297
0.42340088 -0.11730957 0.22039795 -0.8708496
0.40899658 -0.11340332 0.21789551 -0.8788452
0.3944702 -0.10986328 0.21484375 -0.8866577
0.38000488 -0.10644531 0.21105957 -0.8942871
0.36572266 -0.103271484 0.20709229 -0.90148926
0.35186768 -0.10040283 0.20288086 -0.90826416
