0.78253174 -0.47460938 -0.22088623 -0.33703613
0.7819214 -0.47198486 -0.21600342 -0.34521484
0.78167725 -0.4680786 -0.20983887 -0.3548584
0.7819214 -0.46221924 -0.20263672 -0.3659668
0.78253174 -0.45422363 -0.19439697 -0.37878418
0.7835083 -0.44396973 -0.18530273 -0.3932495
0.78460693 -0.43151855 -0.17565918 -0.40905762
0.78582764 -0.41693115 -0.16552734 -0.42578125
0.78686523 -0.4008789 -0.15472412 -0.44299316
0.7875366 -0.38397217 -0.14300537 -0.46032715
0.7878418 -0.3665161 -0.1303711 -0.47747803
0.7874756 -0.3491211 -0.11694336 -0.4942627
0.7866211 -0.3319702 -0.10333252 -0.51031494
0.7855835 -0.31488037 -0.090026855 -0.5249634
0.78466797 -0.2980957 -0.07733154 -0.5380249
0.78393555 -0.28186035 -0.06518555 -0.54937744
0.78289795 -0.2670288 -0.05316162 -0.5593872
0.7815552 -0.2541504 -0.04119873 -0.5682373
0.7799072 -0.2432251 -0.029174805 -0.57598877
0.7782593 -0.23370361 -0.017700195 -0.58258057
0.77667236 -0.22515869 -0.007385254 -0.58825684
0.7751465 -0.21734619 0.0012817383 -0.5932007
0.7735596 -0.21044922 0.008544922 -0.59765625
0.7718506 -0.20458984 0.014465332 -0.60180664
0.76989746 -0.19989014 0.019042969 -0.6057129
0.76776123 -0.19659424 0.022399902 -0.60943604
0.76538086 -0.19464111 0.024291992 -0.6129761
0.7628174 -0.19354248 0.024414062 -0.6165161
0.7598877 -0.19348145 0.022766113 -0.6201782
0.7564697 -0.19451904 0.01928711 -0.6241455
0.7523804 -0.1965332 0.014038086 -0.62854004
0.74768066 -0.19958496 0.0072631836 -0.6333008
0.7423096 -0.20397949 -0.00036621094 -0.63830566
0.7363281 -0.20935059 -0.008728027 -0.6433716
0.7296753 -0.21551514 -0.017822266 -0.6487427
0.7223511 -0.22216797 -0.02722168 -0.6542969
0.7145996 -0.22924805 -0.03668213 -0.6598511
0.706604 -0.23638916 -0.045898438 -0.66534424
0.69873047 -0.24328613 -0.0546875 -0.6705322
0.6911621 -0.24969482 -0.06286621 -0.67529297
0.68408203 -0.2555542 -0.07019043 -0.6795654
0.67767334 -0.260437 -0.0769043 -0.68341064
