0.5656738 -0.3031006 -0.37145996 -0.6709595
0.5645752 -0.30639648 -0.37451172 -0.66864014
0.5633545 -0.31048584 -0.37768555 -0.6660156
0.5620117 -0.31530762 -0.38128662 -0.66278076
0.5609741 -0.32080078 -0.3850708 -0.6588745
0.56036377 -0.32696533 -0.38891602 -0.65405273
0.56048584 -0.33380127 -0.39233398 -0.6484375
0.5614624 -0.34106445 -0.39508057 -0.64208984
0.5634155 -0.3484497 -0.39733887 -0.63500977
0.5664673 -0.35546875 -0.39935303 -0.6270752
0.5708618 -0.3619995 -0.4008789 -0.6184082
0.576416 -0.368042 -0.4017334 -0.6090088
0.5828247 -0.3739624 -0.40161133 -0.5993042
0.58984375 -0.37957764 -0.40063477 -0.58947754
0.59710693 -0.3850708 -0.39849854 -0.5800171
0.6048584 -0.39007568 -0.39520264 -0.5708008
0.61364746 -0.39434814 -0.39086914 -0.56140137
0.6234741 -0.39801025 -0.3848877 -0.55200195
0.63427734 -0.40118408 -0.37701416 -0.54278564
0.64575195 -0.40344238 -0.36761475 -0.53393555
0.6576538 -0.4043579 -0.35736084 -0.52563477
0.6694336 -0.40405273 -0.34649658 -0.5181885
0.6807251 -0.40289307 -0.3352661 -0.5117798
0.6914673 -0.40093994 -0.32366943 -0.50634766
0.70166016 -0.3982544 -0.31170654 -0.5018921
0.71154785 -0.39489746 -0.29937744 -0.4981079
0.7211914 -0.39074707 -0.28656006 -0.49505615
0.7305908 -0.3859253 -0.27319336 -0.4925537
0.739624 -0.38049316 -0.25946045 -0.4907837
0.74823 -0.37408447 -0.2454834 -0.48986816
0.7561035 -0.36669922 -0.2312622 -0.49023438
0.7632446 -0.35827637 -0.21691895 -0.49194336
0.7695923 -0.348938 -0.20245361 -0.49499512
0.7752075 -0.33868408 -0.18774414 -0.49908447
0.78015137 -0.32788086 -0.17272949 -0.5040283
0.7844238 -0.3166504 -0.1572876 -0.5095825
0.788147 -0.3048706 -0.1416626 -0.51556396
0.7913208 -0.29223633 -0.12628174 -0.52197266
0.7939453 -0.27844238 -0.11126709 -0.5288696
0.7958374 -0.2640381 -0.09637451 -0.5363159
0.796875 -0.24920654 -0.081604004 -0.5442505
0.7969971 -0.23425293 -0.06695557 -0.5527344
0.7960205 -0.21954346 -0.052124023 -0.5616455
0.7941284 -0.20526123 -0.037597656 -0.5708008
0.7915039 -0.19110107 -0.023925781 -0.5800171
0.7883911 -0.17736816 -0.011230469 -0.58898926
0.78466797 -0.16436768 0.00030517578 -0.5977173
0.78045654 -0.15246582 0.011108398 -0.6062012
0.7758179 -0.1416626 0.020935059 -0.61450195
0.770874 -0.13146973 0.029418945 -0.6225586
0.7658081 -0.12188721 0.036499023 -0.63031006
0.7605591 -0.113220215 0.042419434 -0.63793945
0.7550049 -0.10534668 0.047424316 -0.6454468
0.7491455 -0.098083496 0.051513672 -0.6530762
0.74298096 -0.09161377 0.05505371 -0.66070557
0.73657227 -0.086120605 0.058044434 -0.66833496
0.72991943 -0.08148193 0.060424805 -0.67596436
0.72320557 -0.07757568 0.06201172 -0.68341064
0.71655273 -0.07446289 0.062805176 -0.69073486
0.7098999 -0.072265625 0.062927246 -0.6977539
0.7034302 -0.07055664 0.062316895 -0.7044678
0.6972046 -0.06915283 0.061157227 -0.71087646
0.69122314 -0.068115234 0.059692383 -0.71698
0.6854248 -0.06750488 0.058166504 -0.7227173
0.6798096 -0.06719971 0.05645752 -0.7281494
0.6744385 -0.06713867 0.05456543 -0.73321533
0.66955566 -0.06719971 0.052490234 -0.737854
0.66522217 -0.06738281 0.05041504 -0.7418823
0.6616211 -0.06781006 0.04852295 -0.74523926
0.6586914 -0.068237305 0.04675293 -0.74786377
0.6564331 -0.068847656 0.04510498 -0.7498779
0.6548462 -0.06945801 0.043518066 -0.7513428
0.6538086 -0.070007324 0.041870117 -0.7522583
0.65338135 -0.07055664 0.04034424 -0.75268555
0.6533203 -0.07116699 0.039245605 -0.75268555
0.6536865 -0.07171631 0.038635254 -0.7523804
0.65423584 -0.07208252 0.038330078 -0.7518921
0.6548462 -0.072387695 0.038208008 -0.75128174
0.6553955 -0.07269287 0.038208008 -0.75079346
0.65582275 -0.07312012 0.038208008 -0.7503662
0.6560669 -0.0736084 0.037963867 -0.7501221
0.65625 -0.07446289 0.03778076 -0.74993896
0.6563721 -0.075683594 0.037353516 -0.74975586
0.6563721 -0.07720947 0.036621094 -0.74957275
