0.27752686 -0.55633545 -0.11315918 -0.7750244
0.28857422 -0.56225586 -0.1116333 -0.76690674
0.29986572 -0.5682373 -0.10455322 -0.75909424
0.31140137 -0.57385254 -0.09387207 -0.7515869
0.3237915 -0.57836914 -0.08312988 -0.7441406
0.3373413 -0.5811157 -0.07385254 -0.7369385
0.35205078 -0.5819702 -0.06536865 -0.7301636
0.3682251 -0.5807495 -0.05633545 -0.7238159
0.38586426 -0.57733154 -0.045776367 -0.71813965
0.4033203 -0.5722656 -0.031555176 -0.7133179
0.4202881 -0.56573486 -0.01574707 -0.70928955
0.43640137 -0.5578613 -0.00024414062 -0.7059326
0.4517212 -0.5488281 0.0138549805 -0.7032471
0.46643066 -0.53881836 0.026794434 -0.70098877
0.48065186 -0.5281372 0.039489746 -0.6989136
0.49450684 -0.5165405 0.052246094 -0.6970825
0.50787354 -0.5040283 0.06555176 -0.6954346
0.520813 -0.49041748 0.07928467 -0.69421387
0.5328369 -0.47564697 0.09399414 -0.6935425
0.5432739 -0.460083 0.11035156 -0.6935425
0.5522461 -0.44348145 0.12762451 -0.69433594
0.55963135 -0.42590332 0.14471436 -0.69610596
0.56518555 -0.4078369 0.16131592 -0.69873047
0.5687866 -0.38964844 0.17736816 -0.7022705
0.57073975 -0.3713379 0.19213867 -0.7067261
0.57110596 -0.35290527 0.20587158 -0.7119751
0.5700073 -0.3345337 0.21881104 -0.7178345
0.5671997 -0.3164673 0.23120117 -0.7243042
0.5628052 -0.2984619 0.24298096 -0.7315674
0.5570679 -0.27996826 0.25341797 -0.739624
0.550354 -0.26098633 0.2623291 -0.7484131
0.54260254 -0.2421875 0.27020264 -0.75756836
0.5338135 -0.22406006 0.2769165 -0.76690674
0.52404785 -0.20727539 0.2821045 -0.7764282
0.51379395 -0.19189453 0.2854004 -0.7859497
0.5029907 -0.1786499 0.2878418 -0.795105
0.4918213 -0.1675415 0.28985596 -0.803772
0.4802246 -0.15814209 0.29125977 -0.8121338
0.4683838 -0.15002441 0.29180908 -0.8203125
0.4562378 -0.14294434 0.29174805 -0.8284302
0.44384766 -0.13677979 0.2909546 -0.8364258
0.43133545 -0.13122559 0.28900146 -0.84454346
0.4189453 -0.12640381 0.28625488 -0.85235596
0.40667725 -0.122558594 0.28320312 -0.8598633
0.39434814 -0.11956787 0.27954102 -0.8671875
0.3817749 -0.11743164 0.27545166 -0.87438965
0.36920166 -0.11602783 0.27075195 -0.8814697
0.35656738 -0.11517334 0.26574707 -0.8882446
0.34399414 -0.114868164 0.26098633 -0.8946533
0.3314209 -0.11505127 0.2567749 -0.90057373
0.31884766 -0.11578369 0.25323486 -0.90600586
