77.25 52.125 4.5625
77.4375 52.125 4.625
77.5625 52.125 4.625
77.75 52.125 4.5625
77.875 52.125 4.5625
78.0625 52.0625 4.5
78.25 52.0625 4.5
78.4375 52.0625 4.4375
78.625 52.0625 4.4375
78.8125 52.0625 4.375
79 52 4.375
79.0625 52 4.3125
79.125 52 4.25
79.1875 52 4.1875
79.25 52 4.0625
79.3125 51.9375 4
79.3125 51.9375 3.875
79.4375 51.9375 3.75
79.5 51.9375 3.625
79.625 51.9375 3.5
79.6875 51.9375 3.375
79.75 51.9375 3.25
79.8125 51.875 3.1875
79.8125 51.8125 3.0625
79.875 51.75 3
79.875 51.6875 2.875
79.9375 51.6875 2.8125
79.9375 51.625 2.75
80 51.625 2.6875
80.0625 51.625 2.5625
80.0625 51.6875 2.4375
80.1875 51.6875 2.3125
80.25 51.75 2.25
80.3125 51.75 2.125
80.375 51.8125 2
80.4375 51.8125 1.8125
80.5 51.75 1.6875
80.625 51.75 1.5
80.6875 51.6875 1.375
80.8125 51.625 1.3125
80.875 51.4375 1.1875
81 51.3125 1.125
81.125 51 1.125
81.1875 50.6875 1.1875
81.375 50.375 1.25
81.5625 49.875 1.4375
81.8125 49.375 1.5625
82.0625 48.6875 1.875
82.375 48.0625 2.125
82.6875 47.25 2.4375
83.0625 46.3125 2.8125
83.4375 45.375 3.1875
353.8125 44.375 3.5625
354.1875 43.3125 3.9375
354.5625 42.1875 4.3125
354.9375 41.0625 4.625
355.3125 39.875 4.9375
355.6875 38.6875 5.25
356.0625 37.4375 5.5625
356.4375 36.1875 5.8125
356.875 34.875 6.1875
357.3125 33.5 6.5
357.75 32.0625 6.8125
358.1875 30.625 7.125
358.5625 29.0625 7.4375
358.9375 27.375 7.75
359.1875 25.5625 8.0625
359.4375 23.75 8.25
359.625 21.8125 8.4375
359.75 19.8125 8.5625
359.8125 17.875 8.6875
359.9375 15.875 8.875
0.0625 13.875 9.125
0.125 12 9.3125
0.25 10.125 9.625
0.375 8.375 9.875
0.5625 6.75 10.125
0.6875 5.25 10.3125
0.8125 3.875 10.5625
1 2.75 10.75
1.1875 1.6875 10.9375
1.375 0.8125 11.125
1.625 0.0625 11.375
1.8125 -0.4375 11.5625
2 -1 11.75
2.1875 -1.375 11.875
2.375 -1.6875 12
2.5 -2 12.125
2.5625 -2.25 12.1875
2.625 -2.4375 12.1875
2.6875 -2.6875 12.1875
2.75 -2.875 12.1875
2.75 -3.0625 12.1875
2.8125 -3.25 12.25
2.8125 -3.375 12.25
2.75 -3.5 12.1875
2.75 -3.6875 12.1875
2.6875 -3.75 12.125
2.6875 -3.875 12.0625
2.6875 -3.9375 12.0625
2.6875 -4 12
2.6875 -4 12
2.75 -4 11.9375
2.8125 -4 11.875
2.9375 -3.9375 11.8125
3.0625 -3.875 11.75
3.25 -3.8125 11.75
3.4375 -3.6875 11.6875
3.75 -3.5625 11.6875
4.0625 -3.4375 11.625
4.5 -3.3125 11.625
5 -3.125 11.5625
5.5625 -2.9375 11.5
6.1875 -2.6875 11.375
6.8125 -2.5 11.25
7.5625 -2.1875 11.125
8.3125 -1.9375 10.9375
9.1875 -1.625 10.8125
10.0625 -1.3125 10.6875
11 -1.0625 10.625
11.875 -0.75 10.5
12.75 -0.5 10.375
13.5 -0.25 10.25
14.1875 -0.0625 10.125
