7.74 0.48 5.99
7.74 0.48 5.99
7.74 0.48 5.99
7.74 0.48 6
7.73 0.47 6
7.73 0.47 6
7.73 0.47 6
7.73 0.46 6
7.73 0.46 6
7.73 0.46 6.01
7.73 0.45 6.01
7.73 0.45 6.01
7.72 0.44 6.01
7.72 0.43 6.02
7.72 0.42 6.02
7.72 0.4 6.02
7.72 0.39 6.02
7.72 0.38 6.02
7.72 0.37 6.02
7.72 0.35 6.03
7.72 0.34 6.03
7.71 0.33 6.04
7.71 0.32 6.04
7.7 0.31 6.05
7.7 0.3 6.06
7.69 0.3 6.07
7.69 0.29 6.07
7.69 0.28 6.07
7.69 0.27 6.07
7.69 0.26 6.07
7.69 0.25 6.06
7.7 0.23 6.06
7.7 0.22 6.05
7.7 0.21 6.05
7.7 0.19 6.05
7.7 0.18 6.06
7.7 0.16 6.06
7.69 0.15 6.07
7.69 0.13 6.08
7.67 0.13 6.1
7.65 0.12 6.12
7.62 0.12 6.16
7.59 0.12 6.2
7.55 0.13 6.25
7.49 0.15 6.31
7.44 0.17 6.38
7.37 0.21 6.46
7.29 0.24 6.54
7.2 0.28 6.64
7.09 0.33 6.75
6.98 0.38 6.87
6.86 0.44 6.99
6.72 0.49 7.11
6.58 0.54 7.24
6.44 0.6 7.36
6.29 0.65 7.49
6.13 0.7 7.61
5.96 0.75 7.74
5.79 0.8 7.87
5.6 0.86 7.99
5.41 0.92 8.12
5.21 0.98 8.24
4.99 1.04 8.37
4.76 1.11 8.49
4.51 1.17 8.62
4.24 1.24 8.75
3.95 1.29 8.88
3.64 1.33 9
3.33 1.37 9.11
3.01 1.41 9.22
2.68 1.46 9.31
2.36 1.51 9.39
2.04 1.56 9.46
1.73 1.61 9.51
1.43 1.66 9.55
1.15 1.71 9.58
0.9 1.75 9.6
0.67 1.79 9.61
0.47 1.83 9.62
0.29 1.86 9.62
0.14 1.9 9.61
0.02 1.93 9.61
-0.08 1.96 9.6
-0.17 1.99 9.59
-0.24 2.02 9.59
-0.29 2.04 9.58
-0.34 2.06 9.58
-0.38 2.07 9.57
-0.42 2.07 9.57
-0.46 2.07 9.57
-0.49 2.07 9.57
-0.52 2.07 9.56
-0.55 2.07 9.56
-0.58 2.07 9.56
-0.6 2.07 9.56
-0.63 2.06 9.56
-0.65 2.06 9.56
-0.66 2.05 9.56
-0.68 2.04 9.56
-0.68 2.04 9.56
-0.69 2.03 9.56
-0.69 2.03 9.56
-0.69 2.02 9.57
-0.68 2.01 9.57
-0.67 2 9.57
-0.65 1.99 9.57
-0.63 1.98 9.58
-0.61 1.98 9.58
-0.59 1.98 9.58
-0.56 1.97 9.58
-0.53 1.96 9.59
-0.5 1.95 9.59
-0.46 1.93 9.6
-0.42 1.91 9.6
-0.38 1.89 9.61
-0.33 1.86 9.62
-0.28 1.84 9.62
-0.23 1.82 9.63
-0.18 1.8 9.63
-0.13 1.78 9.64
-0.08 1.77 9.64
-0.04 1.75 9.64
-0.01 1.73 9.65
0.01 1.71 9.65
0.03 1.69 9.65
0.05 1.67 9.66
0.07 1.66 9.66
0.08 1.65 9.66
0.09 1.64 9.66
0.11 1.63 9.66
0.12 1.62 9.67
0.13 1.6 9.67
0.15 1.58 9.67
0.17 1.55 9.68
