0.89208984 0.07598877 -0.43414307 0.099487305
0.89227295 0.07543945 -0.4342041 0.09802246
0.89245605 0.07489014 -0.43426514 0.09686279
0.8925781 0.074279785 -0.43432617 0.09576416
0.89276123 0.07348633 -0.4343872 0.09454346
0.89294434 0.072631836 -0.4343872 0.09320068
0.8931885 0.07171631 -0.4343872 0.091674805
0.8933716 0.07067871 -0.43444824 0.09008789
0.8937378 0.068847656 -0.4345703 0.0871582
0.8937378 0.068847656 -0.4345703 0.0871582
0.8939209 0.06817627 -0.4345703 0.08605957
0.89404297 0.06756592 -0.43450928 0.08526611
0.8942871 0.06628418 -0.43444824 0.08441162
0.8942871 0.06628418 -0.43444824 0.08441162
0.8944092 0.06555176 -0.4343872 0.08404541
0.8945923 0.06378174 -0.4343872 0.08319092
0.8945923 0.06378174 -0.4343872 0.08319092
0.89471436 0.062683105 -0.43444824 0.08258057
0.8947754 0.061584473 -0.4345703 0.081848145
0.89489746 0.06048584 -0.43463135 0.08111572
0.89501953 0.059448242 -0.43463135 0.080444336
0.89520264 0.05859375 -0.4345703 0.07989502
0.89538574 0.057800293 -0.43432617 0.079589844
0.8956299 0.057128906 -0.43395996 0.0793457
0.895874 0.05645752 -0.4335327 0.07922363
0.89611816 0.055847168 -0.4331665 0.07904053
0.89630127 0.05529785 -0.43292236 0.07891846
0.89642334 0.054748535 -0.4328003 0.07861328
0.8964844 0.05407715 -0.43273926 0.078308105
0.8964844 0.05328369 -0.43292236 0.077941895
0.89642334 0.052368164 -0.4331665 0.07745361
0.8963623 0.051452637 -0.4335327 0.0769043
0.89630127 0.05053711 -0.43389893 0.076293945
0.89624023 0.049560547 -0.43426514 0.07574463
0.8961792 0.04852295 -0.43450928 0.07519531
0.89624023 0.047424316 -0.43463135 0.074645996
0.8963623 0.046142578 -0.4345703 0.07409668
0.89660645 0.044921875 -0.43444824 0.07330322
0.8968506 0.043762207 -0.43414307 0.0725708
0.8972168 0.042663574 -0.4336548 0.07183838
0.8978882 0.041809082 -0.43243408 0.07116699
0.8985596 0.04095459 -0.43121338 0.07055664
0.89971924 0.04046631 -0.42895508 0.06976318
0.9008789 0.039978027 -0.42669678 0.06896973
0.9022827 0.03967285 -0.42388916 0.06793213
0.90423584 0.039794922 -0.41992188 0.066345215
0.90618896 0.039855957 -0.4159546 0.064819336
0.9086914 0.040222168 -0.4107666 0.062683105
0.9111328 0.04058838 -0.4055786 0.060546875
0.91412354 0.04144287 -0.3991089 0.0579834
0.9173584 0.042419434 -0.39190674 0.05529785
0.92071533 0.043518066 -0.3842163 0.05255127
0.92419434 0.044677734 -0.37609863 0.049804688
0.9277344 0.045837402 -0.36749268 0.04699707
0.9312744 0.04699707 -0.35858154 0.044128418
0.93481445 0.04815674 -0.34936523 0.041259766
0.9383545 0.049316406 -0.33996582 0.038269043
0.94189453 0.050476074 -0.3302002 0.035217285
0.9454346 0.051574707 -0.3201294 0.032165527
0.9489746 0.052856445 -0.30963135 0.029052734
0.9523926 0.054626465 -0.2987671 0.025878906
0.9558716 0.056274414 -0.28753662 0.022338867
0.9592285 0.057922363 -0.27593994 0.018737793
0.9626465 0.059692383 -0.2637329 0.015136719
0.9660034 0.061950684 -0.25073242 0.0119018555
0.9694214 0.064208984 -0.23669434 0.008911133
0.9727783 0.06652832 -0.22180176 0.0064697266
0.97613525 0.068481445 -0.20605469 0.0045166016
0.9793091 0.070251465 -0.18969727 0.003112793
0.9822998 0.07183838 -0.17285156 0.0020141602
0.9850464 0.07342529 -0.15582275 0.0010986328
0.98742676 0.07543945 -0.13873291 0.00024414062
0.98950195 0.07775879 -0.12176514 -0.00061035156
0.99121094 0.080200195 -0.10510254 -0.0015258789
0.9925537 0.08270264 -0.08911133 -0.0025634766
0.9935913 0.08514404 -0.073913574 -0.0037231445
0.99432373 0.087524414 -0.059753418 -0.0049438477
0.994812 0.08984375 -0.046813965 -0.006225586
0.9951172 0.09185791 -0.035217285 -0.007507324
0.99523926 0.09375 -0.025024414 -0.008911133
0.99523926 0.095458984 -0.016296387 -0.010559082
0.9951172 0.097229004 -0.0087890625 -0.012329102
0.9949951 0.099121094 -0.0025024414 -0.014282227
0.994751 0.10095215 0.002746582 -0.016113281
0.9945679 0.10253906 0.006958008 -0.0178833
0.99432373 0.10406494 0.010375977 -0.019470215
0.9941406 0.105285645 0.013122559 -0.020751953
0.99401855 0.1060791 0.0154418945 -0.02178955
0.9938965 0.10656738 0.01751709 -0.022521973
0.99383545 0.10681152 0.01940918 -0.023132324
0.9937744 0.10687256 0.021240234 -0.023620605
0.9937134 0.10699463 0.022949219 -0.024047852
0.99365234 0.1071167 0.024536133 -0.024353027
0.9935913 0.10723877 0.026000977 -0.024475098
0.9935303 0.107299805 0.02734375 -0.024414062
0.9935303 0.107177734 0.028625488 -0.024169922
0.9935303 0.10687256 0.029785156 -0.023864746
0.9935303 0.10650635 0.030822754 -0.023620605
0.9935913 0.10620117 0.03173828 -0.0234375
0.9935913 0.10583496 0.032409668 -0.0234375
0.9935913 0.105529785 0.03289795 -0.02355957
0.9935913 0.10546875 0.033081055 -0.023742676
0.9935913 0.105163574 0.033081055 -0.024169922
0.99365234 0.10455322 0.032836914 -0.024780273
0.9937134 0.104003906 0.032348633 -0.025756836
0.9937744 0.103515625 0.031555176 -0.027038574
0.9937744 0.103149414 0.030639648 -0.028503418
0.9937744 0.10284424 0.02960205 -0.030334473
0.9937744 0.10284424 0.028381348 -0.03265381
0.9937134 0.1026001 0.026855469 -0.035705566
0.99365234 0.10229492 0.025146484 -0.039367676
0.9935913 0.101867676 0.023132324 -0.043762207
0.99346924 0.101257324 0.020935059 -0.04864502
0.99328613 0.10040283 0.018615723 -0.053894043
0.99316406 0.0993042 0.015991211 -0.059570312
0.9929199 0.09802246 0.013183594 -0.0657959
0.99261475 0.09680176 0.010192871 -0.0725708
0.9921875 0.095581055 0.007019043 -0.079956055
0.9916382 0.09436035 0.0037231445 -0.08770752
0.99102783 0.09307861 0.0004272461 -0.095581055
0.9904175 0.091796875 -0.002746582 -0.10333252
0.98968506 0.09057617 -0.0056152344 -0.11065674
0.9890137 0.089416504 -0.008056641 -0.117248535
0.9884033 0.088134766 -0.010192871 -0.123291016
0.98773193 0.08679199 -0.011962891 -0.12902832
0.98638916 0.0847168 -0.014892578 -0.14001465
0.98638916 0.0847168 -0.014892578 -0.14001465
0.9857178 0.083862305 -0.016052246 -0.14526367
0.98498535 0.08306885 -0.017150879 -0.15026855
0.98431396 0.082336426 -0.018127441 -0.1550293
0.9836426 0.081604004 -0.018981934 -0.15942383
0.9830322 0.08074951 -0.01977539 -0.16345215
0.9824829 0.079711914 -0.020690918 -0.1671753
0.9819336 0.07836914 -0.02166748 -0.17077637
0.9814453 0.0769043 -0.022827148 -0.17419434
0.98095703 0.07550049 -0.024108887 -0.17736816
0.9805298 0.07397461 -0.025512695 -0.18011475
0.9802246 0.07232666 -0.026977539 -0.18231201
0.97998047 0.07080078 -0.028320312 -0.18389893
0.9798584 0.06951904 -0.02947998 -0.18493652
0.97979736 0.068481445 -0.030395508 -0.1854248
0.97979736 0.06762695 -0.030883789 -0.18554688
0.9798584 0.06689453 -0.03100586 -0.1854248
0.97998047 0.06652832 -0.030822754 -0.1852417
