0.6097412 -0.21600342 0.18652344 -0.7394409
0.6190796 -0.22033691 0.17871094 -0.7322998
0.62976074 -0.2241211 0.171875 -0.7236328
0.64160156 -0.22741699 0.16625977 -0.71343994
0.65448 -0.2300415 0.1619873 -0.7017822
0.66851807 -0.23168945 0.15881348 -0.68859863
0.6838379 -0.23156738 0.15582275 -0.6741333
0.7003174 -0.22973633 0.15325928 -0.65826416
0.7173462 -0.22698975 0.15136719 -0.64105225
0.734375 -0.22381592 0.15045166 -0.62286377
0.7509155 -0.22045898 0.15093994 -0.60388184
0.76672363 -0.21716309 0.15332031 -0.58428955
0.7814331 -0.21447754 0.15759277 -0.5643921
0.79437256 -0.21209717 0.16320801 -0.5452881
0.80548096 -0.2098999 0.17004395 -0.5274658
0.81481934 -0.20739746 0.17822266 -0.5111084
0.822876 -0.20379639 0.18719482 -0.49627686
0.829895 -0.19873047 0.19665527 -0.48284912
0.83599854 -0.19244385 0.20684814 -0.47045898
0.8411865 -0.18463135 0.21783447 -0.45916748
0.84539795 -0.17596436 0.22991943 -0.44885254
0.84851074 -0.16699219 0.24273682 -0.43963623
0.8505249 -0.15795898 0.2557373 -0.43151855
0.85180664 -0.14819336 0.26849365 -0.42474365
0.8522949 -0.13739014 0.2810669 -0.41918945
0.85198975 -0.12512207 0.2939453 -0.41479492
0.85076904 -0.11187744 0.30773926 -0.41107178
0.8483887 -0.09906006 0.3227539 -0.4076538
0.8449707 -0.08721924 0.33850098 -0.40472412
0.8405762 -0.076416016 0.35437012 -0.40252686
0.8355713 -0.066345215 0.369812 -0.4008789
0.83013916 -0.05682373 0.3843994 -0.3998413
0.8243408 -0.04736328 0.3980713 -0.39971924
0.8182373 -0.03729248 0.4105835 -0.40063477
0.8119507 -0.026428223 0.42236328 -0.4020996
0.8057251 -0.01586914 0.43371582 -0.40307617
0.79974365 -0.0056762695 0.44433594 -0.4036255
0.7940674 0.0037231445 0.4541626 -0.40393066
0.7883911 0.01159668 0.4633789 -0.4043579
0.7824707 0.01776123 0.4724121 -0.40533447
0.7761841 0.022399902 0.4810791 -0.40698242
0.76953125 0.026367188 0.48919678 -0.4095459
0.7628174 0.030090332 0.49682617 -0.41278076
0.7560425 0.033935547 0.5036011 -0.41674805
0.74938965 0.038085938 0.5093994 -0.42132568
0.74279785 0.0423584 0.51446533 -0.4263916
0.7363281 0.04638672 0.51898193 -0.43170166
0.72979736 0.050048828 0.52301025 -0.43737793
0.72351074 0.053100586 0.5265503 -0.4432373
0.7174072 0.055419922 0.529541 -0.4492798
0.7114868 0.05706787 0.5319214 -0.45562744
0.70581055 0.0579834 0.5336304 -0.46228027
0.70025635 0.058532715 0.5345459 -0.46954346
0.6946411 0.058776855 0.5348511 -0.477417
0.68896484 0.058654785 0.53479004 -0.48571777
0.6831665 0.058044434 0.53448486 -0.49420166
