280.4375 28.9375 -105.125
281.0625 29.375 -104.75
281.75 29.9375 -104.375
282.375 30.4375 -103.9375
282.9375 31 -103.5
283.5 31.5 -103.125
284.0625 32 -102.6875
284.5625 32.5 -102.375
285 33 -102.125
285.375 33.4375 -102
285.625 33.875 -101.875
285.8125 34.3125 -101.875
285.8125 34.625 -102
285.75 34.875 -102.1875
285.625 34.9375 -102.4375
285.375 34.875 -102.8125
285.0625 34.625 -103.375
284.625 34.1875 -104
284.125 33.625 -104.8125
283.625 32.75 -105.6875
283.0625 31.75 -106.75
282.375 30.5 -107.9375
281.75 29.0625 -109.125
281.0625 27.375 -110.4375
280.375 25.5625 -111.8125
279.625 23.5 -113.125
278.875 21.375 -114.375
278.0625 19.1875 -115.625
277.1875 17 -116.75
276.25 14.75 -117.8125
275.375 12.5 -118.8125
274.375 10.25 -119.6875
273.4375 8.0625 -120.5
272.4375 6 -121.25
271.4375 4.25 -121.625
270.4375 2.5625 -121.9375
269.5625 1.5 -122.4375
268.875 0.875 -122.75
268.125 0.25 -123
267.5 0.125 -123.3125
267 0.4375 -123.6875
266.625 1.125 -124.0625
266.3125 2.1875 -124.4375
266.25 3.75 -124.9375
266.1875 5.375 -125.4375
266.3125 7.3125 -125.875
266.5625 9.4375 -126.3125
266.875 11.6875 -126.625
267.1875 14.0625 -127
267.5 16.6875 -127.25
267.6875 19.375 -127.375
267.875 22.3125 -127.3125
268.0625 25.1875 -127.3125
268.1875 27.9375 -127
268.4375 30.5 -126.8125
268.6875 32.8125 -126.375
269.0625 34.8125 -126.0625
269.375 36.3125 -125.8125
269.625 37.375 -125.6875
269.8125 38 -125.6875
269.875 38.0625 -125.875
270 37.75 -126.3125
270 37 -127
269.9375 35.9375 -127.875
269.75 34.625 -128.9375
269.4375 33.0625 -130.0625
269.125 31.25 -131.1875
268.6875 29.3125 -132.3125
268.3125 27.1875 -133.3125
267.875 24.9375 -134.3125
267.4375 22.5625 -135.3125
267 20.125 -136.3125
266.5 17.6875 -137.1875
265.9375 15.25 -138.0625
265.3125 12.8125 -138.875
264.5625 10.5 -139.6875
262.625 6.25 -141.25
261.5 4.375 -142
260.3125 2.75 -142.4375
259.125 1.3125 -142.9375
257.9375 0.125 -143.5625
256.75 -0.75 -144.0625
255.5625 -1.4375 -144.75
254.5 -1.75 -145.5625
253.375 -1.75 -146.3125
252.3125 -1.375 -147.0625
251.1875 -0.625 -147.8125
250.1875 0.3125 -148.5625
249.1875 1.6875 -149.3125
248.3125 3.3125 -150.1875
247.4375 5.125 -151
246.6875 7.1875 -151.8125
245.9375 9.5 -152.75
245.3125 12 -153.6875
244.75 14.6875 -154.6875
244.1875 17.5 -155.75
243.625 20.4375 -156.8125
243.0625 23.5 -157.9375
242.4375 26.625 -159.125
241.8125 29.875 -160.3125
241.125 33.25 -161.5625
240.375 36.625 -162.6875
239.625 39.875 -163.75
238.9375 42.9375 -164.9375
301.625 45.8125 -165.875
304.5625 48.5 -166.6875
306.875 50.875 -167.4375
308.6875 53.0625 -168.1875
310.3125 54.875 -169
311.75 56.375 -169.9375
313.0625 57.5625 -170.875
314.125 58.375 -171.8125
315 58.875 -172.625
315.6875 59.125 -173.3125
316.3125 59.1875 -173.875
316.75 59.0625 -174.3125
317.0625 58.8125 -174.6875
317.3125 58.4375 -175
317.4375 58.0625 -175.125
317.4375 57.625 -175.1875
317.3125 57.125 -175.1875
317.0625 56.6875 -175
316.75 56.25 -174.8125
316.375 55.875 -174.625
316 55.5 -174.375
315.625 55.125 -174.125
315.1875 54.8125 -173.8125
314.6875 54.5625 -173.5
314.1875 54.25 -173.1875
313.6875 53.9375 -172.8125
313.0625 53.6875 -172.375
