4.81 -8.25 -2.18
4.89 -8.23 -2.11
4.97 -8.2 -2.04
5.05 -8.16 -1.96
5.13 -8.13 -1.89
5.2 -8.1 -1.83
5.27 -8.07 -1.77
5.34 -8.03 -1.73
5.4 -8 -1.7
5.47 -7.96 -1.68
5.52 -7.92 -1.67
5.57 -7.88 -1.67
5.6 -7.86 -1.69
5.62 -7.84 -1.73
5.61 -7.84 -1.79
5.57 -7.84 -1.87
5.51 -7.86 -1.96
5.43 -7.89 -2.09
5.31 -7.93 -2.23
5.16 -7.98 -2.4
4.98 -8.03 -2.6
4.76 -8.09 -2.81
4.51 -8.15 -3.04
4.23 -8.21 -3.28
3.91 -8.26 -3.53
3.58 -8.31 -3.77
3.23 -8.34 -4
2.87 -8.37 -4.22
2.5 -8.38 -4.42
2.12 -8.38 -4.61
1.75 -8.38 -4.77
1.38 -8.36 -4.93
1.02 -8.33 -5.06
0.73 -8.32 -5.13
0.43 -8.3 -5.19
0.26 -8.27 -5.26
0.15 -8.24 -5.3
0.04 -8.21 -5.34
0.02 -8.19 -5.39
0.07 -8.15 -5.44
0.19 -8.11 -5.49
0.37 -8.07 -5.54
0.64 -8.01 -5.6
0.92 -7.95 -5.66
1.25 -7.87 -5.7
1.61 -7.79 -5.72
1.99 -7.7 -5.73
2.39 -7.59 -5.72
2.81 -7.47 -5.69
3.26 -7.34 -5.62
3.72 -7.2 -5.5
4.17 -7.05 -5.38
4.6 -6.91 -5.21
4.98 -6.76 -5.06
5.32 -6.63 -4.88
5.59 -6.5 -4.74
5.81 -6.4 -4.62
5.95 -6.32 -4.54
6.03 -6.27 -4.5
6.05 -6.25 -4.52
6 -6.24 -4.59
5.9 -6.24 -4.71
5.76 -6.25 -4.87
5.57 -6.27 -5.07
5.35 -6.28 -5.29
5.09 -6.3 -5.52
4.8 -6.32 -5.75
4.48 -6.34 -5.98
4.13 -6.35 -6.21
3.76 -6.36 -6.44
3.38 -6.35 -6.65
2.98 -6.34 -6.85
2.58 -6.31 -7.04
2.18 -6.28 -7.2
1.79 -6.23 -7.35
1.41 -6.16 -7.49
1.07 -6.09 -7.6
0.75 -6.01 -7.7
0.47 -5.96 -7.77
0.03 -5.82 -7.88
-0.13 -5.74 -7.94
-0.24 -5.65 -8
-0.3 -5.54 -8.08
-0.31 -5.43 -8.15
-0.24 -5.32 -8.23
-0.11 -5.22 -8.29
0.06 -5.11 -8.36
0.29 -4.99 -8.43
0.56 -4.86 -8.49
0.88 -4.72 -8.54
1.23 -4.58 -8.57
1.62 -4.42 -8.6
2.04 -4.24 -8.6
2.49 -4.05 -8.57
2.95 -3.84 -8.52
3.42 -3.61 -8.44
3.91 -3.37 -8.33
4.39 -3.11 -8.19
4.89 -2.85 -8
5.38 -2.59 -7.77
5.85 -2.33 -7.51
6.29 -2.09 -7.22
6.68 -1.86 -6.92
7.03 -1.66 -6.62
7.34 -1.49 -6.32
7.61 -1.34 -6.03
7.83 -1.2 -5.76
8.02 -1.07 -5.53
8.17 -0.94 -5.34
8.27 -0.82 -5.19
8.35 -0.73 -5.08
8.39 -0.64 -5.02
8.41 -0.58 -4.99
8.42 -0.53 -4.99
8.41 -0.49 -5.01
8.39 -0.46 -5.05
8.36 -0.44 -5.1
8.32 -0.43 -5.16
8.28 -0.43 -5.23
8.24 -0.44 -5.29
8.19 -0.46 -5.35
8.15 -0.48 -5.41
8.11 -0.51 -5.47
8.08 -0.54 -5.52
8.05 -0.57 -5.57
8.02 -0.6 -5.61
7.99 -0.63 -5.64
7.96 -0.67 -5.68
7.93 -0.71 -5.72
7.9 -0.76 -5.75
7.87 -0.82 -5.78
