0.107421875 -0.5014038 0.6022949 -0.6118164
0.099487305 -0.49676514 0.60375977 -0.6154785
0.09124756 -0.49188232 0.6048584 -0.6195679
0.08276367 -0.48712158 0.6057129 -0.6236572
0.074401855 -0.48242188 0.6063843 -0.6277466
0.066223145 -0.4779663 0.60687256 -0.63153076
0.058288574 -0.47375488 0.6074219 -0.63494873
0.050720215 -0.4699707 0.6080322 -0.6378784
0.043395996 -0.46673584 0.6087036 -0.6401367
0.03643799 -0.46417236 0.60931396 -0.6418457
0.030029297 -0.46240234 0.6098633 -0.64294434
0.024536133 -0.46142578 0.6102905 -0.6434326
0.020385742 -0.46136475 0.6105957 -0.6433716
0.0178833 -0.46203613 0.6109009 -0.6427002
0.01739502 -0.463562 0.6112671 -0.64123535
0.019042969 -0.46594238 0.6117554 -0.63897705
0.022766113 -0.46923828 0.6124878 -0.63568115
0.028747559 -0.4734497 0.6134033 -0.6314697
0.036987305 -0.47851562 0.61450195 -0.62615967
0.047302246 -0.48431396 0.61602783 -0.6194458
0.059570312 -0.49090576 0.6178589 -0.6113281
0.07373047 -0.49822998 0.6199951 -0.60162354
0.08947754 -0.5061035 0.6224365 -0.590271
0.10675049 -0.51446533 0.62506104 -0.5772705
0.12524414 -0.52319336 0.62768555 -0.5626831
0.14465332 -0.5321045 0.6300659 -0.5467529
0.16442871 -0.54107666 0.63220215 -0.5296631
0.1842041 -0.55010986 0.633728 -0.51171875
0.20385742 -0.55926514 0.6345215 -0.49298096
0.22320557 -0.5683594 0.6347046 -0.4736328
0.2421875 -0.5772095 0.63409424 -0.4539795
0.26049805 -0.5858154 0.6328125 -0.43414307
0.27789307 -0.59417725 0.6311035 -0.41400146
0.29418945 -0.6022949 0.6288452 -0.39404297
0.3086548 -0.6091919 0.625 -0.3781128
0.322937 -0.6158447 0.6208496 -0.36193848
0.33050537 -0.6218872 0.61779785 -0.34985352
0.33551025 -0.626709 0.61468506 -0.34179688
0.34051514 -0.6314697 0.61151123 -0.33374023
0.34161377 -0.6358032 0.6088867 -0.32910156
0.33898926 -0.6395874 0.6071167 -0.32781982
0.33319092 -0.6427002 0.60601807 -0.3297119
0.32452393 -0.6451416 0.6055298 -0.33428955
0.31085205 -0.64678955 0.6063843 -0.34265137
0.2970581 -0.64819336 0.6069946 -0.3508911
0.26153564 -0.64764404 0.6104126 -0.37353516
0.26153564 -0.64764404 0.6104126 -0.37353516
0.24176025 -0.6461792 0.61224365 -0.38623047
0.22033691 -0.64434814 0.6138916 -0.399292
0.19787598 -0.64208984 0.6147461 -0.41314697
0.17443848 -0.63952637 0.61450195 -0.42773438
0.15045166 -0.63623047 0.6131592 -0.4434204
0.12561035 -0.63256836 0.61169434 -0.45812988
0.1026001 -0.62835693 0.6091919 -0.4727173
0.08001709 -0.6236572 0.6074829 -0.48535156
0.06011963 -0.6187134 0.6052246 -0.49719238
0.042053223 -0.6138916 0.604126 -0.50634766
0.027648926 -0.6096802 0.6032715 -0.5133667
0.016967773 -0.6066284 0.6031494 -0.51763916
0.008605957 -0.6047363 0.60406494 -0.5189209
0.008605957 -0.6047363 0.60406494 -0.5189209
0.00982666 -0.6057739 0.60595703 -0.5155029
0.014038086 -0.60821533 0.6085205 -0.5093994
0.029907227 -0.61724854 0.614563 -0.49041748
0.040771484 -0.62323 0.6174927 -0.4781494
0.040771484 -0.62323 0.6174927 -0.4781494
0.06652832 -0.6367798 0.6229248 -0.44952393
0.06652832 -0.6367798 0.6229248 -0.44952393
0.08111572 -0.6437988 0.6251221 -0.43377686
0.09631348 -0.6506958 0.62719727 -0.4169922
0.11151123 -0.6575928 0.6292114 -0.39898682
0.14221191 -0.6711426 0.631897 -0.3605957
0.15734863 -0.67785645 0.6320801 -0.34088135
0.171875 -0.68481445 0.6312866 -0.32086182
0.171875 -0.68481445 0.6312866 -0.32086182
0.18548584 -0.69207764 0.62945557 -0.3007202
0.20941162 -0.70751953 0.6222534 -0.26141357
0.21929932 -0.71551514 0.6171875 -0.24291992
0.22888184 -0.72320557 0.61083984 -0.2267456
0.23693848 -0.7307739 0.60406494 -0.21203613
0.24206543 -0.73846436 0.5974121 -0.19787598
0.24578857 -0.7457886 0.59069824 -0.18579102
0.24707031 -0.7529907 0.58428955 -0.17486572
0.24542236 -0.7601929 0.57818604 -0.16595459
0.2420044 -0.76727295 0.5720215 -0.15979004
0.23632812 -0.774292 0.5657959 -0.15661621
0.22888184 -0.7810669 0.5595703 -0.15631104
0.21954346 -0.78759766 0.5534668 -0.15844727
0.2084961 -0.7937012 0.5477905 -0.16278076
0.19567871 -0.7993164 0.54248047 -0.16894531
0.18151855 -0.8043213 0.5373535 -0.17706299
0.1661377 -0.80877686 0.5322876 -0.18707275
0.14874268 -0.8125 0.52752686 -0.1984253
0.12988281 -0.8154907 0.52301025 -0.21118164
0.10998535 -0.8175659 0.51849365 -0.22509766
0.08874512 -0.8189697 0.51379395 -0.23968506
0.066589355 -0.81970215 0.508728 -0.25463867
0.043884277 -0.8198242 0.5029907 -0.2701416
0.020385742 -0.8190918 0.49676514 -0.2861328
0.0034179688 0.8175659 -0.48968506 0.30303955
0.02734375 0.8151245 -0.48168945 0.32061768
0.050354004 0.81207275 -0.4729004 0.33825684
0.0715332 0.80841064 -0.46350098 0.3557129
0.09222412 0.80407715 -0.4547119 0.37182617
0.10992432 0.79937744 -0.44573975 0.38757324
0.12536621 0.79467773 -0.43688965 0.4024048
0.13879395 0.79016113 -0.4281006 0.41601562
0.1505127 0.7860718 -0.41967773 0.4281006
0.16088867 0.78253174 -0.41204834 0.4381714
0.17016602 0.77960205 -0.40563965 0.44580078
0.17810059 0.77734375 -0.40063477 0.45111084
0.18450928 0.7758179 -0.39678955 0.4545288
0.18920898 0.7751465 -0.39404297 0.4562378
0.19256592 0.7750244 -0.39233398 0.4564209
0.19482422 0.7755127 -0.39135742 0.45550537
0.19616699 0.77630615 -0.39117432 0.45373535
0.19677734 0.7774048 -0.39154053 0.45129395
0.19665527 0.77874756 -0.3922119 0.4484253
0.19586182 0.78027344 -0.39312744 0.4453125
0.19445801 0.78186035 -0.39416504 0.44213867
0.19262695 0.78344727 -0.39526367 0.43920898
0.19030762 0.7849121 -0.3963623 0.43652344
0.18780518 0.78637695 -0.39746094 0.434021
0.1852417 0.7876587 -0.3984375 0.43188477
0.18267822 0.7887573 -0.39941406 0.42999268
0.18023682 0.7897339 -0.40039062 0.42840576
0.17773438 0.7906494 -0.40124512 0.42700195
0.1751709 0.7914429 -0.4020996 0.42578125
0.17254639 0.79211426 -0.40301514 0.42462158
0.1697998 0.7926636 -0.4041748 0.42364502
0.16693115 0.7930298 -0.40551758 0.42279053
