43.875 26.875 -26.6875
43.8125 27 -26.875
43.8125 27.0625 -27
43.8125 27.125 -27.1875
43.75 27.1875 -27.3125
43.75 27.1875 -27.375
43.75 27.1875 -27.4375
43.6875 27.125 -27.5
43.6875 27.125 -27.5625
43.6875 27.0625 -27.625
43.75 27 -27.6875
43.75 27 -27.75
43.8125 27 -27.8125
43.875 27 -27.8125
43.9375 27 -27.8125
44 27 -27.875
44.0625 26.9375 -27.875
44.125 26.9375 -27.875
44.1875 26.875 -27.875
44.5 27.4375 -27.375
44.8125 27.9375 -26.8125
45.125 28.4375 -26.25
45.1875 28.375 -26.25
45.25 28.3125 -26.3125
45.3125 28.25 -26.375
45.3125 28.1875 -26.4375
45.375 28.125 -26.5
45.375 28.0625 -26.5
45.4375 27.9375 -26.5625
45.5 27.8125 -26.5625
45.5 27.6875 -26.5625
45.5 27.5 -26.5625
45.5625 27.25 -26.5
45.5625 27 -26.4375
45.625 26.6875 -26.375
45.6875 26.375 -26.25
45.8125 26 -26.0625
45.9375 25.5625 -25.875
46.125 25.125 -25.625
46.3125 24.625 -25.375
46.5 24.0625 -25
46.75 23.4375 -24.6875
46.9375 22.75 -24.3125
47.125 22.0625 -23.9375
47.375 21.25 -23.5625
47.6875 20.4375 -23.1875
48 19.5625 -22.8125
48.375 18.6875 -22.4375
48.75 17.75 -22
49.0625 16.75 -21.625
49.3125 15.75 -21.25
49.5625 14.6875 -21
49.8125 13.5625 -20.75
50.125 12.5 -20.4375
50.4375 11.375 -20.125
50.8125 10.3125 -19.875
51.1875 9.1875 -19.625
51.5 8.0625 -19.4375
51.75 6.9375 -19.25
52 5.75 -19.0625
52.125 4.5 -18.875
52.3125 3.25 -18.6875
52.4375 2 -18.5
52.5625 0.75 -18.3125
52.6875 -0.5 -18.125
52.8125 -1.8125 -17.9375
52.875 -3.1875 -17.75
52.9375 -4.5 -17.625
53.0625 -5.75 -17.5
53.25 -6.9375 -17.4375
53.4375 -8 -17.4375
53.625 -9.0625 -17.375
53.8125 -10.125 -17.375
53.9375 -11.125 -17.25
54 -12.0625 -17.1875
54 -13 -17.1875
53.9375 -13.9375 -17.1875
53.875 -14.875 -17.1875
53.75 -15.8125 -17.25
53.625 -16.75 -17.3125
53.5625 -17.5625 -17.375
53.5625 -18.25 -17.375
53.5625 -18.875 -17.4375
53.5625 -19.375 -17.5625
53.5625 -19.8125 -17.625
53.5 -20.125 -17.75
53.5625 -20.4375 -17.875
53.6875 -20.6875 -17.9375
53.8125 -20.875 -18.125
53.9375 -21.0625 -18.3125
54.125 -21.25 -18.5625
54.1875 -21.5 -18.6875
54.25 -21.6875 -18.875
54.3125 -21.9375 -19
54.3125 -22.1875 -19.125
54.3125 -22.375 -19.25
54.3125 -22.5625 -19.375
54.25 -22.6875 -19.5
54.25 -22.75 -19.75
54.25 -22.6875 -19.875
54.25 -22.625 -20
54.3125 -22.5 -20.125
54.4375 -22.3125 -20.25
54.625 -22.125 -20.375
54.8125 -21.9375 -20.5
55.0625 -21.75 -20.6875
55.375 -21.5 -20.875
55.625 -21.3125 -21
55.9375 -21.125 -21.1875
56.25 -20.875 -21.375
56.5625 -20.625 -21.625
56.875 -20.375 -21.875
57.3125 -20.125 -22.1875
57.8125 -19.75 -22.4375
58.4375 -19.375 -22.8125
59.125 -18.875 -23.125
59.875 -18.3125 -23.5
60.6875 -17.75 -23.875
61.5625 -17.0625 -24.1875
62.375 -16.375 -24.5
63.125 -15.6875 -24.8125
63.9375 -15 -25.125
64.6875 -14.375 -25.375
65.4375 -13.75 -25.625
66.1875 -13.125 -25.8125
66.9375 -12.5625 -26.0625
67.75 -12.0625 -26.25
68.5 -11.5 -26.4375
69.25 -11 -26.5625
69.9375 -10.5625 -26.6875
70.5 -10.1875 -26.8125
71.0625 -9.875 -26.875
