4.45 -3.95 7.79
4.46 -3.97 7.77
4.47 -3.98 7.76
4.48 -4 7.74
4.48 -4.01 7.74
4.48 -4.02 7.73
4.47 -4.03 7.73
4.47 -4.04 7.73
4.46 -4.05 7.73
4.45 -4.06 7.73
4.45 -4.07 7.72
4.45 -4.07 7.72
4.45 -4.08 7.72
4.45 -4.08 7.72
4.45 -4.08 7.72
4.45 -4.08 7.72
4.44 -4.09 7.72
4.44 -4.09 7.72
4.52 -4 7.72
4.59 -3.91 7.72
4.67 -3.81 7.73
4.66 -3.82 7.73
4.65 -3.83 7.73
4.64 -3.84 7.73
4.63 -3.84 7.73
4.62 -3.85 7.73
4.61 -3.86 7.73
4.6 -3.87 7.74
4.58 -3.88 7.75
4.55 -3.88 7.76
4.53 -3.89 7.77
4.49 -3.89 7.79
4.45 -3.89 7.82
4.4 -3.89 7.84
4.35 -3.88 7.87
4.3 -3.87 7.91
4.23 -3.86 7.95
4.16 -3.84 8
4.09 -3.81 8.05
4 -3.79 8.1
3.9 -3.76 8.16
3.8 -3.73 8.23
3.68 -3.69 8.3
3.56 -3.65 8.37
3.42 -3.62 8.44
3.28 -3.58 8.51
3.14 -3.54 8.58
2.99 -3.5 8.65
2.83 -3.46 8.72
2.66 -3.42 8.79
2.48 -3.4 8.85
2.3 -3.38 8.91
2.12 -3.35 8.96
1.94 -3.31 9.02
1.75 -3.28 9.07
1.57 -3.25 9.11
1.38 -3.23 9.15
1.18 -3.21 9.18
0.98 -3.19 9.22
0.77 -3.16 9.24
0.56 -3.14 9.27
0.34 -3.11 9.29
0.12 -3.08 9.3
-0.09 -3.05 9.31
-0.31 -3.02 9.32
-0.54 -2.99 9.32
-0.76 -2.96 9.31
-0.98 -2.94 9.3
-1.18 -2.92 9.28
-1.37 -2.91 9.26
-1.55 -2.9 9.23
-1.72 -2.88 9.21
-1.89 -2.86 9.18
-2.05 -2.84 9.15
-2.21 -2.82 9.12
-2.36 -2.81 9.08
-2.52 -2.8 9.05
-2.68 -2.8 9
-2.82 -2.79 8.96
-2.96 -2.79 8.92
-3.07 -2.78 8.88
-3.17 -2.78 8.85
-3.25 -2.79 8.81
-3.32 -2.79 8.79
-3.38 -2.8 8.76
-3.42 -2.82 8.74
-3.46 -2.82 8.72
-3.49 -2.85 8.7
-3.53 -2.88 8.68
-3.56 -2.91 8.66
-3.59 -2.93 8.63
-3.63 -2.94 8.61
-3.67 -2.96 8.59
-3.7 -2.97 8.57
-3.73 -2.99 8.55
-3.76 -3 8.54
-3.78 -3.02 8.52
-3.79 -3.04 8.51
-3.79 -3.08 8.5
-3.77 -3.1 8.5
-3.75 -3.12 8.5
-3.72 -3.14 8.5
-3.69 -3.16 8.51
-3.66 -3.19 8.51
-3.63 -3.22 8.51
-3.6 -3.25 8.52
-3.56 -3.27 8.52
-3.53 -3.31 8.52
-3.5 -3.34 8.52
-3.46 -3.38 8.52
-3.42 -3.42 8.52
-3.37 -3.47 8.52
-3.32 -3.53 8.52
-3.25 -3.59 8.52
-3.17 -3.65 8.52
-3.08 -3.71 8.53
-2.98 -3.78 8.53
-2.88 -3.84 8.54
-2.76 -3.9 8.55
-2.65 -3.96 8.56
-2.54 -4.02 8.57
-2.43 -4.07 8.58
-2.33 -4.11 8.58
-2.23 -4.16 8.59
-2.14 -4.2 8.59
-2.05 -4.24 8.59
-1.96 -4.27 8.6
-1.87 -4.31 8.6
-1.79 -4.33 8.61
-1.73 -4.35 8.61
-1.68 -4.37 8.61
-1.63 -4.39 8.6
-1.59 -4.42 8.6
-1.55 -4.44 8.6
-1.52 -4.46 8.59
-1.49 -4.48 8.59
-1.46 -4.49 8.59
-1.45 -4.5 8.58
-1.45 -4.51 8.58
-1.45 -4.52 8.57
-1.46 -4.53 8.57
-1.47 -4.54 8.56
