0.87908936 -0.2855835 -0.14251709 -0.35406494
0.8786621 -0.28686523 -0.14294434 -0.3538208
0.8782959 -0.288208 -0.14324951 -0.35351562
0.8779907 -0.28936768 -0.14349365 -0.35321045
0.8778076 -0.29034424 -0.14355469 -0.35290527
0.87768555 -0.29101562 -0.14349365 -0.35266113
0.87768555 -0.29144287 -0.14331055 -0.352417
0.8776245 -0.29180908 -0.14300537 -0.35229492
0.8776245 -0.2921753 -0.14251709 -0.3522339
0.8776245 -0.2925415 -0.14202881 -0.3522339
0.87750244 -0.2929077 -0.14154053 -0.35235596
0.87731934 -0.29327393 -0.14111328 -0.3526001
0.8770752 -0.29364014 -0.1408081 -0.35308838
0.87677 -0.29400635 -0.140625 -0.35357666
0.8765869 -0.29418945 -0.14038086 -0.35412598
0.8764038 -0.29437256 -0.14007568 -0.35455322
0.8762207 -0.29449463 -0.13970947 -0.35491943
0.87609863 -0.2946167 -0.13928223 -0.35528564
0.87597656 -0.29467773 -0.13879395 -0.3557129
0.87506104 -0.29211426 -0.14385986 -0.3581543
0.8740845 -0.2894287 -0.14874268 -0.36065674
0.8731079 -0.28674316 -0.15350342 -0.36315918
0.8729248 -0.2869873 -0.15289307 -0.3637085
0.8727417 -0.28735352 -0.15222168 -0.36413574
0.87268066 -0.28759766 -0.15148926 -0.36437988
0.8726196 -0.28790283 -0.15075684 -0.36462402
0.8725586 -0.28814697 -0.15002441 -0.36486816
0.8724365 -0.28845215 -0.14910889 -0.36523438
0.8724365 -0.28857422 -0.14807129 -0.36553955
0.8725586 -0.28851318 -0.14685059 -0.36590576
0.8727417 -0.28814697 -0.14544678 -0.36621094
0.8730469 -0.28759766 -0.14379883 -0.36657715
0.8734741 -0.28686523 -0.14190674 -0.36694336
0.87390137 -0.2859497 -0.13977051 -0.3673706
0.8744507 -0.28466797 -0.1373291 -0.36798096
0.875 -0.28320312 -0.13458252 -0.36889648
0.8754883 -0.2814331 -0.1315918 -0.37005615
0.8760376 -0.27929688 -0.12823486 -0.37164307
0.8765869 -0.2767334 -0.12463379 -0.37347412
0.87719727 -0.27368164 -0.120666504 -0.37554932
0.8779297 -0.27026367 -0.11639404 -0.37774658
0.8786621 -0.2666626 -0.11151123 -0.37994385
0.8796387 -0.26239014 -0.10638428 -0.3821411
0.88067627 -0.25787354 -0.10076904 -0.3843994
0.8815918 -0.25323486 -0.0947876 -0.3869629
0.8822632 -0.24835205 -0.08831787 -0.3899536
0.8828125 -0.24328613 -0.081604004 -0.39337158
0.88323975 -0.23815918 -0.074523926 -0.39697266
0.883728 -0.23278809 -0.06713867 -0.40045166
0.88427734 -0.22711182 -0.059570312 -0.4036255
0.88494873 -0.22137451 -0.051757812 -0.40649414
0.8855591 -0.21594238 -0.04345703 -0.40905762
0.8859863 -0.21069336 -0.034851074 -0.4116211
0.88623047 -0.20501709 -0.026306152 -0.41448975
0.88623047 -0.19921875 -0.01776123 -0.41784668
0.8859863 -0.19348145 -0.009155273 -0.42126465
0.8857422 -0.18780518 -0.0004272461 -0.42456055
0.885437 -0.18237305 0.008544922 -0.42736816
0.8852539 -0.17669678 0.017578125 -0.42980957
0.8851929 -0.1708374 0.026733398 -0.43188477
0.8851929 -0.16491699 0.036071777 -0.4335327
0.8852539 -0.15856934 0.045410156 -0.4348755
0.8851929 -0.15222168 0.05493164 -0.43621826
0.88500977 -0.14581299 0.064575195 -0.43737793
0.8847656 -0.13934326 0.074401855 -0.43847656
0.8845215 -0.1326294 0.084228516 -0.43933105
0.8842163 -0.12573242 0.09399414 -0.43988037
0.88378906 -0.11920166 0.1038208 -0.44036865
0.88305664 -0.11328125 0.11340332 -0.44110107
0.881958 -0.10772705 0.122558594 -0.4421997
0.88067627 -0.10253906 0.13122559 -0.44354248
0.87927246 -0.097595215 0.13952637 -0.44482422
0.87805176 -0.09265137 0.14727783 -0.44580078
0.87701416 -0.08758545 0.15460205 -0.44641113
0.87609863 -0.08294678 0.16174316 -0.4465332
0.8753052 -0.07867432 0.16888428 -0.44622803
0.8746948 -0.07458496 0.17602539 -0.44537354
0.8741455 -0.070617676 0.18328857 -0.44421387
0.87353516 -0.06695557 0.19049072 -0.44293213
0.8729248 -0.06365967 0.19744873 -0.44158936
0.8722534 -0.060424805 0.20367432 -0.44049072
0.871521 -0.057250977 0.20898438 -0.43988037
0.8706665 -0.05517578 0.21380615 -0.43951416
0.8699341 -0.053588867 0.21795654 -0.43914795
0.86932373 -0.052368164 0.22137451 -0.43878174
0.8687744 -0.051574707 0.22442627 -0.43841553
0.868103 -0.050964355 0.22711182 -0.43847656
0.86724854 -0.050231934 0.22924805 -0.43914795
0.86621094 -0.05029297 0.23156738 -0.4399414
0.8651123 -0.050720215 0.23394775 -0.4407959
0.8640747 -0.050964355 0.23632812 -0.44152832
0.8631592 -0.050964355 0.23864746 -0.44207764
0.8623657 -0.050842285 0.24090576 -0.44232178
0.8617554 -0.05065918 0.24310303 -0.44232178
0.8612671 -0.05041504 0.24523926 -0.44213867
0.86083984 -0.050354004 0.24719238 -0.44189453
0.86053467 -0.050476074 0.2489624 -0.44158936
0.8602295 -0.050842285 0.2503662 -0.44122314
0.85998535 -0.05230713 0.25195312 -0.44067383
0.8599243 -0.053466797 0.25219727 -0.4406128
0.8597412 -0.054748535 0.25201416 -0.44085693
0.8594971 -0.05609131 0.25152588 -0.44140625
0.8591919 -0.057434082 0.2508545 -0.44226074
0.8586426 -0.05883789 0.25006104 -0.44354248
0.8579712 -0.060302734 0.24932861 -0.4451294
0.8569946 -0.06188965 0.24859619 -0.44708252
0.85595703 -0.06347656 0.24786377 -0.4492798
0.8548584 -0.06506348 0.24719238 -0.4515381
0.85375977 -0.066711426 0.24658203 -0.45373535
0.8526001 -0.068603516 0.24597168 -0.45593262
0.8513794 -0.070617676 0.24542236 -0.45819092
0.8499756 -0.07293701 0.24481201 -0.46081543
0.84820557 -0.07543945 0.24420166 -0.4638672
0.8461304 -0.07824707 0.24334717 -0.46765137
0.8436279 -0.0814209 0.24224854 -0.472229
0.8408203 -0.08477783 0.24078369 -0.47735596
0.8377075 -0.088378906 0.23895264 -0.48303223
0.8344116 -0.09234619 0.2368164 -0.48901367
0.83099365 -0.09649658 0.23425293 -0.49523926
0.82769775 -0.10058594 0.23138428 -0.5012207
0.8244629 -0.10467529 0.22857666 -0.506958
0.821228 -0.10882568 0.22583008 -0.5126343
0.81799316 -0.11248779 0.22314453 -0.51812744
0.81469727 -0.11608887 0.22052002 -0.5236206
0.8112793 -0.119384766 0.21832275 -0.52905273
0.8078003 -0.12243652 0.21618652 -0.5345459
0.8041992 -0.12524414 0.21417236 -0.54003906
0.8007202 -0.12792969 0.21209717 -0.5454712
0.79711914 -0.13061523 0.21002197 -0.55078125
0.79400635 -0.13269043 0.20825195 -0.55548096
0.79119873 -0.13433838 0.20684814 -0.55963135
0.7885742 -0.13586426 0.20587158 -0.56329346
0.7861328 -0.13739014 0.20526123 -0.56658936
0.7838135 -0.13885498 0.20477295 -0.5695801
0.7817383 -0.14031982 0.20428467 -0.5722656
0.7799072 -0.1416626 0.20385742 -0.57458496
0.7784424 -0.14282227 0.20349121 -0.576416
0.7772827 -0.14379883 0.20324707 -0.5778198
0.7764282 -0.14447021 0.20336914 -0.57873535
0.7758179 -0.14489746 0.20367432 -0.5793457
0.7753906 -0.14508057 0.2041626 -0.5796509
0.77526855 -0.14508057 0.20477295 -0.5796509
0.77526855 -0.14508057 0.20550537 -0.57940674
0.7753906 -0.1451416 0.20611572 -0.5789795
0.77563477 -0.14526367 0.206604 -0.5784302
0.77593994 -0.14544678 0.20703125 -0.5778198
0.7763672 -0.14593506 0.20721436 -0.57702637
0.77679443 -0.14654541 0.20727539 -0.57629395
0.7770996 -0.14746094 0.20727539 -0.5756836
0.7772217 -0.14886475 0.20733643 -0.5751343
0.7772827 -0.15032959 0.20715332 -0.57476807
0.7772217 -0.15197754 0.20697021 -0.57440186
