0.7518921 -0.5233154 -0.39562988 0.06549072
0.751709 -0.5253296 -0.39379883 0.062316895
0.7522583 -0.5270996 -0.39105225 0.057434082
0.75390625 -0.52801514 -0.3875122 0.051208496
0.7564697 -0.52819824 -0.38323975 0.043640137
0.7595215 -0.52801514 -0.37835693 0.034851074
0.7630005 -0.5274048 -0.37286377 0.024780273
0.7669678 -0.5262451 -0.36688232 0.01373291
0.77130127 -0.52471924 -0.3602295 0.0016479492
0.77593994 -0.52264404 -0.35290527 -0.011230469
0.78100586 -0.52008057 -0.34490967 -0.024841309
0.7860718 -0.5172119 -0.33624268 -0.039123535
0.79119873 -0.5142212 -0.32659912 -0.05419922
0.7965088 -0.5107422 -0.31585693 -0.06994629
0.80218506 -0.50665283 -0.3040161 -0.08630371
0.8079834 -0.50177 -0.29119873 -0.10308838
0.8137207 -0.4963379 -0.2775879 -0.12017822
0.819397 -0.49017334 -0.2635498 -0.1373291
0.8248291 -0.48339844 -0.24908447 -0.15466309
0.82977295 -0.47644043 -0.23425293 -0.1720581
0.8339844 -0.46972656 -0.21887207 -0.18945312
0.8375244 -0.4631958 -0.203125 -0.20690918
0.8406372 -0.45611572 -0.18725586 -0.2241211
0.8428345 -0.44952393 -0.17120361 -0.24133301
0.8442383 -0.44317627 -0.15509033 -0.2584839
0.8450928 -0.43615723 -0.13928223 -0.27593994
0.8456421 -0.42840576 -0.123413086 -0.29345703
0.84588623 -0.42004395 -0.107299805 -0.31072998
0.8465576 -0.40966797 -0.09069824 -0.32757568
0.8469238 -0.39886475 -0.07336426 -0.34387207
0.8463135 -0.38989258 -0.055358887 -0.3587036
0.84503174 -0.38220215 -0.036865234 -0.37219238
0.84381104 -0.37371826 -0.019042969 -0.38458252
0.84265137 -0.36450195 -0.0022583008 -0.3963623
0.8410034 -0.3555298 0.0138549805 -0.40759277
0.8387451 -0.34747314 0.029724121 -0.41815186
0.83636475 -0.33984375 0.044799805 -0.4277954
0.8338623 -0.33288574 0.058898926 -0.43640137
0.83154297 -0.32617188 0.071777344 -0.4439087
0.8293457 -0.32000732 0.083618164 -0.45025635
0.8273926 -0.31463623 0.09436035 -0.4555664
0.82562256 -0.30993652 0.10406494 -0.4598999
0.82403564 -0.30596924 0.11254883 -0.4633789
0.82263184 -0.3024292 0.11981201 -0.4663086
0.82141113 -0.29925537 0.12591553 -0.4689331
0.8201904 -0.29663086 0.13085938 -0.4713745
0.8189087 -0.2946167 0.13513184 -0.4736328
0.8175659 -0.29315186 0.13879395 -0.47583008
0.81622314 -0.29205322 0.14190674 -0.47784424
0.81500244 -0.29107666 0.14459229 -0.4796753
0.8139038 -0.2902832 0.14685059 -0.48138428
0.8129883 -0.2894287 0.14868164 -0.48291016
0.81207275 -0.2886963 0.14996338 -0.48443604
0.8102417 -0.28771973 0.15106201 -0.48773193
0.8102417 -0.28771973 0.15106201 -0.48773193
0.8093262 -0.28753662 0.1506958 -0.48950195
0.8083496 -0.28759766 0.1494751 -0.49139404
0.80755615 -0.28778076 0.14709473 -0.49334717
0.8069458 -0.2880249 0.14367676 -0.49517822
0.8065796 -0.28833008 0.13916016 -0.49694824
0.8062744 -0.28881836 0.13372803 -0.4985962
0.8059082 -0.2897339 0.12756348 -0.5003052
0.8052368 -0.29125977 0.12072754 -0.50219727
0.8043213 -0.2932129 0.11291504 -0.5043335
0.8031616 -0.29541016 0.10394287 -0.5067749
0.8017578 -0.2979126 0.09399414 -0.50946045
0.80010986 -0.30078125 0.08312988 -0.51226807
0.79803467 -0.30426025 0.07183838 -0.51519775
0.7954712 -0.3081665 0.0602417 -0.5183716
0.79248047 -0.3121338 0.048339844 -0.52178955
0.7891846 -0.31604004 0.036254883 -0.5253906
0.78564453 -0.31976318 0.024475098 -0.52905273
0.78204346 -0.32330322 0.013366699 -0.5326538
0.7783203 -0.32659912 0.0032348633 -0.53619385
0.77453613 -0.32958984 -0.0056152344 -0.53985596
0.7706909 -0.33203125 -0.01361084 -0.54364014
0.7666626 -0.33392334 -0.021118164 -0.5479126
0.7624512 -0.33544922 -0.028259277 -0.55255127
0.7581787 -0.33673096 -0.034973145 -0.557312
0.7538452 -0.33789062 -0.04144287 -0.5620117
0.7495117 -0.3388672 -0.047851562 -0.5666504
0.74542236 -0.33966064 -0.054016113 -0.5710449
0.74157715 -0.34033203 -0.05987549 -0.5750122
0.7380371 -0.34094238 -0.06536865 -0.57855225
0.7348633 -0.3414917 -0.07019043 -0.5817261
0.7319336 -0.3421631 -0.07421875 -0.5845337
0.7293091 -0.34283447 -0.07745361 -0.58703613
0.7267456 -0.3435669 -0.080200195 -0.58935547
0.72424316 -0.3444214 -0.08276367 -0.59155273
0.7216797 -0.34545898 -0.08532715 -0.59375
0.7191162 -0.34643555 -0.08807373 -0.59588623
0.7166748 -0.34735107 -0.09094238 -0.59783936
0.71447754 -0.34832764 -0.093566895 -0.59954834
0.7126465 -0.3493042 -0.0960083 -0.60076904
0.7110596 -0.35040283 -0.09814453 -0.60162354
0.70947266 -0.3519287 -0.10021973 -0.6022949
0.7079468 -0.35369873 -0.10223389 -0.60272217
0.70648193 -0.35534668 -0.10430908 -0.6030884
0.7050171 -0.3569336 -0.10614014 -0.60357666
0.70355225 -0.3583374 -0.10784912 -0.604126
0.70202637 -0.35980225 -0.109191895 -0.60479736
0.7005615 -0.36120605 -0.11016846 -0.60546875
