347.4375 38.625 -0.75
347.5 38.6875 -0.875
347.5625 38.6875 -0.9375
347.6875 38.6875 -1
347.75 38.6875 -1
347.8125 38.625 -1.0625
347.8125 38.5625 -1.0625
347.875 38.4375 -1.125
347.9375 38.25 -1.1875
347.9375 38.0625 -1.1875
348 37.8125 -1.1875
348.0625 37.5 -1.1875
348.1875 37.125 -1.1875
348.25 36.6875 -1.1875
348.375 36.1875 -1.25
348.4375 35.625 -1.25
348.5625 34.9375 -1.3125
348.6875 34.25 -1.4375
348.875 33.5625 -1.5625
349.0625 32.8125 -1.6875
349.1875 32.125 -1.875
349.3125 31.375 -2
349.4375 30.625 -2.1875
349.5 29.8125 -2.375
349.5625 28.9375 -2.5
349.5625 28.0625 -2.6875
349.625 27.0625 -2.8125
349.6875 26.0625 -2.9375
349.6875 25 -3.0625
349.6875 23.875 -3.1875
349.625 22.8125 -3.3125
349.5625 21.6875 -3.4375
349.4375 20.5625 -3.5625
349.375 19.4375 -3.5625
349.3125 18.3125 -3.625
349.25 17.1875 -3.6875
349.25 16.0625 -3.6875
349.25 14.9375 -3.625
349.25 13.8125 -3.5
349.3125 12.625 -3.375
349.375 11.5 -3.1875
349.5 10.3125 -3
349.5625 9.125 -2.875
349.625 7.9375 -2.6875
349.625 6.75 -2.4375
349.6875 5.5625 -2.1875
349.6875 4.3125 -1.9375
349.6875 3.125 -1.75
349.6875 2.0625 -1.625
349.75 1.0625 -1.625
349.75 0.125 -1.625
349.75 -0.625 -1.625
349.75 -1.3125 -1.625
349.75 -1.875 -1.625
349.75 -2.375 -1.625
349.75 -2.8125 -1.6875
349.8125 -3.125 -1.75
349.8125 -3.3125 -1.875
349.8125 -3.375 -2.0625
349.8125 -3.4375 -2.1875
349.75 -3.375 -2.3125
349.6875 -3.375 -2.4375
349.625 -3.3125 -2.5625
349.5 -3.25 -2.6875
349.4375 -3.25 -2.75
349.4375 -3.25 -2.875
349.375 -3.3125 -3
349.375 -3.375 -3.125
349.3125 -3.4375 -3.3125
349.3125 -3.4375 -3.375
349.3125 -3.5 -3.5
349.3125 -3.5625 -3.625
349.3125 -3.5625 -3.6875
349.3125 -3.5625 -3.875
349.375 -3.5 -4
349.4375 -3.4375 -4.0625
349.5 -3.375 -4.25
349.625 -3.3125 -4.375
349.75 -3.125 -4.5
349.9375 -3 -4.625
350.25 -2.75 -4.8125
350.625 -2.5 -5
351 -2.1875 -5.1875
351.4375 -1.8125 -5.375
351.9375 -1.4375 -5.5625
352.5 -1 -5.6875
353.0625 -0.5625 -5.875
353.625 -0.125 -6.0625
354.1875 0.25 -6.1875
354.8125 0.6875 -6.375
355.5 1.0625 -6.5
356.125 1.4375 -6.6875
356.8125 1.8125 -6.8125
357.5 2.125 -6.9375
358.1875 2.375 -7.0625
358.8125 2.625 -7.1875
359.5 2.875 -7.25
0.125 3.125 -7.375
0.75 3.375 -7.4375
1.375 3.625 -7.5
2 3.875 -7.5
2.625 4.1875 -7.5625
3.25 4.4375 -7.5625
3.8125 4.6875 -7.625
