6.13 -0.11 7.65
6.13 -0.12 7.65
6.13 -0.13 7.65
6.13 -0.14 7.65
6.12 -0.14 7.65
6.11 -0.14 7.66
6.09 -0.15 7.67
6.07 -0.16 7.69
6.05 -0.16 7.71
6.01 -0.16 7.74
5.97 -0.16 7.77
5.92 -0.16 7.81
5.86 -0.17 7.85
5.79 -0.17 7.91
5.71 -0.18 7.96
5.62 -0.19 8.03
5.52 -0.2 8.09
5.42 -0.22 8.16
5.32 -0.24 8.23
5.21 -0.27 8.29
5.11 -0.29 8.36
4.99 -0.32 8.43
4.88 -0.35 8.49
4.75 -0.38 8.56
4.61 -0.4 8.64
4.46 -0.43 8.72
4.3 -0.45 8.79
4.14 -0.48 8.87
3.97 -0.5 8.94
3.8 -0.53 9.02
3.63 -0.55 9.09
3.45 -0.57 9.16
3.26 -0.58 9.22
3.08 -0.59 9.28
2.9 -0.6 9.34
2.71 -0.6 9.4
2.53 -0.6 9.45
2.34 -0.59 9.5
2.15 -0.56 9.55
1.95 -0.54 9.59
1.75 -0.51 9.63
1.55 -0.48 9.66
1.36 -0.45 9.7
1.15 -0.42 9.72
0.95 -0.38 9.75
0.74 -0.33 9.77
0.54 -0.3 9.78
0.35 -0.28 9.79
0.18 -0.28 9.8
0.02 -0.28 9.8
-0.1 -0.28 9.8
-0.22 -0.28 9.79
-0.33 -0.28 9.79
-0.41 -0.28 9.79
-0.48 -0.29 9.79
-0.53 -0.3 9.78
-0.56 -0.32 9.78
-0.58 -0.35 9.78
-0.58 -0.37 9.78
-0.58 -0.4 9.78
-0.57 -0.42 9.78
-0.57 -0.44 9.77
-0.56 -0.46 9.77
-0.56 -0.47 9.77
-0.56 -0.49 9.77
-0.57 -0.52 9.77
-0.57 -0.54 9.77
-0.58 -0.56 9.77
-0.59 -0.58 9.77
-0.6 -0.6 9.76
-0.61 -0.61 9.76
-0.61 -0.63 9.76
-0.61 -0.66 9.76
-0.6 -0.68 9.76
-0.59 -0.7 9.76
-0.58 -0.72 9.76
-0.56 -0.75 9.76
-0.54 -0.77 9.76
-0.51 -0.79 9.76
-0.47 -0.82 9.76
-0.43 -0.85 9.75
-0.38 -0.88 9.75
-0.31 -0.91 9.75
-0.24 -0.95 9.75
-0.17 -0.97 9.75
-0.09 -1 9.75
-0.02 -1.03 9.75
0.05 -1.06 9.74
0.12 -1.09 9.74
0.19 -1.11 9.74
0.25 -1.14 9.73
0.31 -1.17 9.73
0.36 -1.19 9.72
0.41 -1.21 9.72
0.45 -1.22 9.71
0.49 -1.24 9.71
0.53 -1.26 9.71
0.58 -1.27 9.7
0.62 -1.27 9.7
0.67 -1.28 9.69
0.71 -1.28 9.69
0.76 -1.29 9.69
0.81 -1.3 9.68
0.85 -1.3 9.68
0.89 -1.31 9.67
0.92 -1.32 9.67
0.95 -1.33 9.66
0.98 -1.33 9.66
1.01 -1.34 9.66
1.03 -1.35 9.65
1.05 -1.36 9.65
1.06 -1.37 9.65
1.07 -1.38 9.64
1.07 -1.4 9.64
