0.9379883 0.030456543 -0.32958984 0.10321045
0.9378662 0.029724121 -0.33007812 0.10266113
0.93792725 0.028930664 -0.33032227 0.10192871
0.9379883 0.028259277 -0.3303833 0.101135254
0.93811035 0.027770996 -0.3302002 0.1005249
0.93829346 0.02734375 -0.32983398 0.10003662
0.93859863 0.026916504 -0.32928467 0.09967041
0.9389038 0.026428223 -0.32836914 0.09942627
0.9393921 0.025817871 -0.32714844 0.09918213
0.94000244 0.02520752 -0.3255005 0.09893799
0.9407959 0.024841309 -0.32336426 0.09863281
0.94177246 0.024353027 -0.32073975 0.09814453
0.9428711 0.023742676 -0.31774902 0.09753418
0.9440918 0.023010254 -0.31427002 0.09686279
0.94555664 0.022216797 -0.31018066 0.09625244
0.94714355 0.021057129 -0.30548096 0.09552002
0.9489746 0.01965332 -0.30023193 0.09466553
0.9508667 0.0178833 -0.2946167 0.093688965
0.9527588 0.01586914 -0.28881836 0.0925293
0.9546509 0.01373291 -0.28295898 0.09136963
0.95654297 0.01159668 -0.27703857 0.090270996
0.958374 0.009521484 -0.2709961 0.08935547
0.9602051 0.0073242188 -0.2647705 0.08868408
0.96203613 0.0049438477 -0.2581787 0.088256836
0.9639282 0.0026245117 -0.25109863 0.08795166
0.9659424 0.00048828125 -0.24346924 0.08770752
0.96795654 -0.0014648438 -0.23535156 0.087524414
0.97003174 -0.0036621094 -0.22680664 0.087402344
0.97198486 -0.0057373047 -0.21801758 0.08734131
0.973938 -0.0076904297 -0.20892334 0.087646484
0.9758301 -0.009643555 -0.19976807 0.0881958
0.9776001 -0.011474609 -0.19036865 0.08911133
0.97924805 -0.013061523 -0.18084717 0.090148926
0.980896 -0.014465332 -0.17126465 0.09112549
0.9824219 -0.015808105 -0.1616211 0.09185791
0.9838867 -0.017089844 -0.15203857 0.09234619
0.9852905 -0.018066406 -0.14239502 0.09265137
0.9866333 -0.018676758 -0.13269043 0.09265137
0.98791504 -0.018981934 -0.122802734 0.09246826
0.9891968 -0.018798828 -0.1126709 0.09210205
0.99035645 -0.018371582 -0.10235596 0.091552734
0.9914551 -0.017822266 -0.09197998 0.09100342
0.9923706 -0.01751709 -0.081726074 0.0904541
0.9932251 -0.017089844 -0.07141113 0.090026855
0.9939575 -0.016296387 -0.06097412 0.08972168
0.9946289 -0.015075684 -0.0501709 0.08959961
0.9951172 -0.01373291 -0.03942871 0.089538574
0.9954834 -0.012817383 -0.0289917 0.08947754
0.99572754 -0.012756348 -0.019348145 0.089416504
0.9958496 -0.013549805 -0.010620117 0.08917236
0.99591064 -0.014343262 -0.002746582 0.08911133
0.99591064 -0.015075684 0.004211426 0.08898926
0.9958496 -0.015563965 0.010253906 0.08898926
0.9957886 -0.016052246 0.0154418945 0.08898926
0.99560547 -0.017089844 0.02331543 0.08892822
0.99560547 -0.017089844 0.02331543 0.08892822
0.99554443 -0.018127441 0.025878906 0.08868408
0.99554443 -0.01928711 0.02746582 0.08843994
0.9954834 -0.020568848 0.028198242 0.088378906
0.99542236 -0.021850586 0.028259277 0.08850098
0.9953613 -0.023071289 0.027954102 0.08898926
0.9953003 -0.024169922 0.02746582 0.08959961
0.99523926 -0.025146484 0.026977539 0.090270996
0.9951782 -0.026062012 0.026550293 0.09094238
0.9951172 -0.026855469 0.026367188 0.0914917
0.9949951 -0.027832031 0.026367188 0.09197998
0.9949341 -0.02911377 0.026611328 0.09222412
0.99487305 -0.030334473 0.026855469 0.09240723
0.994812 -0.031677246 0.02722168 0.09259033
0.994751 -0.03253174 0.027648926 0.09277344
0.994751 -0.03338623 0.027954102 0.09283447
0.99468994 -0.034362793 0.028076172 0.09289551
0.9946289 -0.035339355 0.028076172 0.09283447
0.9946289 -0.036499023 0.027954102 0.09259033
0.9946289 -0.037597656 0.02758789 0.09222412
0.99468994 -0.03857422 0.02709961 0.09173584
0.99468994 -0.03967285 0.026306152 0.09112549
0.994751 -0.040771484 0.025390625 0.090270996
0.99487305 -0.041870117 0.024169922 0.08898926
0.9949951 -0.04284668 0.022644043 0.0871582
0.99523926 -0.044067383 0.020812988 0.08459473
0.9954834 -0.04522705 0.018493652 0.08148193
0.99572754 -0.04663086 0.015808105 0.07800293
0.9960327 -0.048034668 0.0126953125 0.07409668
0.99627686 -0.04925537 0.009216309 0.06982422
0.99658203 -0.050476074 0.0056152344 0.06518555
0.9968262 -0.051696777 0.0018920898 0.060302734
0.9970703 -0.05291748 -0.0017700195 0.05529785
0.9972534 -0.054138184 -0.0053100586 0.0501709
0.9974365 -0.055358887 -0.008728027 0.044799805
0.9975586 -0.05670166 -0.011962891 0.03918457
0.9976196 -0.05810547 -0.015014648 0.033325195
0.99768066 -0.059326172 -0.017700195 0.027404785
0.9977417 -0.060424805 -0.020080566 0.021484375
0.9977417 -0.061523438 -0.022033691 0.015625
0.99768066 -0.062561035 -0.023803711 0.009887695
0.9976196 -0.0635376 -0.025512695 0.004211426
0.9975586 -0.064453125 -0.027282715 -0.0014038086
0.9974365 -0.06518555 -0.02923584 -0.007019043
0.9972534 -0.06573486 -0.031188965 -0.012512207
0.9970703 -0.066223145 -0.033203125 -0.0178833
0.9968872 -0.066711426 -0.035217285 -0.023132324
0.99664307 -0.06732178 -0.037231445 -0.028442383
0.9963379 -0.06793213 -0.039245605 -0.033569336
0.9960327 -0.06854248 -0.04107666 -0.03857422
0.99572754 -0.06921387 -0.042785645 -0.04321289
0.99542236 -0.06994629 -0.04425049 -0.047546387
0.9951172 -0.070617676 -0.045532227 -0.051574707
0.994812 -0.07128906 -0.04663086 -0.055419922
0.99450684 -0.072021484 -0.047546387 -0.059143066
0.99420166 -0.07269287 -0.048339844 -0.06262207
0.9939575 -0.07330322 -0.049072266 -0.06567383
0.9937134 -0.07397461 -0.049560547 -0.06829834
0.99346924 -0.07476807 -0.049865723 -0.07043457
0.99328613 -0.07562256 -0.049926758 -0.07220459
0.993103 -0.076416016 -0.049804688 -0.07366943
0.99298096 -0.07702637 -0.049438477 -0.07476807
0.9935913 -0.06793213 -0.048706055 -0.076049805
0.9941406 -0.059326172 -0.047668457 -0.07684326
0.9941406 -0.05999756 -0.04675293 -0.0769043
0.9941406 -0.061462402 -0.04522705 -0.07684326
0.9941406 -0.061462402 -0.04522705 -0.07684326
0.9940796 -0.062072754 -0.044799805 -0.07678223
0.9940796 -0.06323242 -0.044677734 -0.076049805
