0.80914307 -0.14025879 -0.56695557 -0.064819336
0.80822754 -0.14074707 -0.5682373 -0.06341553
0.8074341 -0.14129639 -0.569397 -0.06237793
0.8066406 -0.1418457 -0.5704346 -0.061767578
0.8060913 -0.14208984 -0.571228 -0.061584473
0.80578613 -0.14196777 -0.5716553 -0.061645508
0.8059082 -0.14154053 -0.57147217 -0.06201172
0.8066406 -0.1408081 -0.57055664 -0.06262207
0.8079834 -0.1404419 -0.56866455 -0.06390381
0.80999756 -0.14001465 -0.5656738 -0.06549072
0.8128052 -0.13928223 -0.5615845 -0.06750488
0.8162842 -0.1381836 -0.5564575 -0.070007324
0.82037354 -0.13659668 -0.55041504 -0.07305908
0.8249512 -0.13446045 -0.5435791 -0.07678223
0.82995605 -0.1317749 -0.5359497 -0.08117676
0.83532715 -0.12854004 -0.52752686 -0.086120605
0.8411255 -0.124938965 -0.5181885 -0.09136963
0.847229 -0.12121582 -0.5079956 -0.0970459
0.8535156 -0.11755371 -0.49700928 -0.10308838
0.85980225 -0.11395264 -0.48553467 -0.109375
0.86602783 -0.11047363 -0.47369385 -0.11578369
0.87213135 -0.10723877 -0.46142578 -0.12225342
0.8782959 -0.1038208 -0.4486084 -0.12866211
0.8845215 -0.10003662 -0.4352417 -0.13500977
0.8908081 -0.095703125 -0.42114258 -0.14141846
0.8970337 -0.09088135 -0.4064331 -0.14794922
0.9030762 -0.085876465 -0.3912964 -0.15484619
0.9088135 -0.08081055 -0.37597656 -0.16174316
0.91430664 -0.075805664 -0.3604126 -0.16845703
0.91955566 -0.0715332 -0.3446045 -0.17480469
0.92456055 -0.0680542 -0.32861328 -0.18060303
0.92926025 -0.06512451 -0.3126831 -0.18554688
0.9337158 -0.06237793 -0.2970581 -0.18981934
0.9378662 -0.05987549 -0.28173828 -0.19366455
0.9415283 -0.057800293 -0.26690674 -0.19726562
0.94488525 -0.05596924 -0.25250244 -0.20074463
0.947876 -0.054016113 -0.23864746 -0.20410156
0.95062256 -0.051879883 -0.22509766 -0.20733643
0.95306396 -0.04949951 -0.21185303 -0.21051025
0.95532227 -0.047058105 -0.19891357 -0.21350098
0.95739746 -0.04437256 -0.18615723 -0.2163086
0.95928955 -0.041809082 -0.17352295 -0.21887207
0.9610596 -0.039245605 -0.16113281 -0.22106934
0.9627075 -0.03643799 -0.14886475 -0.22290039
0.96429443 -0.03363037 -0.13671875 -0.22436523
0.96569824 -0.03100586 -0.124694824 -0.22558594
0.96698 -0.028747559 -0.11279297 -0.22680664
0.9680176 -0.026733398 -0.10107422 -0.22802734
0.9689331 -0.024841309 -0.08972168 -0.22918701
0.9696655 -0.023132324 -0.07879639 -0.23028564
0.9702759 -0.021606445 -0.068359375 -0.23120117
0.97076416 -0.020263672 -0.05859375 -0.2319336
0.9711914 -0.019042969 -0.04937744 -0.23236084
0.9715576 -0.017944336 -0.04071045 -0.23260498
0.9718628 -0.016967773 -0.032470703 -0.23254395
0.97216797 -0.016113281 -0.024597168 -0.23248291
0.9723511 -0.015380859 -0.017211914 -0.23242188
0.97247314 -0.014892578 -0.010498047 -0.2322998
0.9725952 -0.014282227 -0.0045776367 -0.23205566
0.9727173 -0.0134887695 0.00061035156 -0.23168945
0.9727783 -0.012634277 0.005004883 -0.23132324
0.97283936 -0.012023926 0.008728027 -0.23095703
0.9729004 -0.011474609 0.011779785 -0.23065186
0.9729004 -0.011047363 0.014038086 -0.23046875
0.9729004 -0.010803223 0.015625 -0.23034668
0.9729004 -0.0107421875 0.016601562 -0.23046875
0.9727783 -0.010620117 0.017028809 -0.230896
0.97265625 -0.010437012 0.017028809 -0.23150635
0.9724121 -0.010253906 0.016662598 -0.23236084
0.972229 -0.010131836 0.016052246 -0.23339844
0.9719238 -0.010253906 0.015075684 -0.23461914
0.9715576 -0.010437012 0.013671875 -0.23614502
0.9711304 -0.0107421875 0.01184082 -0.23797607
0.9706421 -0.011047363 0.009521484 -0.2401123
0.97003174 -0.011291504 0.006652832 -0.24267578
0.96936035 -0.0115356445 0.0033569336 -0.24542236
0.9685669 -0.01171875 -0.00024414062 -0.24847412
0.9677124 -0.012084961 -0.0041503906 -0.25170898
0.96673584 -0.012451172 -0.008300781 -0.25524902
0.96569824 -0.012817383 -0.012634277 -0.25915527
0.96447754 -0.013061523 -0.017150879 -0.2631836
0.96325684 -0.013244629 -0.021728516 -0.26733398
0.9619751 -0.013244629 -0.026367188 -0.27148438
0.9606323 -0.013122559 -0.030883789 -0.27581787
0.9591675 -0.013061523 -0.035339355 -0.28033447
0.95758057 -0.013061523 -0.03967285 -0.28503418
0.9559326 -0.013000488 -0.043884277 -0.2901001
0.95410156 -0.012939453 -0.048034668 -0.29534912
0.95214844 -0.012756348 -0.052246094 -0.30096436
0.9500122 -0.012512207 -0.056396484 -0.3067627
0.94781494 -0.012268066 -0.06048584 -0.31274414
0.94555664 -0.012084961 -0.064453125 -0.31878662
0.9432373 -0.012084961 -0.068237305 -0.3248291
0.94091797 -0.012329102 -0.07183838 -0.3307495
0.93859863 -0.012634277 -0.07519531 -0.33654785
0.9362793 -0.012939453 -0.07836914 -0.3421631
0.934021 -0.013366699 -0.08135986 -0.3475952
0.93182373 -0.01373291 -0.084106445 -0.35284424
0.9296875 -0.014038086 -0.08654785 -0.3577881
0.9276123 -0.014282227 -0.08874512 -0.36254883
0.9256592 -0.014404297 -0.09063721 -0.36706543
0.92370605 -0.014404297 -0.092285156 -0.371521
0.921875 -0.014282227 -0.093688965 -0.37573242
0.920105 -0.014038086 -0.09484863 -0.37976074
0.91851807 -0.01373291 -0.09576416 -0.38342285
0.9170532 -0.013366699 -0.09649658 -0.3867798
0.91571045 -0.013000488 -0.09698486 -0.3897705
0.9145508 -0.012634277 -0.09729004 -0.39245605
0.9135132 -0.012390137 -0.09741211 -0.3947754
0.9127197 -0.012390137 -0.097351074 -0.39666748
0.9119873 -0.012573242 -0.09729004 -0.3982544
0.911438 -0.012817383 -0.097351074 -0.39959717
