31.5 65.25 -61.8125
31.875 65.0625 -60.625
32.25 64.875 -59.5625
32.6875 64.8125 -58.6875
33.125 64.75 -58
33.625 64.75 -57.5
34.125 64.875 -57.25
34.625 65.0625 -57.1875
34.9375 65.375 -57.4375
35.25 65.6875 -58.125
35.4375 66 -59.4375
35.3125 66.3125 -61.125
34.9375 66.625 -63.5
34.375 66.875 -66.625
33.5625 67.0625 -70.5625
32.5625 67 -75.3125
31.375 66.75 -80.8125
29.9375 66.1875 -86.75
28.25 65.25 -92.9375
26.375 63.875 -99.0625
24.3125 62.125 -104.875
22 60.125 -110.1875
19.625 57.8125 -115
17.125 55.4375 -119.1875
14.5625 52.9375 -122.9375
12.0625 50.5625 -126.125
9.25 48.25 -128.6875
6.625 46.125 -130.875
348.1875 44.25 -132.625
347.8125 42.5625 -134.0625
347.5 41.375 -135.375
347.25 40.625 -136.4375
347 40.375 -137.4375
346.6875 40.5625 -138.3125
346.25 41.1875 -139
345.75 42.1875 -139.5625
345.25 43.4375 -140
9.8125 45 -140.4375
12.6875 46.75 -140.8125
15.5 48.625 -141.0625
18.3125 50.625 -141.25
21.1875 52.6875 -141.375
24.0625 54.9375 -141.375
27 57.3125 -141.375
29.9375 59.8125 -141.125
32.75 62.4375 -140.5625
35.625 65.25 -139.6875
38.25 68.125 -138.1875
40.8125 71.0625 -135.8125
43 73.75 -132.75
44.9375 76.25 -128.6875
46.8125 78.375 -123.5
48.625 80.1875 -117.1875
49.9375 81.4375 -110.0625
51.0625 82.3125 -103.5
51.75 82.75 -99.0625
52.0625 82.8125 -97.875
51.875 82.4375 -100.1875
51.375 81.75 -105.1875
50.625 80.625 -111.5625
49.6875 79.1875 -118.25
48.6875 77.4375 -124.5625
47.625 75.375 -130.1875
46.5 73.0625 -135
45.25 70.5625 -139.0625
44 67.875 -142.5625
42.6875 65.0625 -145.5625
41.3125 62.125 -148.1875
39.875 59.1875 -150.5
38.4375 56.1875 -152.5
36.9375 53.25 -154.25
35.5 50.375 -155.875
34.1875 47.625 -157.375
32.9375 45.0625 -158.6875
342.25 42.625 -159.3125
341.9375 40.4375 -160.3125
341.625 38.6875 -161.25
341.1875 37.3125 -162.1875
340.625 36.3125 -163.125
340 35.8125 -164.0625
339.3125 35.75 -165
338.5625 36.0625 -165.875
337.8125 36.8125 -166.75
337.0625 37.9375 -167.625
336.25 39.375 -168.625
335.3125 41.1875 -169.75
334.3125 43.1875 -171
48.375 45.375 -172.375
51 47.6875 -173.8125
53.3125 50.0625 -175.25
55.5 52.4375 -176.9375
57.75 54.875 -178.9375
59.75 57.1875 178.6875
61.625 59.5 176.1875
63.5 61.6875 173.25
64.9375 63.625 170.25
66.1875 65.375 167.0625
67.25 66.9375 163.625
68.1875 68.25 160.125
68.9375 69.3125 156.6875
69.5625 70.125 153.4375
70.0625 70.75 150.6875
70.4375 71.25 148.5
70.6875 71.6875 146.875
70.9375 72 145.875
71.125 72.25 145.3125
71.1875 72.5 145.3125
71.1875 72.625 145.6875
71.125 72.5625 146.1875
71.125 72.4375 146.8125
71.0625 72.1875 147.5625
71.0625 71.8125 148.4375
