8.89 -3.6 2.02
8.88 -3.58 2.1
8.87 -3.56 2.16
8.87 -3.54 2.21
8.87 -3.52 2.24
8.88 -3.49 2.24
8.89 -3.46 2.23
8.91 -3.44 2.19
8.93 -3.42 2.13
8.96 -3.43 2.02
8.98 -3.44 1.89
9 -3.47 1.73
9.02 -3.52 1.52
9.03 -3.6 1.26
9.03 -3.69 0.96
9.01 -3.81 0.61
8.97 -3.95 0.22
8.9 -4.1 -0.21
8.8 -4.25 -0.68
8.67 -4.42 -1.17
8.5 -4.58 -1.68
8.3 -4.72 -2.2
8.07 -4.85 -2.71
7.83 -4.95 -3.21
7.57 -5.02 -3.67
7.32 -5.09 -4.08
7.07 -5.13 -4.44
6.84 -5.16 -4.75
6.64 -5.18 -5.02
6.48 -5.16 -5.23
6.38 -5.12 -5.39
6.35 -5.04 -5.5
6.38 -4.95 -5.56
6.46 -4.83 -5.56
6.58 -4.71 -5.53
6.74 -4.56 -5.45
6.94 -4.4 -5.34
7.14 -4.23 -5.2
7.36 -4.06 -5.04
7.58 -3.89 -4.85
7.8 -3.7 -4.64
8.02 -3.51 -4.4
8.25 -3.3 -4.13
8.47 -3.08 -3.83
8.69 -2.87 -3.5
8.9 -2.65 -3.12
9.1 -2.43 -2.72
9.27 -2.21 -2.27
9.41 -2 -1.85
9.52 -1.81 -1.45
9.6 -1.63 -1.08
9.66 -1.48 -0.76
9.69 -1.36 -0.49
9.71 -1.26 -0.3
9.72 -1.21 -0.19
9.73 -1.21 -0.16
9.72 -1.26 -0.22
9.7 -1.35 -0.36
9.67 -1.47 -0.58
9.63 -1.61 -0.86
9.57 -1.75 -1.2
9.49 -1.88 -1.59
9.38 -2.01 -2.01
9.24 -2.13 -2.46
9.08 -2.23 -2.92
8.89 -2.33 -3.4
8.67 -2.4 -3.89
8.42 -2.47 -4.37
8.15 -2.51 -4.83
7.86 -2.54 -5.28
7.55 -2.55 -5.7
7.25 -2.53 -6.09
6.94 -2.51 -6.45
6.64 -2.54 -6.74
6.36 -2.51 -7.02
6.13 -2.45 -7.24
5.94 -2.37 -7.42
5.81 -2.29 -7.55
5.74 -2.17 -7.64
5.73 -2.05 -7.68
5.78 -1.92 -7.68
5.88 -1.79 -7.63
6.03 -1.65 -7.55
6.22 -1.48 -7.42
6.45 -1.31 -7.26
6.71 -1.11 -7.05
6.98 -0.91 -6.82
7.25 -0.71 -6.56
7.52 -0.51 -6.27
7.77 -0.31 -5.96
8.02 -0.1 -5.64
8.24 0.11 -5.3
8.45 0.33 -4.96
8.63 0.54 -4.61
8.78 0.73 -4.29
8.91 0.91 -3.97
9.02 1.07 -3.68
9.1 1.23 -3.41
9.17 1.37 -3.18
9.22 1.48 -2.97
9.26 1.57 -2.81
9.28 1.64 -2.68
9.31 1.68 -2.58
9.32 1.69 -2.5
9.34 1.69 -2.45
9.35 1.67 -2.42
9.35 1.65 -2.41
9.35 1.63 -2.43
9.35 1.61 -2.47
9.33 1.6 -2.53
9.31 1.59 -2.59
9.29 1.58 -2.67
