0.6751709 0.07897949 -0.62854004 0.3779297
0.6789551 0.0769043 -0.62524414 0.37713623
0.68255615 0.07501221 -0.6222534 0.37591553
0.685791 0.07336426 -0.619812 0.37438965
0.68859863 0.071899414 -0.61798096 0.37249756
0.69085693 0.07067871 -0.6170044 0.37005615
0.692749 0.06939697 -0.6170044 0.36694336
0.6937866 0.06896973 -0.61761475 0.36395264
0.69384766 0.0692749 -0.61901855 0.3612671
0.69281006 0.06958008 -0.6217041 0.35864258
0.6904907 0.06915283 -0.6260376 0.3557129
0.68621826 0.07043457 -0.6310425 0.35479736
0.6802368 0.07171631 -0.63757324 0.35443115
0.67230225 0.07293701 -0.64575195 0.35443115
0.6622925 0.07409668 -0.65563965 0.35498047
0.65008545 0.07507324 -0.6671753 0.35583496
0.63568115 0.0758667 -0.68029785 0.35687256
0.6191406 0.076293945 -0.6948242 0.35784912
0.60040283 0.076416016 -0.7105713 0.35876465
0.57977295 0.07623291 -0.7272339 0.35943604
0.557312 0.075805664 -0.74450684 0.35968018
0.5335083 0.07550049 -0.76190186 0.35943604
0.50878906 0.07531738 -0.7789917 0.35858154
0.48376465 0.07543945 -0.7955322 0.3569336
0.4588623 0.07623291 -0.8110962 0.35455322
0.43475342 0.077941895 -0.82543945 0.3515625
0.41168213 0.08129883 -0.83758545 0.34985352
0.3904419 0.08465576 -0.84832764 0.3474121
0.37158203 0.08831787 -0.85717773 0.34552002
0.35498047 0.092163086 -0.864563 0.3435669
0.34246826 0.09503174 -0.8706665 0.3400879
0.33477783 0.097351074 -0.87506104 0.3357544
0.33135986 0.099731445 -0.8779297 0.33081055
0.33203125 0.10247803 -0.87927246 0.32580566
0.33618164 0.105651855 -0.87908936 0.3209839
0.34332275 0.109191895 -0.8775635 0.31640625
0.35308838 0.11303711 -0.8748169 0.31176758
0.36499023 0.117126465 -0.87109375 0.30706787
0.37823486 0.12133789 -0.8664551 0.3024292
0.39245605 0.12573242 -0.8609009 0.2982788
0.40759277 0.12994385 -0.8546753 0.29418945
0.42352295 0.13397217 -0.8477173 0.28985596
0.4404297 0.13793945 -0.8399658 0.28546143
0.45837402 0.14172363 -0.83117676 0.2808838
0.47753906 0.14489746 -0.82141113 0.27600098
0.49780273 0.14752197 -0.81036377 0.27142334
0.51904297 0.14941406 -0.7982178 0.26660156
0.5409546 0.15093994 -0.78479004 0.26208496
0.5633545 0.1517334 -0.77020264 0.2576294
0.58380127 0.15319824 -0.7558594 0.25372314
0.60272217 0.15423584 -0.7418823 0.25
0.62005615 0.1538086 -0.729187 0.24536133
0.6352539 0.15179443 -0.7182617 0.2397461
0.6473999 0.15081787 -0.7089844 0.23565674
0.65631104 0.1496582 -0.7022705 0.23175049
0.66156006 0.14837646 -0.6984863 0.22906494
0.66296387 0.14672852 -0.697876 0.22784424
0.66064453 0.14447021 -0.7005005 0.22802734
0.6547241 0.1416626 -0.70617676 0.22918701
0.6456909 0.13885498 -0.7145386 0.23083496
0.6338501 0.13598633 -0.72509766 0.23236084
0.6195679 0.13348389 -0.73742676 0.23339844
0.6033325 0.13140869 -0.7510376 0.23370361
0.5853882 0.12976074 -0.7655029 0.23345947
0.56591797 0.12872314 -0.7803955 0.23266602
0.545105 0.12799072 -0.79559326 0.23120117
0.5232544 0.12762451 -0.81085205 0.2290039
0.50042725 0.12774658 -0.8258667 0.22613525
0.4769287 0.12835693 -0.8404541 0.22277832
0.45324707 0.12945557 -0.8543701 0.21887207
0.4296875 0.13085938 -0.8673096 0.2144165
0.40667725 0.13250732 -0.8793335 0.20922852
0.38446045 0.13446045 -0.8903198 0.20349121
0.36340332 0.13684082 -0.9001465 0.19744873
0.34265137 0.14154053 -0.90771484 0.1963501
0.32458496 0.14501953 -0.91485596 0.19134521
0.30993652 0.1486206 -0.9204712 0.18591309
0.29821777 0.15283203 -0.92474365 0.18035889
0.28961182 0.15789795 -0.9276123 0.1751709
0.28527832 0.16345215 -0.92907715 0.16955566
0.2845459 0.16949463 -0.92907715 0.16473389
0.28735352 0.17541504 -0.9279175 0.16021729
0.29345703 0.18115234 -0.9255371 0.15631104
0.30273438 0.18676758 -0.9220581 0.15258789
0.31481934 0.19262695 -0.91741943 0.14880371
0.32958984 0.19903564 -0.91137695 0.14526367
0.34643555 0.20593262 -0.90411377 0.14178467
0.364563 0.21276855 -0.89593506 0.13842773
0.38342285 0.21936035 -0.8868408 0.13568115
0.40289307 0.22540283 -0.8769531 0.13354492
0.42279053 0.23083496 -0.8664551 0.13110352
0.44274902 0.23577881 -0.8555908 0.12799072
0.4623413 0.24072266 -0.8442383 0.12475586
0.48168945 0.24523926 -0.8324585 0.1217041
0.50079346 0.24841309 -0.82073975 0.11779785
0.51776123 0.25201416 -0.80944824 0.114868164
0.53338623 0.2553711 -0.79852295 0.11230469
0.5604248 0.26202393 -0.77819824 0.107910156
0.5604248 0.26202393 -0.77819824 0.107910156
0.57147217 0.26501465 -0.7694092 0.10595703
0.58813477 0.26934814 -0.7555542 0.10321045
0.58813477 0.26934814 -0.7555542 0.10321045
0.59399414 0.27026367 -0.7507324 0.10235596
0.5984497 0.27020264 -0.7473755 0.101623535
0.6016846 0.2689209 -0.7453003 0.10089111
0.6040039 0.2666626 -0.74432373 0.10028076
0.60528564 0.2642212 -0.74420166 0.100097656
0.60546875 0.2623291 -0.7446289 0.10028076
0.60479736 0.2611084 -0.7456665 0.10028076
0.6031494 0.26068115 -0.74713135 0.100097656
0.60076904 0.26086426 -0.74902344 0.09991455
0.5979614 0.26135254 -0.75115967 0.099609375
