0.72680664 -0.4456787 -0.32299805 -0.4107666
0.72680664 -0.4421997 -0.32202148 -0.41534424
0.727478 -0.43725586 -0.31982422 -0.4210205
0.7288208 -0.43096924 -0.31652832 -0.42767334
0.73065186 -0.42364502 -0.31176758 -0.4352417
0.73321533 -0.41534424 -0.30548096 -0.4434204
0.73651123 -0.40563965 -0.29797363 -0.4519043
0.7404175 -0.3945923 -0.28979492 -0.4605713
0.74468994 -0.38226318 -0.28112793 -0.46929932
0.7492676 -0.3690796 -0.27166748 -0.47808838
0.7541504 -0.3554077 -0.26116943 -0.48651123
0.7595215 -0.34155273 -0.24938965 -0.49420166
0.765625 -0.32733154 -0.23638916 -0.50079346
0.772583 -0.31274414 -0.22216797 -0.5059204
0.78027344 -0.2977295 -0.20684814 -0.5097046
0.7883301 -0.2824707 -0.19049072 -0.5123291
0.7966919 -0.2668457 -0.17346191 -0.51379395
0.8052368 -0.25054932 -0.15625 -0.5142212
0.81347656 -0.23303223 -0.14013672 -0.5140991
0.82073975 -0.21490479 -0.12542725 -0.5142822
0.8270874 -0.19665527 -0.111450195 -0.51464844
0.8330078 -0.17803955 -0.097961426 -0.5145874
0.83917236 -0.15911865 -0.08416748 -0.5131836
0.84588623 -0.14025879 -0.06933594 -0.5098877
0.8531494 -0.12200928 -0.053100586 -0.50439453
0.86065674 -0.10455322 -0.035827637 -0.4970703
0.8679199 -0.087646484 -0.018554688 -0.4885254
0.87438965 -0.07116699 -0.0026245117 -0.47998047
0.8798218 -0.05609131 0.01184082 -0.47180176
0.8842163 -0.042663574 0.024169922 -0.46453857
0.88775635 -0.030578613 0.034301758 -0.4580078
0.8909912 -0.020141602 0.04284668 -0.45147705
0.8977661 -0.004333496 0.057739258 -0.43670654
0.90130615 0.0018920898 0.064208984 -0.4284668
0.9046631 0.007385254 0.06964111 -0.42041016
0.9075928 0.012145996 0.07397461 -0.41308594
0.90997314 0.015991211 0.07733154 -0.40704346
0.91174316 0.018920898 0.079833984 -0.40246582
0.91296387 0.021240234 0.081604004 -0.399292
0.9136963 0.022888184 0.08288574 -0.3972168
0.91412354 0.023864746 0.083740234 -0.3959961
0.91430664 0.024291992 0.08416748 -0.39544678
0.91430664 0.024536133 0.08416748 -0.39544678
0.91412354 0.024414062 0.0836792 -0.39593506
0.9137573 0.023803711 0.08288574 -0.39697266
0.913208 0.022583008 0.081848145 -0.3986206
0.9123535 0.020751953 0.08062744 -0.40081787
0.91137695 0.018310547 0.0793457 -0.40338135
0.9102173 0.015258789 0.07788086 -0.40649414
0.9086914 0.01184082 0.076171875 -0.4102173
0.90686035 0.008117676 0.074279785 -0.41467285
0.9046631 0.003967285 0.07220459 -0.4199829
0.90185547 -0.0007324219 0.06982422 -0.42633057
0.8984375 -0.0059814453 0.06707764 -0.4338379
0.89434814 -0.011962891 0.06378174 -0.44262695
0.8895874 -0.018615723 0.059936523 -0.4524536
0.8841553 -0.026123047 0.055480957 -0.4631958
0.87786865 -0.034362793 0.050109863 -0.4749756
0.87072754 -0.042907715 0.043273926 -0.48797607
0.86273193 -0.0513916 0.034729004 -0.50177
0.8540039 -0.060180664 0.024841309 -0.51623535
0.84436035 -0.06994629 0.014526367 -0.53100586
0.8341675 -0.08026123 0.003967285 -0.5456543
0.82354736 -0.09106445 -0.006225586 -0.5598755
0.8128052 -0.101257324 -0.016479492 -0.5734253
0.8018799 -0.11047363 -0.02709961 -0.5866089
0.7909546 -0.11883545 -0.037719727 -0.59906006
0.78009033 -0.12652588 -0.048095703 -0.61083984
0.7694092 -0.1340332 -0.05731201 -0.62194824
0.75878906 -0.14117432 -0.06542969 -0.6325073
0.74835205 -0.14746094 -0.07244873 -0.64263916
0.7382202 -0.152771 -0.07867432 -0.6522827
0.7286377 -0.15734863 -0.08380127 -0.6613159
0.7199707 -0.16125488 -0.08782959 -0.6693115
0.7122803 -0.16479492 -0.09063721 -0.67626953
0.70544434 -0.16815186 -0.092163086 -0.682312
0.6993408 -0.17120361 -0.09301758 -0.68774414
0.6937256 -0.1739502 -0.09350586 -0.69262695
0.6887207 -0.17645264 -0.09350586 -0.6970215
