70 3.625 -11.1875
70.375 3.125 -11.5
70.75 2.5625 -11.8125
71.125 2 -12.1875
71.5 1.4375 -12.5
71.875 0.9375 -12.875
72.25 0.375 -13.3125
72.6875 -0.0625 -13.6875
73.0625 -0.5625 -14.0625
73.375 -0.9375 -14.375
73.6875 -1.1875 -14.6875
73.875 -1.25 -14.9375
74.0625 -1.125 -15.125
74.125 -0.8125 -15.3125
74.0625 -0.3125 -15.375
73.8125 0.375 -15.4375
73.375 1.3125 -15.4375
72.75 2.4375 -15.5
72 3.6875 -15.625
71.125 5.1875 -15.8125
70.125 6.875 -16.0625
69 8.625 -16.25
67.875 10.5625 -16.5625
66.625 12.5625 -16.9375
65.3125 14.625 -17.3125
64 16.8125 -17.8125
62.625 19 -18.375
61.3125 21.25 -19.0625
60 23.5625 -19.75
58.75 25.9375 -20.625
57.625 28.25 -21.6875
56.5625 30.5625 -22.8125
55.75 32.75 -24.125
55.0625 34.875 -25.4375
54.4375 36.875 -26.75
53.9375 38.625 -27.875
53.5625 40.3125 -28.8125
53.375 41.625 -29.75
53.375 42.625 -30.375
53.625 43.25 -30.8125
54.25 43.5625 -31.0625
55.0625 43.625 -31.0625
56.1875 43.375 -30.8125
57.5 42.875 -30.3125
59 42.125 -29.5625
60.625 41.1875 -28.75
62.3125 40 -27.9375
64.125 38.6875 -27.1875
66.0625 37.1875 -26.625
68 35.5625 -26.125
70 33.8125 -25.75
72.0625 31.9375 -25.5
74.125 29.875 -25.125
76.25 27.8125 -25
78.25 25.75 -24.625
80.25 23.6875 -24.4375
82.0625 21.6875 -24.25
83.8125 19.8125 -24.0625
85.375 18.1875 -24.0625
86.75 16.8125 -24.125
87.9375 15.8125 -24.625
88.625 15.1875 -24.625
88.9375 15.0625 -24.75
88.8125 15.3125 -24.875
88.4375 16.0625 -25.0625
87.75 17.1875 -25.3125
86.9375 18.6875 -25.6875
85.875 20.5 -26.125
84.75 22.5 -26.6875
83.4375 24.6875 -27.375
82.125 27.0625 -28.25
80.75 29.5 -29.3125
79.3125 32.0625 -30.5625
77.9375 34.5625 -32
76.625 37.0625 -33.625
75.375 39.5 -35.4375
74.1875 41.9375 -37.3125
73.125 44.25 -39.25
162.0625 46.5 -40.75
161.1875 48.6875 -42.5625
160.6875 50.6875 -44.5625
160.4375 52.5 -46.375
160.3125 54.25 -48
160.5625 55.6875 -49.5625
161.1875 56.9375 -50.625
162.125 57.9375 -51.125
163.5 58.75 -50.875
165.1875 59.3125 -49.875
167.1875 59.6875 -48.0625
169.4375 59.6875 -45.625
171.8125 59.5 -42.625
174.4375 58.9375 -39.3125
177.0625 58.0625 -36
179.75 56.875 -32.75
182.375 55.4375 -29.75
184.9375 53.8125 -27.1875
187.4375 52.0625 -24.9375
189.875 50.1875 -23.125
192.3125 48.3125 -21.75
194.6875 46.3125 -20.8125
106.75 44.4375 -20
108.75 42.5625 -19.375
110.5625 40.75 -18.75
112.1875 39.125 -18.0625
113.625 37.625 -17.375
114.875 36.375 -16.75
115.875 35.375 -16.3125
116.75 34.5625 -16
117.375 34.0625 -15.75
117.8125 33.75 -15.5625
118.125 33.625 -15.375
118.25 33.625 -15.1875
