0.54 -1.95 9.59
0.44 -2.01 9.58
0.35 -2.07 9.57
0.25 -2.13 9.56
0.16 -2.19 9.55
0.06 -2.26 9.54
-0.01 -2.32 9.52
-0.09 -2.38 9.51
-0.16 -2.44 9.49
-0.2 -2.48 9.48
-0.22 -2.53 9.47
-0.2 -2.56 9.46
-0.14 -2.59 9.45
-0.05 -2.6 9.45
0.07 -2.61 9.45
0.22 -2.61 9.44
0.41 -2.62 9.44
0.63 -2.64 9.42
0.89 -2.67 9.39
1.17 -2.69 9.35
1.47 -2.72 9.3
1.8 -2.75 9.23
2.13 -2.79 9.15
2.48 -2.83 9.05
2.83 -2.87 8.93
3.19 -2.93 8.79
3.56 -2.98 8.63
3.92 -3.04 8.45
4.29 -3.11 8.24
4.64 -3.19 8.02
4.98 -3.27 7.78
5.31 -3.37 7.52
5.61 -3.45 7.26
5.88 -3.53 7
6.12 -3.58 6.76
6.34 -3.6 6.54
6.51 -3.64 6.36
6.64 -3.65 6.21
6.72 -3.66 6.12
6.76 -3.66 6.07
6.76 -3.66 6.07
6.73 -3.65 6.11
6.67 -3.62 6.2
6.58 -3.59 6.32
6.46 -3.55 6.46
6.3 -3.51 6.63
6.13 -3.5 6.8
5.93 -3.5 6.97
5.7 -3.51 7.15
5.46 -3.54 7.33
5.19 -3.58 7.5
4.89 -3.61 7.69
4.58 -3.66 7.85
4.26 -3.68 8.02
3.94 -3.71 8.17
3.62 -3.74 8.3
3.32 -3.76 8.42
3.06 -3.8 8.5
2.84 -3.84 8.56
2.67 -3.93 8.57
2.57 -3.95 8.59
2.54 -3.96 8.59
2.59 -3.97 8.57
2.71 -3.99 8.53
2.9 -4.01 8.46
3.14 -4.02 8.36
3.43 -4.04 8.24
3.75 -4.07 8.09
4.1 -4.1 7.9
4.46 -4.13 7.68
4.83 -4.17 7.43
5.2 -4.22 7.15
5.56 -4.28 6.84
5.91 -4.33 6.5
6.24 -4.38 6.15
6.55 -4.42 5.79
6.84 -4.44 5.43
7.11 -4.4 5.1
7.36 -4.38 4.76
7.58 -4.36 4.42
7.78 -4.32 4.11
7.95 -4.26 3.82
8.1 -4.2 3.57
8.22 -4.13 3.38
8.31 -4.04 3.26
8.38 -3.94 3.2
8.43 -3.82 3.21
8.46 -3.68 3.3
8.47 -3.53 3.45
8.45 -3.37 3.65
8.4 -3.2 3.91
8.32 -3.04 4.19
8.21 -2.9 4.5
8.07 -2.76 4.82
7.91 -2.64 5.14
7.73 -2.54 5.46
7.53 -2.46 5.76
7.32 -2.42 6.05
7.09 -2.4 6.32
6.86 -2.39 6.57
6.63 -2.39 6.81
6.4 -2.39 7.02
6.19 -2.35 7.22
5.99 -2.31 7.4
5.82 -2.28 7.55
5.67 -2.24 7.67
5.57 -2.22 7.75
5.49 -2.2 7.81
5.44 -2.19 7.85
5.43 -2.17 7.87
5.43 -2.14 7.87
5.45 -2.11 7.87
