0.8145752 -0.09838867 0.02947998 -0.5708618
0.81274414 -0.097961426 0.03515625 -0.5733032
0.81073 -0.097473145 0.041137695 -0.5757446
0.8087158 -0.09692383 0.04711914 -0.5782471
0.8065796 -0.09637451 0.05316162 -0.58081055
0.8043213 -0.0960083 0.059387207 -0.583374
0.80200195 -0.09588623 0.06561279 -0.58587646
0.7996826 -0.095703125 0.07159424 -0.58843994
0.7974243 -0.095581055 0.0770874 -0.5908203
0.7953491 -0.09552002 0.08166504 -0.59295654
0.7935791 -0.0960083 0.08526611 -0.5947876
0.79211426 -0.09716797 0.087402344 -0.5961914
0.7911377 -0.09906006 0.08770752 -0.59716797
0.7906494 -0.10192871 0.086364746 -0.5975342
0.7909546 -0.10546875 0.08300781 -0.5969238
0.7921753 -0.10961914 0.077697754 -0.5952759
0.79437256 -0.114868164 0.07098389 -0.5922241
0.7973633 -0.12145996 0.062805176 -0.58776855
0.80096436 -0.12957764 0.053466797 -0.5820923
0.8048096 -0.13873291 0.04260254 -0.5755005
0.80895996 -0.14855957 0.030334473 -0.5679321
0.8132324 -0.15911865 0.016845703 -0.5595093
0.8175049 -0.17022705 0.0022583008 -0.55023193
0.82159424 -0.18182373 -0.013122559 -0.5401001
0.8255005 -0.19366455 -0.029174805 -0.5293579
0.82891846 -0.20568848 -0.045898438 -0.5181885
0.8317871 -0.21807861 -0.06311035 -0.5065918
0.8339844 -0.23059082 -0.08093262 -0.49475098
0.8353882 -0.24316406 -0.09918213 -0.48284912
0.8359375 -0.25610352 -0.11743164 -0.4710083
0.8353882 -0.2692871 -0.13537598 -0.45965576
0.8336792 -0.28277588 -0.15264893 -0.44909668
0.8308716 -0.29632568 -0.16912842 -0.4395752
0.8272095 -0.3093872 -0.18463135 -0.43121338
0.82299805 -0.32165527 -0.19897461 -0.42382812
0.8190918 -0.3312378 -0.21276855 -0.41729736
0.81518555 -0.3394165 -0.2255249 -0.41156006
0.81103516 -0.34710693 -0.23492432 -0.40808105
0.8074951 -0.35253906 -0.24206543 -0.40625
0.8041992 -0.35662842 -0.24584961 -0.40698242
0.8009033 -0.35980225 -0.24627686 -0.4104004
0.7977905 -0.36157227 -0.24371338 -0.41638184
0.7947998 -0.36193848 -0.2387085 -0.42462158
0.7918701 -0.3607788 -0.23156738 -0.43493652
0.7863159 -0.35406494 -0.21185303 -0.45983887
0.7863159 -0.35406494 -0.21185303 -0.45983887
0.78326416 -0.34954834 -0.19915771 -0.473938
0.77545166 -0.34020996 -0.16888428 -0.50439453
0.77545166 -0.34020996 -0.16888428 -0.50439453
0.770813 -0.33502197 -0.1515503 -0.5202637
0.765625 -0.3293457 -0.1329956 -0.53637695
0.75982666 -0.322937 -0.113342285 -0.5527344
0.7536621 -0.31488037 -0.09295654 -0.569397
0.74645996 -0.30700684 -0.07183838 -0.58599854
0.73950195 -0.296875 -0.0524292 -0.6019287
0.7321167 -0.2866211 -0.032958984 -0.6170654
0.7246704 -0.27618408 -0.014526367 -0.63116455
0.7174072 -0.265625 0.0018920898 -0.64398193
0.710083 -0.256958 0.01727295 -0.6553345
0.70318604 -0.24993896 0.030395508 -0.664917
0.69659424 -0.24700928 0.042663574 -0.6722412
0.6929321 -0.24353027 0.048339844 -0.6769409
0.69122314 -0.24291992 0.050476074 -0.67871094
0.6914673 -0.24542236 0.04901123 -0.67767334
0.69299316 -0.25091553 0.04425049 -0.67437744
0.6954346 -0.25915527 0.03643799 -0.6692505
0.69854736 -0.26953125 0.025756836 -0.6623535
0.70202637 -0.28179932 0.012939453 -0.6538696
0.7056885 -0.2956543 -0.0017089844 -0.64385986
0.7091675 -0.31072998 -0.0178833 -0.6326294
0.71209717 -0.32678223 -0.03515625 -0.62042236
0.71429443 -0.3435669 -0.05316162 -0.60736084
0.7156372 -0.36071777 -0.07171631 -0.59381104
0.7160034 -0.3781128 -0.09039307 -0.579834
0.71551514 -0.39526367 -0.10913086 -0.5656128
0.7139282 -0.41192627 -0.12780762 -0.5515747
0.7113037 -0.4277954 -0.1463623 -0.538147
0.7078247 -0.44244385 -0.16485596 -0.52545166
0.7050781 -0.4533081 -0.1850586 -0.51293945
0.70080566 -0.46435547 -0.20336914 -0.5018921
0.6946411 -0.475708 -0.21923828 -0.49310303
0.6881714 -0.48529053 -0.23394775 -0.4859619
0.68151855 -0.4934082 -0.24768066 -0.48034668
0.67419434 -0.5008545 -0.25830078 -0.477417
0.66693115 -0.5064697 -0.2659912 -0.47747803
0.6598511 -0.51013184 -0.2709961 -0.4805298
0.6525879 -0.51190186 -0.27301025 -0.48736572
0.6455078 -0.5116577 -0.27227783 -0.49743652
0.63879395 -0.5090332 -0.26916504 -0.5102539
0.63238525 -0.50427246 -0.26391602 -0.5255127
0.62597656 -0.49743652 -0.25689697 -0.5429077
0.6192627 -0.48901367 -0.24786377 -0.56207275
0.6123657 -0.47943115 -0.23724365 -0.5821533
0.6052246 -0.46868896 -0.22528076 -0.60272217
0.5979004 -0.4570923 -0.21240234 -0.62323
0.5900879 -0.44525146 -0.19848633 -0.6435547
0.5819702 -0.4329834 -0.18432617 -0.663208
0.5733032 -0.42108154 -0.16949463 -0.6821289
0.5638428 -0.40960693 -0.15350342 -0.7005615
0.5540161 -0.39855957 -0.13647461 -0.7180786
0.5449219 -0.38739014 -0.12109375 -0.7337036
0.5359497 -0.37615967 -0.10620117 -0.748291
0.52752686 -0.36480713 -0.09265137 -0.7615967
0.5197754 -0.3531494 -0.08178711 -0.7736206
0.5126343 -0.34210205 -0.07293701 -0.78411865
0.50634766 -0.33239746 -0.06567383 -0.79296875
0.5008545 -0.32452393 -0.059753418 -0.8001709
0.49621582 -0.31848145 -0.055236816 -0.80578613
0.49243164 -0.31433105 -0.052001953 -0.80999756
0.48962402 -0.3116455 -0.0501709 -0.8128052
0.487854 -0.31011963 -0.049804688 -0.8144531
0.48718262 -0.30950928 -0.050720215 -0.81500244
