247.375 35.75 -134.125
247.6875 36.4375 -133.875
247.9375 37.125 -133.6875
248.1875 37.8125 -133.5
248.375 38.5625 -133.4375
248.5 39.25 -133.4375
248.5625 40 -133.625
248.5625 40.6875 -133.875
248.4375 41.375 -134.25
248.3125 41.875 -134.625
248.0625 42.25 -135.0625
247.8125 42.5 -135.625
247.5 42.5 -136.1875
247.1875 42.25 -136.75
246.875 41.75 -137.375
246.6875 40.875 -138
246.5625 39.6875 -138.625
246.5625 38.125 -139.1875
246.5625 36.25 -139.6875
246.6875 34 -140.25
246.875 31.4375 -140.8125
247.0625 28.625 -141.375
247.25 25.5 -141.875
247.4375 22.25 -142.375
247.625 18.875 -142.8125
247.6875 15.5 -143.3125
247.8125 12.0625 -143.75
247.875 8.6875 -144.1875
247.9375 5.4375 -144.625
248 2.3125 -145.0625
248.0625 -0.5 -145.4375
248.0625 -3.125 -145.0625
248 -5.3125 -145.5625
247.9375 -7.1875 -145.9375
247.875 -8.5625 -146.3125
247.6875 -9.4375 -146.75
247.5 -9.8125 -147.1875
247.25 -9.8125 -147.6875
246.875 -9.3125 -148.25
246.4375 -8.5 -148.9375
245.9375 -7.25 -149.6875
245.4375 -5.75 -150.625
244.875 -3.9375 -151.5625
244.1875 -1.9375 -152.5625
243.5 0.25 -153.5
242.75 2.625 -154.4375
241.9375 5.1875 -155.4375
241.125 7.8125 -156.4375
240.25 10.625 -157.4375
239.5 13.4375 -158.5625
238.8125 16.3125 -159.75
238.1875 19.3125 -161
237.625 22.125 -162.1875
237.125 24.875 -163.375
236.625 27.4375 -164.5
236.0625 29.75 -165.375
235.5 31.8125 -166.3125
234.875 33.4375 -167
234.3125 34.6875 -167.6875
233.875 35.5 -168.4375
233.4375 35.6875 -168.875
233.1875 35.3125 -169.1875
233.125 34.3125 -169.3125
233.1875 32.875 -169.25
233.3125 31 -169.1875
233.5 28.75 -169.0625
233.75 26.125 -169
234 23.3125 -168.875
234.25 20.25 -168.8125
234.5 17 -168.75
234.75 13.6875 -168.75
234.9375 10.3125 -168.75
235.0625 7 -168.8125
235.0625 3.6875 -168.9375
235 0.4375 -169.125
234.875 -2.625 -169.25
234.6875 -5.625 -169.375
234.4375 -8.4375 -169.0625
234.0625 -11 -168.9375
233.625 -13.1875 -168.8125
233.0625 -15.125 -168.5625
232.4375 -16.6875 -168.3125
231.6875 -17.6875 -168.25
230.8125 -18.25 -168.3125
229.875 -18.3125 -168.4375
228.8125 -18 -168.625
227.625 -17.25 -168.9375
226.4375 -16.125 -169.3125
225.25 -14.6875 -169.75
224 -13.0625 -170.3125
222.75 -11.25 -171.0625
221.5625 -9.25 -171.9375
220.25 -7.1875 -173.0625
218.9375 -5 -174.1875
217.5 -2.75 -175.375
216 -0.3125 -176.625
214.375 2.25 -177.9375
212.8125 5 -179.3125
211.1875 7.8125 179.1875
209.5625 10.8125 177.625
207.9375 13.9375 175.9375
206.3125 16.875 174.25
204.6875 19.8125 172.375
203.0625 22.5625 170.75
201.5 25.125 169.1875
200.0625 27.4375 167.5
198.75 29.3125 165.875
197.625 30.875 164.4375
196.6875 32.0625 163.25
196.0625 32.9375 162.3125
195.6875 33.5 161.625
195.5625 33.875 161.1875
195.625 34.0625 160.9375
195.75 34.125 160.875
195.875 34.0625 161
196.0625 33.9375 161.1875
196.1875 33.6875 161.4375
196.375 33.5 161.75
196.5625 33.25 162
196.6875 33 162.375
196.75 32.6875 162.6875
196.875 32.4375 163.0625
196.9375 32.125 163.4375
197 31.875 163.8125
197.125 31.625 164.25
