5.82 -5.68 -5.46
5.92 -5.65 -5.39
6.01 -5.61 -5.33
6.11 -5.56 -5.27
6.21 -5.5 -5.22
6.3 -5.43 -5.18
6.4 -5.35 -5.15
6.48 -5.26 -5.13
6.55 -5.18 -5.13
6.6 -5.11 -5.13
6.62 -5.05 -5.16
6.62 -5 -5.21
6.59 -4.96 -5.28
6.53 -4.94 -5.38
6.42 -4.95 -5.51
6.26 -4.98 -5.66
6.06 -5.03 -5.83
5.8 -5.1 -6.03
5.48 -5.19 -6.25
5.12 -5.27 -6.48
4.69 -5.37 -6.72
4.22 -5.46 -6.96
3.71 -5.53 -7.18
3.17 -5.59 -7.39
2.62 -5.64 -7.58
2.05 -5.66 -7.73
1.48 -5.66 -7.86
0.93 -5.64 -7.96
0.4 -5.6 -8.03
-0.08 -5.55 -8.08
-0.53 -5.6 -8.03
-0.91 -5.51 -8.05
-1.22 -5.44 -8.06
-1.46 -5.37 -8.07
-1.6 -5.3 -8.09
-1.68 -5.23 -8.12
-1.67 -5.16 -8.16
-1.59 -5.08 -8.23
-1.45 -5 -8.3
-1.24 -4.9 -8.4
-0.98 -4.78 -8.5
-0.68 -4.65 -8.6
-0.33 -4.5 -8.7
0.04 -4.37 -8.77
0.45 -4.22 -8.83
0.88 -4.05 -8.88
1.34 -3.88 -8.9
1.8 -3.69 -8.9
2.28 -3.47 -8.88
2.75 -3.25 -8.83
3.25 -3 -8.75
3.7 -2.77 -8.64
4.12 -2.54 -8.52
4.52 -2.31 -8.38
4.87 -2.14 -8.23
5.17 -1.97 -8.09
5.41 -1.83 -7.96
5.58 -1.71 -7.87
5.69 -1.59 -7.82
5.72 -1.53 -7.81
5.66 -1.5 -7.86
5.53 -1.5 -7.95
5.32 -1.52 -8.08
5.05 -1.57 -8.25
4.71 -1.62 -8.44
4.32 -1.67 -8.63
3.88 -1.72 -8.83
3.39 -1.77 -9.02
2.87 -1.82 -9.19
2.32 -1.85 -9.34
1.76 -1.87 -9.46
1.19 -1.87 -9.54
0.63 -1.86 -9.6
0.08 -1.84 -9.63
-0.45 -1.81 -9.62
-0.96 -1.79 -9.59
-1.44 -1.83 -9.52
-1.87 -1.84 -9.44
-2.24 -1.84 -9.36
-2.56 -1.87 -9.27
-2.82 -1.89 -9.19
-2.98 -1.89 -9.14
-3.07 -1.88 -9.12
-3.08 -1.86 -9.11
-3.03 -1.83 -9.14
-2.91 -1.79 -9.19
-2.72 -1.74 -9.25
-2.49 -1.68 -9.33
-2.21 -1.6 -9.41
-1.91 -1.49 -9.5
-1.58 -1.34 -9.58
-1.23 -1.17 -9.65
-0.86 -0.98 -9.71
-0.47 -0.78 -9.76
-0.05 -0.57 -9.78
0.38 -0.34 -9.79
0.85 -0.11 -9.76
1.34 0.13 -9.71
1.84 0.39 -9.62
2.36 0.66 -9.49
2.85 0.93 -9.33
3.32 1.21 -9.14
3.77 1.44 -8.93
4.17 1.66 -8.71
4.51 1.88 -8.49
4.81 2.08 -8.28
5.03 2.25 -8.1
5.2 2.38 -7.95
5.33 2.49 -7.84
5.41 2.57 -7.75
5.46 2.62 -7.7
5.49 2.64 -7.67
5.5 2.65 -7.67
5.49 2.64 -7.68
5.47 2.62 -7.7
5.44 2.59 -7.73
5.41 2.56 -7.76
5.37 2.52 -7.8
5.34 2.48 -7.83
5.3 2.44 -7.87
5.26 2.4 -7.91
5.22 2.36 -7.95
5.18 2.31 -7.99
5.14 2.26 -8.03
5.1 2.2 -8.07
