0.09051514 -0.7359619 0.49072266 -0.45758057
0.08514404 -0.73291016 0.4915161 -0.46258545
0.07946777 -0.7300415 0.49224854 -0.46728516
0.07373047 -0.727478 0.49273682 -0.47180176
0.06768799 -0.7252197 0.49291992 -0.47595215
0.061340332 -0.7234497 0.49279785 -0.47961426
0.05456543 -0.722229 0.49249268 -0.48254395
0.047729492 -0.7215576 0.49188232 -0.48486328
0.041381836 -0.7215576 0.49108887 -0.48632812
0.035888672 -0.72210693 0.48999023 -0.4869995
0.03173828 -0.7232666 0.48876953 -0.4868164
0.028869629 -0.7250366 0.48754883 -0.48553467
0.027709961 -0.7276001 0.4864502 -0.4829712
0.028259277 -0.73065186 0.4855957 -0.47906494
0.030578613 -0.7342529 0.4854126 -0.47369385
0.034973145 -0.73809814 0.48602295 -0.46661377
0.041625977 -0.74224854 0.48760986 -0.45788574
0.05053711 -0.746521 0.49005127 -0.44714355
0.061462402 -0.7510376 0.49346924 -0.43432617
0.07421875 -0.7557373 0.49761963 -0.41918945
0.08862305 -0.7605591 0.50231934 -0.40179443
0.10449219 -0.7652588 0.5072632 -0.38232422
0.121520996 -0.7697754 0.51220703 -0.36090088
0.13928223 -0.7741089 0.51690674 -0.3378296
0.15698242 -0.7781372 0.5211792 -0.31341553
0.17449951 -0.7817993 0.5247803 -0.28808594
0.19152832 -0.7848511 0.52770996 -0.26226807
0.20770264 -0.7873535 0.53015137 -0.23632812
0.22265625 -0.7891846 0.53222656 -0.21057129
0.23614502 -0.79052734 0.53375244 -0.18548584
0.24841309 -0.79138184 0.53448486 -0.16217041
0.26428223 -0.7902832 0.53375244 -0.1439209
0.27148438 -0.7910156 0.53393555 -0.12438965
0.27770996 -0.7914429 0.5336304 -0.10821533
0.28149414 -0.79211426 0.53308105 -0.095458984
0.28277588 -0.79315186 0.53240967 -0.08642578
0.28167725 -0.79486084 0.5313721 -0.080566406
0.2783203 -0.79711914 0.53015137 -0.07788086
0.27246094 -0.8001709 0.52856445 -0.078186035
0.26416016 -0.80389404 0.52667236 -0.08099365
0.25341797 -0.80822754 0.52459717 -0.085876465
0.24047852 -0.8128662 0.52233887 -0.0925293
0.22589111 -0.817749 0.51971436 -0.10095215
0.20977783 -0.8227539 0.5164795 -0.11102295
0.19329834 -0.8275757 0.51257324 -0.122558594
0.17614746 -0.8323364 0.50787354 -0.13537598
0.15777588 -0.83691406 0.50250244 -0.14886475
0.13891602 -0.8410034 0.4967041 -0.16333008
0.11920166 -0.84454346 0.4906006 -0.17840576
0.09851074 -0.84729004 0.48461914 -0.19366455
0.07739258 -0.8491821 0.47869873 -0.20922852
0.054748535 -0.8498535 0.47320557 -0.2255249
0.034057617 -0.8497925 0.46765137 -0.24078369
0.01361084 -0.8491211 0.46228027 -0.255188
0.005554199 0.8479004 -0.4569702 0.26885986
0.021240234 0.8465576 -0.4508667 0.28204346
0.03540039 0.84552 -0.44488525 0.2932129
0.04638672 0.84484863 -0.43884277 0.30255127
0.054992676 0.84472656 -0.43341064 0.30914307
0.062194824 0.8451538 -0.4295044 0.3121338
0.064941406 0.84643555 -0.4265747 0.31207275
0.06439209 0.84851074 -0.42523193 0.30841064
0.06072998 0.8510742 -0.4257202 0.3012085
0.05444336 0.854126 -0.42767334 0.29083252
0.045898438 0.85754395 -0.4307251 0.27746582
0.03564453 0.86120605 -0.43444824 0.26135254
0.024230957 0.86499023 -0.43859863 0.24273682
0.011657715 0.86865234 -0.44281006 0.22198486
0.0017089844 -0.8720093 0.44702148 -0.19946289
0.015563965 -0.8748779 0.45111084 -0.17553711
0.029724121 -0.87731934 0.45465088 -0.1506958
0.043701172 -0.87927246 0.45751953 -0.12512207
0.057006836 -0.8808594 0.4593506 -0.09918213
0.06982422 -0.8820801 0.46014404 -0.07318115
0.08190918 -0.88287354 0.46002197 -0.047424316
0.09338379 -0.8833008 0.45892334 -0.022216797
0.10430908 -0.8833618 0.45690918 0.0018310547
0.11785889 -0.8828125 0.45410156 0.022766113
0.1282959 -0.8824463 0.45056152 0.04272461
0.13726807 -0.8823242 0.446167 0.060302734
0.1459961 -0.8823242 0.44104004 0.07531738
0.15270996 -0.8829346 0.4352417 0.087646484
0.15600586 -0.8845825 0.428833 0.09637451
0.15667725 -0.88726807 0.42175293 0.10205078
0.1552124 -0.8907471 0.4142456 0.10461426
0.15148926 -0.89508057 0.40618896 0.10406494
0.14581299 -0.9002075 0.39782715 0.1005249
0.13861084 -0.90582275 0.38909912 0.09411621
0.12988281 -0.91174316 0.380188 0.08538818
0.119262695 -0.9178467 0.37109375 0.07507324
0.10723877 -0.9237671 0.36212158 0.06359863
0.09338379 -0.92962646 0.35284424 0.051330566
0.078186035 -0.9352417 0.3430786 0.038513184
0.06225586 -0.9406738 0.3326416 0.024841309
0.045715332 -0.9458618 0.32122803 0.010009766
0.028564453 -0.95062256 0.30889893 -0.006286621
0.010925293 -0.954834 0.29589844 -0.024108887
0.006652832 0.958313 -0.2822876 0.0435791
0.024902344 0.96087646 -0.26831055 0.064208984
0.043640137 0.9623413 -0.2541504 0.08605957
0.0803833 0.9619751 -0.22497559 0.13250732
0.0803833 0.9619751 -0.22497559 0.13250732
0.09851074 0.96014404 -0.21044922 0.15515137
0.113220215 0.9577637 -0.19580078 0.17755127
0.12652588 0.95477295 -0.18145752 0.19866943
0.13946533 0.9512329 -0.16833496 0.21759033
0.1506958 0.94763184 -0.15673828 0.23388672
0.15985107 0.944397 -0.14660645 0.24719238
0.16729736 0.94158936 -0.13861084 0.2574463
0.1730957 0.939209 -0.1329956 0.2649536
0.17736816 0.93743896 -0.12963867 0.27008057
0.18029785 0.9361572 -0.12835693 0.27313232
0.18200684 0.9354248 -0.128479 0.27453613
0.18261719 0.9351196 -0.12939453 0.27471924
0.18237305 0.93518066 -0.13067627 0.2741089
0.18133545 0.9355469 -0.13208008 0.2727661
0.17974854 0.9361572 -0.13354492 0.2709961
0.17810059 0.9368286 -0.13513184 0.26898193
0.1762085 0.9376221 -0.13653564 0.2668457
0.1739502 0.93847656 -0.13769531 0.26464844
0.17156982 0.9393921 -0.13867188 0.26245117
0.16906738 0.9403076 -0.13952637 0.2602539
0.16656494 0.9412842 -0.14031982 0.25805664
0.16381836 0.9421997 -0.14117432 0.2559204
0.1607666 0.94317627 -0.14215088 0.25378418
