337.9375 21.9375 5.1875
338.0625 21.25 5.125
338.1875 20.5 5.0625
338.375 19.6875 5
338.5625 18.875 4.9375
338.875 18 4.75
339.125 17.125 4.625
339.5 16.3125 4.5
339.875 15.5 4.375
340.25 14.8125 4.125
340.5625 14.3125 3.8125
340.875 14 3.4375
341.0625 14 2.875
341.125 14.375 2.75
341.0625 15.125 2.5
340.875 16.25 2.25
340.5 17.75 2
340.0625 19.5625 1.625
339.5625 21.6875 1.1875
338.9375 24.0625 0.625
338.25 26.625 0
337.5625 29.4375 -0.6875
336.8125 32.25 -1.5
336.0625 35.125 -2.5
335.4375 38 -3.5625
334.8125 40.8125 -4.75
334.25 43.5625 -5.75
63.625 46.125 -6.8125
63.125 48.4375 -8
62.6875 50.5 -9.125
62.3125 52.25 -10.1875
62 53.75 -11.0625
61.875 54.9375 -11.625
61.9375 55.5 -11.9375
62.3125 55.6875 -12
62.9375 55.5 -11.75
63.75 54.9375 -11.25
64.6875 54.0625 -10.4375
65.75 52.9375 -9.4375
66.9375 51.625 -8.3125
68.1875 50.0625 -7.3125
69.4375 48.375 -6.25
70.8125 46.625 -5.1875
342.1875 44.75 -4.125
343.625 42.8125 -3.0625
345.125 40.75 -2.125
346.5625 38.6875 -1.3125
348 36.4375 -0.625
349.375 34.125 -0.4375
350.5625 32 -0.0625
351.625 29.9375 0.0625
352.5625 28.0625 0
353.4375 26.375 -0.25
354.125 25.125 -0.3125
354.6875 24.3125 -0.4375
355.0625 24 -0.5
355.125 24.3125 -0.625
354.875 25.1875 -0.8125
354.5 26.5625 -1.125
354 28.375 -1.5625
353.375 30.5625 -2
352.6875 33.0625 -2.5625
352 35.6875 -3.3125
351.3125 38.5 -4.25
350.625 41.375 -5.25
350.0625 44.3125 -6.375
79.5625 47.3125 -7.5
79.1875 50.3125 -8.5
78.9375 53.3125 -9.625
78.875 56.25 -10.75
78.875 59.125 -11.75
78.9375 61.875 -12.25
79 64.4375 -12.5
79.5 66.6875 -12.875
80.125 68.625 -12.875
81.125 70.125 -12.375
82.3125 71.1875 -11.0625
83.625 71.75 -8.875
85.0625 71.8125 -6.1875
86.625 71.4375 -3.1875
88.3125 70.5 -0.1875
90 69.1875 2.5625
91.6875 67.5625 5
93.3125 65.5625 7.0625
94.8125 63.375 8.6875
96.3125 60.9375 9.9375
97.75 58.3125 10.875
99.1875 55.5 11.5625
100.625 52.5 12.0625
102.0625 49.4375 12.5
103.5 46.3125 12.9375
14.9375 43.1875 13
16.1875 40.1875 13.0625
17.25 37.375 13.25
18.125 34.8125 13.3125
18.875 32.4375 13.25
19.4375 30.25 13
19.875 28.375 12.75
20.25 26.6875 12.3125
20.5 25.375 12.125
20.625 24.375 12
20.75 23.625 11.8125
20.875 23.25 11.6875
20.9375 23.0625 11.5
20.9375 23.125 11.3125
