3.55 0.82 9.1
3.43 0.81 9.14
3.3 0.81 9.19
3.17 0.79 9.24
3.03 0.78 9.29
2.89 0.76 9.33
2.75 0.74 9.38
2.62 0.72 9.42
2.51 0.68 9.45
2.42 0.64 9.47
2.37 0.57 9.49
2.37 0.48 9.5
2.44 0.45 9.48
2.56 0.42 9.45
2.75 0.37 9.4
2.99 0.32 9.33
3.28 0.27 9.23
3.62 0.19 9.1
4 0.1 8.95
4.4 0 8.76
4.81 -0.1 8.53
5.23 -0.22 8.28
5.64 -0.35 8
6.04 -0.48 7.7
6.41 -0.61 7.39
6.76 -0.71 7.06
7.07 -0.8 6.74
7.34 -0.9 6.43
7.56 -0.99 6.15
7.75 -1.06 5.9
7.91 -1.11 5.68
8.02 -1.13 5.51
8.08 -1.15 5.42
8.1 -1.15 5.39
8.08 -1.13 5.43
8.03 -1.09 5.51
7.94 -1.04 5.65
7.83 -0.96 5.82
7.68 -0.88 6.02
7.52 -0.8 6.23
7.33 -0.71 6.46
7.12 -0.61 6.7
6.9 -0.5 6.94
6.66 -0.38 7.18
6.4 -0.27 7.41
6.13 -0.17 7.65
5.82 -0.09 7.88
5.5 -0.06 8.11
5.2 -0.01 8.31
4.89 0.01 8.49
4.61 0 8.65
4.36 -0.04 8.78
4.16 -0.05 8.87
4.03 -0.06 8.93
3.99 -0.08 8.95
4.04 -0.1 8.93
4.18 -0.13 8.86
4.39 -0.17 8.76
4.66 -0.23 8.62
4.99 -0.3 8.43
5.35 -0.37 8.2
5.72 -0.46 7.94
6.1 -0.56 7.65
6.48 -0.67 7.32
6.85 -0.77 6.96
7.21 -0.86 6.58
7.54 -0.92 6.19
7.86 -0.98 5.77
8.15 -1.02 5.34
8.42 -1.02 4.92
8.65 -0.98 4.51
8.84 -0.91 4.12
9 -0.86 3.77
9.13 -0.79 3.47
9.22 -0.71 3.24
9.28 -0.6 3.09
9.31 -0.47 3.02
9.31 -0.32 3.03
9.29 -0.17 3.11
9.24 -0.01 3.26
9.17 0.15 3.47
9.06 0.32 3.72
8.93 0.49 4.02
8.76 0.66 4.34
8.57 0.82 4.68
8.34 0.97 5.05
8.08 1.11 5.43
7.78 1.24 5.83
7.45 1.38 6.21
7.09 1.51 6.59
6.71 1.61 6.96
6.33 1.69 7.29
5.95 1.78 7.57
5.6 1.85 7.83
5.26 1.89 8.05
4.94 1.91 8.24
4.66 1.9 8.41
4.41 1.86 8.55
4.2 1.86 8.66
4.04 1.85 8.73
3.93 1.84 8.78
3.87 1.82 8.82
3.84 1.8 8.83
3.85 1.77 8.83
3.89 1.74 8.82
