0.96258545 0.07879639 -0.17901611 0.1875
0.96398926 0.0770874 -0.1730957 0.18670654
0.96539307 0.07531738 -0.16693115 0.18572998
0.9668579 0.07336426 -0.16052246 0.18457031
0.9684448 0.07116699 -0.15374756 0.18292236
0.9700928 0.068481445 -0.14685059 0.18084717
0.9717407 0.06573486 -0.13983154 0.1784668
0.9733887 0.06298828 -0.1329956 0.17572021
0.97491455 0.060180664 -0.12670898 0.17279053
0.97631836 0.057006836 -0.12133789 0.16986084
0.977417 0.053527832 -0.117492676 0.1671753
0.9782715 0.049682617 -0.11566162 0.16473389
0.97875977 0.04473877 -0.11651611 0.16278076
0.9784546 0.043640137 -0.11999512 0.16210938
0.9776001 0.043029785 -0.12664795 0.16265869
0.9760132 0.04272461 -0.13647461 0.16430664
0.9736328 0.04284668 -0.14935303 0.16687012
0.97052 0.043151855 -0.1651001 0.17028809
0.9664917 0.04333496 -0.18347168 0.17419434
0.96154785 0.043518066 -0.2041626 0.17852783
0.95562744 0.043823242 -0.2265625 0.1831665
0.94873047 0.044006348 -0.25030518 0.18798828
0.940979 0.044128418 -0.27478027 0.19274902
0.9324341 0.043945312 -0.2994995 0.19714355
0.9234009 0.0435791 -0.32421875 0.2008667
0.9139404 0.043395996 -0.34832764 0.20379639
0.90423584 0.04437256 -0.37109375 0.20666504
0.89453125 0.045715332 -0.39227295 0.20935059
0.8852539 0.045898438 -0.4118042 0.2111206
0.87664795 0.046569824 -0.42895508 0.21295166
0.8689575 0.04675293 -0.4437256 0.2140503
0.8623657 0.047790527 -0.45593262 0.21472168
0.8574219 0.04876709 -0.46514893 0.21472168
0.8550415 0.048828125 -0.47003174 0.21362305
0.85491943 0.047424316 -0.4716797 0.21057129
0.8569946 0.045532227 -0.4701538 0.20617676
0.86083984 0.043518066 -0.46557617 0.2006836
0.86621094 0.041381836 -0.45843506 0.19433594
0.87286377 0.039611816 -0.44885254 0.18713379
0.880249 0.037841797 -0.43756104 0.17944336
0.8881836 0.0357666 -0.42492676 0.17108154
0.89642334 0.033691406 -0.4111328 0.16217041
0.9047241 0.032348633 -0.3963623 0.15270996
0.91308594 0.03125 -0.38079834 0.14257812
0.92126465 0.030883789 -0.364563 0.13208008
0.92926025 0.030151367 -0.3477173 0.121032715
0.9370117 0.029174805 -0.3302002 0.10992432
0.9445801 0.027770996 -0.3116455 0.099243164
0.9517212 0.023803711 -0.2929077 0.088378906
0.9579468 0.021911621 -0.2750244 0.07897949
0.96343994 0.019592285 -0.2578125 0.070495605
0.96813965 0.016113281 -0.24194336 0.062683105
0.97198486 0.010803223 -0.22821045 0.055358887
0.9747925 0.008361816 -0.21746826 0.04949951
0.97650146 0.0060424805 -0.21063232 0.044799805
0.9771118 0.004638672 -0.20843506 0.042053223
0.9765625 0.0037231445 -0.2111206 0.041503906
0.9748535 0.002746582 -0.21850586 0.043151855
0.97198486 0.0017089844 -0.23028564 0.04638672
0.96795654 0.00048828125 -0.24584961 0.050720215
0.96276855 -0.0006713867 -0.26446533 0.055541992
0.95648193 -0.0018310547 -0.2854004 0.060791016
0.9490967 -0.003540039 -0.30792236 0.06616211
0.94073486 -0.0056762695 -0.33148193 0.07141113
0.9213867 -0.010192871 -0.380188 0.079833984
0.9213867 -0.010192871 -0.380188 0.079833984
0.9105835 -0.01184082 -0.4048462 0.08270264
0.8991089 -0.012084961 -0.42919922 0.08496094
0.887146 -0.012573242 -0.45324707 0.085876465
0.8748169 -0.013122559 -0.4767456 0.08514404
0.8625488 -0.012207031 -0.49890137 0.08355713
0.85046387 -0.008728027 -0.5194702 0.08215332
0.8390503 -0.003967285 -0.5380249 0.08062744
0.82873535 -0.0022583008 -0.5545044 0.07598877
0.8199463 -0.00061035156 -0.56811523 0.070495605
0.8134155 0.000061035156 -0.5782471 0.06298828
0.8093262 0.0010986328 -0.58483887 0.05432129
0.8076172 0.002746582 -0.5880127 0.044921875
0.8083496 0.0043945312 -0.5876465 0.0345459
0.81134033 0.00592041 -0.58410645 0.023498535
0.81622314 0.0075683594 -0.57751465 0.011779785
0.82281494 0.0095825195 -0.5682373 -0.00024414062
0.83062744 0.0119018555 -0.5565796 -0.012451172
0.83929443 0.014526367 -0.54296875 -0.024414062
0.8485718 0.01763916 -0.52752686 -0.036010742
0.8583374 0.020812988 -0.510437 -0.047546387
0.86846924 0.023742676 -0.49163818 -0.059265137
0.8787842 0.026550293 -0.4711914 -0.07104492
0.8890381 0.029663086 -0.4492798 -0.08306885
0.89886475 0.033325195 -0.42645264 -0.095336914
0.90808105 0.03741455 -0.4029541 -0.107666016
0.9168091 0.039978027 -0.3786621 -0.12030029
0.92437744 0.04309082 -0.3555298 -0.13153076
0.93084717 0.04736328 -0.33361816 -0.14123535
0.93652344 0.05102539 -0.31304932 -0.14953613
0.94140625 0.053894043 -0.29388428 -0.15649414
0.9456787 0.055847168 -0.27624512 -0.16210938
0.9493408 0.05682373 -0.26031494 -0.16662598
0.95251465 0.05596924 -0.24615479 -0.17041016
0.954834 0.056884766 -0.23492432 -0.17279053
0.95654297 0.057739258 -0.2263794 -0.17456055
0.95770264 0.057922363 -0.22033691 -0.17584229
0.95843506 0.057250977 -0.21655273 -0.17681885
0.95874023 0.05621338 -0.21496582 -0.17736816
0.95874023 0.0546875 -0.215271 -0.17736816
