294.5625 46.75 -154.8125
296.125 47.8125 -154.9375
297.625 48.9375 -155.0625
299.0625 50 -155.25
300.5625 51 -155.5
302 52 -155.875
303.5 52.9375 -156.25
304.9375 53.875 -156.6875
306.375 54.8125 -157.1875
307.75 55.625 -157.6875
309 56.375 -158.25
310.125 57 -158.875
311.0625 57.4375 -159.4375
311.875 57.6875 -160
312.375 57.6875 -160.5625
312.5625 57.375 -160.9375
312.375 56.8125 -161.1875
311.75 55.8125 -161.25
310.8125 54.5 -161.1875
309.4375 52.75 -161
307.8125 50.75 -160.875
305.8125 48.3125 -160.75
303.25 45.5625 -160.625
249.875 42.5 -160.5625
250.625 39.1875 -160.5
251.375 35.625 -160.5
252.125 31.9375 -160.5
252.8125 28.1875 -160.5
253.5 24.4375 -160.625
254.125 20.75 -160.8125
254.6875 17.1875 -161.0625
255.1875 13.875 -161.3125
255.5625 10.75 -161.625
255.9375 7.9375 -162
256.1875 5.4375 -161.875
256.375 3.125 -161.875
256.5 1.4375 -162.3125
256.5625 0.0625 -162.75
256.5 -0.75 -163.1875
256.375 -1.25 -163.625
256.0625 -1.3125 -164.0625
255.6875 -0.9375 -164.625
255.1875 -0.125 -165.1875
254.625 0.9375 -165.875
253.9375 2.375 -166.5
253.125 4.0625 -167.3125
252.1875 6 -168.1875
251.1875 8.125 -169.125
250.0625 10.3125 -170.125
248.875 12.6875 -171.25
247.6875 15.1875 -172.375
246.5 17.875 -173.5
245.3125 20.625 -174.8125
244.1875 23.5625 -176.0625
243.125 26.625 -177.5625
242.125 29.5625 -179.25
241.25 32.3125 179.25
240.4375 34.9375 177.875
239.75 37.3125 176.375
239.1875 39.375 175.25
238.75 40.9375 174.25
238.5625 41.9375 173.5
238.625 42.375 172.75
238.75 42.1875 172.75
238.9375 41.4375 173.125
239.375 40.1875 173.625
239.8125 38.5 174.25
240.375 36.5 174.875
241 34.125 175.5
241.625 31.5625 176.125
242.3125 28.8125 176.6875
243 25.9375 177.0625
243.625 22.9375 177.4375
244.25 19.875 177.75
244.875 16.8125 178
245.4375 13.8125 178.3125
246 10.8125 178.5625
246.5 7.875 178.6875
246.9375 5 179.25
247.25 2.3125 179.5625
247.4375 -0.125 179.5
247.4375 -2.375 179.4375
247.3125 -4.4375 179.375
246.9375 -6.1875 179.3125
246.4375 -7.625 179.1875
245.75 -8.75 179.0625
244.875 -9.5625 178.875
243.8125 -10 178.625
242.625 -10.125 178.3125
241.3125 -9.875 177.9375
239.8125 -9.25 177.5625
238.25 -8.375 177.125
236.5625 -7.1875 176.5625
234.875 -5.75 175.875
233.1875 -4.125 175.125
231.4375 -2.4375 174.1875
229.75 -0.5625 173.125
228 1.25 172.0625
226.25 3.25 170.9375
224.375 5.3125 169.8125
222.4375 7.375 168.5625
220.4375 9.5 167.1875
218.4375 11.5625 165.6875
216.5625 13.6875 164.0625
214.75 15.75 162.375
213.0625 17.75 160.5625
211.4375 19.625 158.9375
209.875 21.375 157.5
208.4375 22.875 156.125
207.0625 24.125 155
205.875 25.1875 154
204.9375 25.9375 153.1875
204.1875 26.5 152.5
203.625 26.8125 152
203.25 26.875 151.75
202.9375 26.875 151.6875
202.75 26.75 151.75
202.625 26.5625 151.9375
202.625 26.375 152.125
202.625 26.125 152.375
202.625 25.875 152.625
202.6875 25.625 152.875
202.75 25.3125 153.0625
202.8125 25.0625 153.25
202.875 24.875 153.4375
202.9375 24.6875 153.5625
203 24.5 153.6875
203.0625 24.4375 153.8125
203.125 24.3125 153.875
203.1875 24.25 153.875
203.25 24.25 153.9375
