7.27 -2.78 -5.95
7.39 -2.71 -5.84
7.51 -2.63 -5.72
7.62 -2.55 -5.61
7.73 -2.46 -5.5
7.83 -2.37 -5.4
7.92 -2.28 -5.3
8.01 -2.18 -5.2
8.09 -2.09 -5.11
8.17 -2 -5.03
8.22 -1.92 -4.97
8.26 -1.84 -4.93
8.29 -1.78 -4.92
8.29 -1.74 -4.93
8.26 -1.71 -4.99
8.2 -1.72 -5.08
8.11 -1.76 -5.21
7.98 -1.83 -5.39
7.81 -1.92 -5.6
7.59 -2.03 -5.86
7.32 -2.14 -6.15
7 -2.27 -6.47
6.63 -2.4 -6.81
6.19 -2.53 -7.16
5.71 -2.65 -7.51
5.19 -2.77 -7.84
4.64 -2.87 -8.14
4.06 -2.95 -8.42
3.48 -3 -8.66
2.9 -3.03 -8.86
2.35 -3.04 -9.02
1.83 -3.02 -9.14
1.36 -2.99 -9.23
0.93 -3.03 -9.27
0.54 -3.03 -9.3
0.24 -2.97 -9.34
0.02 -2.89 -9.36
-0.13 -2.82 -9.38
-0.21 -2.75 -9.4
-0.22 -2.68 -9.42
-0.16 -2.59 -9.45
-0.03 -2.49 -9.48
0.16 -2.39 -9.5
0.4 -2.27 -9.52
0.7 -2.14 -9.54
1.03 -1.99 -9.54
1.38 -1.82 -9.53
1.76 -1.64 -9.5
2.16 -1.45 -9.45
2.57 -1.25 -9.37
3.01 -1.04 -9.27
3.46 -0.82 -9.13
3.92 -0.6 -8.96
4.4 -0.36 -8.75
4.84 -0.1 -8.52
5.25 0.1 -8.28
5.62 0.29 -8.02
5.95 0.48 -7.77
6.22 0.62 -7.55
6.42 0.73 -7.36
6.56 0.82 -7.24
6.61 0.9 -7.18
6.58 0.9 -7.2
6.49 0.87 -7.29
6.32 0.82 -7.44
6.1 0.76 -7.63
5.83 0.7 -7.85
5.51 0.63 -8.08
5.14 0.56 -8.33
4.73 0.49 -8.57
4.29 0.44 -8.8
3.82 0.4 -9.01
3.34 0.35 -9.21
2.84 0.31 -9.37
2.34 0.27 -9.51
1.84 0.24 -9.62
1.34 0.21 -9.71
0.86 0.12 -9.76
0.4 0.06 -9.79
-0.02 0.07 -9.8
-0.41 0.09 -9.79
-0.76 0.1 -9.77
-1.06 0.11 -9.74
-1.3 0.13 -9.71
-1.5 0.14 -9.68
-1.63 0.18 -9.66
-1.7 0.22 -9.65
-1.72 0.27 -9.64
-1.68 0.34 -9.65
-1.58 0.4 -9.66
-1.43 0.48 -9.68
-1.23 0.57 -9.71
-0.98 0.69 -9.73
-0.71 0.83 -9.74
-0.42 0.99 -9.74
-0.1 1.16 -9.73
0.22 1.34 -9.71
0.56 1.53 -9.66
0.91 1.72 -9.61
1.26 1.92 -9.53
1.61 2.13 -9.43
1.97 2.37 -9.3
2.32 2.61 -9.16
2.66 2.85 -8.99
2.99 3.1 -8.8
3.3 3.31 -8.61
3.57 3.49 -8.43
3.81 3.65 -8.26
4.01 3.77 -8.11
4.17 3.88 -7.97
4.29 3.97 -7.87
4.37 4.05 -7.78
4.42 4.1 -7.72
4.44 4.13 -7.7
4.43 4.14 -7.69
4.41 4.13 -7.71
4.39 4.12 -7.73
4.36 4.09 -7.76
4.32 4.07 -7.8
4.28 4.05 -7.83
4.24 4.02 -7.87
4.2 4 -7.9
4.16 3.99 -7.93
4.12 3.97 -7.95
4.09 3.96 -7.98
4.07 3.94 -7.99
4.05 3.93 -8.01
4.04 3.93 -8.02
4.03 3.92 -8.02
4.02 3.92 -8.03
4.02 3.91 -8.03
