0.09289551 0.7453003 -0.50457764 0.42578125
0.100097656 0.7432251 -0.5015259 0.43139648
0.10736084 0.74102783 -0.49871826 0.4366455
0.11462402 0.7388916 -0.49597168 0.4414673
0.12188721 0.7369385 -0.49310303 0.4459839
0.12921143 0.7351074 -0.4902954 0.4500122
0.13659668 0.7333374 -0.48754883 0.45367432
0.1439209 0.7315674 -0.48492432 0.4570923
0.15118408 0.7298584 -0.4824829 0.460083
0.1583252 0.7282715 -0.48016357 0.46258545
0.16473389 0.7270508 -0.47784424 0.46466064
0.17034912 0.7262573 -0.47576904 0.46600342
0.17492676 0.7258911 -0.4741211 0.46661377
0.17834473 0.72595215 -0.47314453 0.4661255
0.18023682 0.72662354 -0.47302246 0.46447754
0.18005371 0.7279663 -0.47387695 0.4616089
0.17755127 0.72991943 -0.47576904 0.45751953
0.17260742 0.7324219 -0.4790039 0.45202637
0.16546631 0.7352905 -0.48394775 0.44470215
0.15637207 0.7384033 -0.49053955 0.43548584
0.14544678 0.7418823 -0.49853516 0.42419434
0.13269043 0.7458496 -0.5074463 0.4105835
0.11798096 0.7501221 -0.5171509 0.39489746
0.10131836 0.7545166 -0.5274048 0.37719727
0.08319092 0.75891113 -0.53790283 0.3574829
0.063964844 0.76293945 -0.54852295 0.3361206
0.043945312 0.7666626 -0.5586548 0.31347656
0.0234375 0.7698364 -0.5680542 0.28997803
0.0033569336 0.7723999 -0.57684326 0.26574707
0.015808105 -0.774292 0.5848999 -0.2411499
0.033935547 -0.7755127 0.59191895 -0.21691895
0.05078125 -0.7762451 0.59783936 -0.19360352
0.06573486 -0.7766113 0.6026001 -0.17150879
0.07885742 -0.7767334 0.60632324 -0.15106201
0.09362793 -0.77630615 0.60858154 -0.1348877
0.105895996 -0.7758789 0.61047363 -0.119018555
0.11248779 -0.7758179 0.6119385 -0.1048584
0.11663818 -0.776001 0.61279297 -0.093444824
0.11871338 -0.77667236 0.61279297 -0.08483887
0.118652344 -0.77789307 0.6119995 -0.0791626
0.1159668 -0.77978516 0.61047363 -0.07611084
0.11065674 -0.78240967 0.60821533 -0.07543945
0.10272217 -0.78552246 0.6053467 -0.07714844
0.0927124 -0.7891846 0.6016846 -0.08117676
0.08074951 -0.7932129 0.597229 -0.0871582
0.06695557 -0.79766846 0.5918579 -0.09454346
0.051452637 -0.80249023 0.5854492 -0.103027344
0.03479004 -0.8074341 0.57806396 -0.11248779
0.01727295 -0.8123779 0.5698242 -0.12286377
0.0012817383 0.8170166 -0.560791 0.13409424
0.020385742 0.821167 -0.5512085 0.14642334
0.040100098 0.824646 -0.54107666 0.15997314
0.06085205 0.8272095 -0.5307007 0.17443848
0.08178711 0.82873535 -0.52001953 0.1899414
0.10437012 0.82891846 -0.50927734 0.20654297
0.12713623 0.8279419 -0.49926758 0.22149658
0.14666748 0.826416 -0.4892578 0.23706055
0.16503906 0.82403564 -0.47998047 0.25177002
0.18243408 0.82092285 -0.4718628 0.2647705
0.19598389 0.8180542 -0.46466064 0.2765503
0.20690918 0.8153076 -0.4593506 0.28546143
0.21490479 0.81311035 -0.4562378 0.29077148
0.2208252 0.81140137 -0.45593262 0.2915039
0.22033691 0.8115845 -0.45690918 0.28985596
0.21624756 0.8128052 -0.45983887 0.28485107
0.20965576 0.81469727 -0.46453857 0.27661133
0.20080566 0.8171387 -0.47058105 0.26550293
0.19030762 0.8199463 -0.47753906 0.2518921
0.17834473 0.822876 -0.4850464 0.23626709
0.16522217 0.8257446 -0.49298096 0.21881104
0.15130615 0.8283081 -0.5010376 0.19976807
0.137146 0.8305664 -0.5090332 0.17944336
0.12286377 0.83239746 -0.51672363 0.15820312
0.10784912 0.83374023 -0.5239258 0.13665771
0.09259033 0.83465576 -0.53063965 0.114990234
0.07702637 0.83496094 -0.53686523 0.09350586
0.061767578 0.83465576 -0.54248047 0.07232666
0.04711914 0.8339844 -0.5473633 0.051452637
0.029541016 0.83325195 -0.5510864 0.033325195
0.014343262 0.8323364 -0.55389404 0.015136719
0.0025634766 0.831604 -0.5553589 -0.0032958984
0.007873535 -0.8312988 0.5553589 0.020202637
0.01727295 -0.831604 0.5539551 0.03527832
0.025146484 -0.83270264 0.5510864 0.048461914
0.031066895 -0.8345947 0.5467529 0.059570312
0.03527832 -0.8373413 0.54125977 0.06866455
0.03692627 -0.8409424 0.5345459 0.07556152
0.03643799 -0.84539795 0.52679443 0.080200195
0.03387451 -0.850647 0.5180054 0.08282471
0.028869629 -0.8567505 0.5081177 0.08306885
0.022399902 -0.8635254 0.49725342 0.08068848
0.014099121 -0.8707886 0.4855957 0.076049805
0.00390625 -0.87823486 0.47314453 0.06933594
0.008056641 0.88568115 -0.46020508 -0.061157227
0.02154541 0.89276123 -0.44702148 -0.051696777
0.036254883 0.89941406 -0.4336548 -0.0413208
0.051635742 0.9055176 -0.42010498 -0.029968262
0.06744385 0.9111328 -0.40618896 -0.017578125
0.08355713 0.9163208 -0.39160156 -0.004333496
0.09954834 0.9212036 -0.3760376 0.009887695
0.11566162 0.92559814 -0.35949707 0.024841309
0.13201904 0.9293823 -0.34240723 0.040161133
0.14929199 0.9320679 -0.32531738 0.05596924
0.16656494 0.9337158 -0.30871582 0.071899414
0.18347168 0.93426514 -0.2927246 0.08807373
0.20025635 0.9338379 -0.27746582 0.10412598
0.21478271 0.9329834 -0.2626953 0.12005615
0.22723389 0.93182373 -0.24859619 0.13519287
0.23791504 0.9303589 -0.23590088 0.14892578
0.24603271 0.9291992 -0.22381592 0.16113281
0.25268555 0.92803955 -0.21350098 0.17126465
0.2581787 0.9269409 -0.20513916 0.17913818
0.26263428 0.92596436 -0.19873047 0.18463135
0.265625 0.9254761 -0.19396973 0.18804932
0.26696777 0.92541504 -0.19049072 0.1897583
0.26696777 0.9258423 -0.18817139 0.19012451
0.26593018 0.9265137 -0.18670654 0.18963623
0.2644043 0.92736816 -0.18597412 0.18847656
0.26263428 0.92822266 -0.18579102 0.18695068
0.26068115 0.92907715 -0.18603516 0.1850586
0.25878906 0.92993164 -0.18652344 0.18292236
0.25708008 0.9307251 -0.18713379 0.18066406
0.25549316 0.9314575 -0.18786621 0.17840576
0.2539673 0.9321289 -0.1885376 0.17626953
0.25268555 0.93273926 -0.18914795 0.17437744
0.25152588 0.93322754 -0.18969727 0.17279053
0.25054932 0.93359375 -0.19024658 0.17156982
0.2498169 0.9338989 -0.1907959 0.17059326
0.24932861 0.934021 -0.19128418 0.1697998
0.24914551 0.93408203 -0.1918335 0.16906738
0.2489624 0.93414307 -0.19238281 0.1685791
