0.9061279 -0.18078613 0.17584229 -0.3395996
0.9022217 -0.17755127 0.18511963 -0.34674072
0.8982544 -0.1751709 0.19335938 -0.3536377
0.8944092 -0.17346191 0.20056152 -0.36016846
0.89086914 -0.17199707 0.20648193 -0.36621094
0.88775635 -0.1708374 0.21118164 -0.3717041
0.88500977 -0.17004395 0.21453857 -0.37652588
0.88287354 -0.16973877 0.2166748 -0.3805542
0.88116455 -0.16998291 0.21746826 -0.38378906
0.8800049 -0.1706543 0.21697998 -0.3864746
0.87945557 -0.17156982 0.21508789 -0.38842773
0.87945557 -0.1729126 0.21179199 -0.38964844
0.88012695 -0.17462158 0.20672607 -0.39007568
0.8814697 -0.17681885 0.1998291 -0.3895874
0.88342285 -0.17962646 0.19091797 -0.38842773
0.8857422 -0.18304443 0.18005371 -0.38671875
0.88830566 -0.18688965 0.16711426 -0.38476562
0.8911133 -0.19128418 0.15197754 -0.38232422
0.89404297 -0.19641113 0.1348877 -0.37939453
0.89678955 -0.20251465 0.11602783 -0.3758545
0.8994751 -0.20959473 0.095581055 -0.37139893
0.9019165 -0.21740723 0.07336426 -0.3659668
0.9041748 -0.22583008 0.049560547 -0.35925293
0.9060669 -0.23480225 0.024414062 -0.35113525
0.90740967 -0.24475098 -0.0014648438 -0.34161377
0.907959 -0.25567627 -0.027832031 -0.33081055
0.90771484 -0.26733398 -0.05432129 -0.31884766
0.90667725 -0.27923584 -0.08074951 -0.30578613
0.90478516 -0.29101562 -0.10681152 -0.29193115
0.90216064 -0.30255127 -0.13226318 -0.27764893
0.89868164 -0.31396484 -0.15655518 -0.26324463
0.8904419 -0.3343506 -0.20037842 -0.23492432
0.885376 -0.34545898 -0.21813965 -0.22174072
0.885376 -0.34545898 -0.21813965 -0.22174072
0.8795166 -0.35803223 -0.23242188 -0.21026611
0.8735962 -0.3704834 -0.24328613 -0.20111084
0.86846924 -0.38067627 -0.25128174 -0.1940918
0.86505127 -0.38739014 -0.2567749 -0.18890381
0.86328125 -0.39068604 -0.26013184 -0.18554688
0.86279297 -0.3918457 -0.26098633 -0.1842041
0.86328125 -0.39141846 -0.25927734 -0.18518066
0.8640137 -0.39068604 -0.25512695 -0.18914795
0.86413574 -0.39093018 -0.24853516 -0.19665527
0.86413574 -0.39086914 -0.24017334 -0.20703125
0.8640747 -0.38964844 -0.23077393 -0.21984863
0.86413574 -0.38671875 -0.22076416 -0.23461914
0.86395264 -0.3826294 -0.21014404 -0.25097656
0.8632202 -0.37817383 -0.19873047 -0.26898193
0.8619385 -0.37286377 -0.18676758 -0.28833008
0.8602295 -0.3665161 -0.17407227 -0.30877686
0.85809326 -0.35888672 -0.16046143 -0.33026123
0.85565186 -0.3496704 -0.14587402 -0.35253906
0.8529663 -0.33874512 -0.13043213 -0.37506104
0.8500366 -0.32641602 -0.11407471 -0.39727783
0.847229 -0.31256104 -0.09741211 -0.41833496
0.84417725 -0.29870605 -0.08068848 -0.43774414
0.84088135 -0.28533936 -0.064575195 -0.45532227
0.8372803 -0.2734375 -0.049438477 -0.47088623
0.8331299 -0.26483154 -0.034729004 -0.48431396
0.82873535 -0.25909424 -0.021240234 -0.49560547
0.8244629 -0.25610352 -0.0095825195 -0.5045166
0.82073975 -0.2557373 -0.00012207031 -0.5109253
0.81799316 -0.25665283 0.005554199 -0.5147095
0.8162842 -0.25952148 0.0073242188 -0.51605225
0.81555176 -0.2642212 0.0051879883 -0.51483154
0.8156128 -0.27093506 -0.00030517578 -0.51123047
0.8162842 -0.2796631 -0.008850098 -0.5053711
0.81726074 -0.2901001 -0.019958496 -0.49743652
0.81848145 -0.30181885 -0.0335083 -0.48773193
0.8197632 -0.31451416 -0.049072266 -0.47607422
0.82092285 -0.32818604 -0.06616211 -0.46258545
0.8218384 -0.3423462 -0.08441162 -0.4475708
0.8220825 -0.35705566 -0.103637695 -0.43121338
0.8213501 -0.37225342 -0.12359619 -0.41412354
0.81951904 -0.38787842 -0.1439209 -0.3965454
0.81640625 -0.4038086 -0.16430664 -0.37872314
0.81225586 -0.41912842 -0.18487549 -0.36108398
0.80755615 -0.43304443 -0.20526123 -0.34381104
0.80285645 -0.44458008 -0.22558594 -0.32696533
0.7973633 -0.45550537 -0.24481201 -0.31103516
0.7910156 -0.4663086 -0.2626953 -0.29638672
0.78375244 -0.47686768 -0.27911377 -0.28363037
0.7765503 -0.4855957 -0.2944336 -0.27282715
0.77075195 -0.4915161 -0.30847168 -0.26306152
0.76312256 -0.49957275 -0.31903076 -0.2574463
0.7574463 -0.50408936 -0.32806396 -0.25402832
0.7525635 -0.50701904 -0.3347168 -0.25402832
0.7479248 -0.50909424 -0.3388672 -0.25811768
0.74346924 -0.5102539 -0.34069824 -0.26617432
0.73931885 -0.5102539 -0.34033203 -0.27789307
0.7355957 -0.5085449 -0.3383789 -0.29278564
0.73217773 -0.50512695 -0.33514404 -0.31048584
0.72869873 -0.5003052 -0.3307495 -0.3305664
0.72509766 -0.49401855 -0.32531738 -0.3526001
0.7214966 -0.48602295 -0.3192749 -0.3758545
0.7182007 -0.47595215 -0.31292725 -0.39959717
0.7151489 -0.46411133 -0.3062744 -0.42352295
0.711853 -0.45117188 -0.29919434 -0.44744873
0.7078247 -0.43804932 -0.2915039 -0.47125244
0.7030029 -0.4251709 -0.28344727 -0.4946289
0.6973877 -0.41278076 -0.27514648 -0.51727295
0.69122314 -0.4008789 -0.2668457 -0.53881836
0.6849365 -0.3894043 -0.2588501 -0.55877686
0.67858887 -0.378479 -0.2510376 -0.57733154
0.6722412 -0.3671875 -0.24432373 -0.5946045
0.6657715 -0.3564453 -0.23834229 -0.61065674
0.6592407 -0.34649658 -0.23272705 -0.62542725
0.65289307 -0.3378296 -0.22741699 -0.63861084
0.64715576 -0.33062744 -0.22229004 -0.6499634
0.642334 -0.32476807 -0.21746826 -0.65930176
0.6383667 -0.3203125 -0.21295166 -0.66674805
0.6350708 -0.31713867 -0.20892334 -0.67266846
0.63238525 -0.31500244 -0.20562744 -0.67718506
0.63012695 -0.31359863 -0.20343018 -0.680542
0.62823486 -0.31292725 -0.20245361 -0.68292236
0.62664795 -0.31292725 -0.20269775 -0.6843262
