38.9375 -2.5 -32.9375
39.25 -2.8125 -33.125
39.5 -3.125 -33.375
39.8125 -3.375 -33.625
40.125 -3.6875 -33.875
40.4375 -3.9375 -34.125
40.8125 -4.1875 -34.375
41.1875 -4.375 -34.625
41.625 -4.5625 -34.8125
42 -4.75 -35.0625
42.375 -4.9375 -35.25
42.6875 -5.125 -35.5
43 -5.25 -35.6875
43.25 -5.375 -35.8125
43.4375 -5.375 -35.9375
43.5 -5.375 -36.0625
43.5 -5.25 -36.1875
43.375 -5.0625 -36.375
43.125 -4.6875 -36.5625
42.75 -4.25 -36.6875
42.3125 -3.625 -36.875
41.625 -2.875 -37
40.75 -1.9375 -37.0625
39.75 -0.875 -37.1875
38.5625 0.375 -37.25
37.1875 1.75 -37.375
35.6875 3.25 -37.5625
34.0625 4.875 -37.8125
32.3125 6.5625 -38.125
30.5 8.3125 -38.5
28.6875 10.0625 -39
26.8125 11.8125 -39.5625
25 13.4375 -40.25
23.25 15.0625 -41
21.5625 16.5 -41.75
20.0625 17.875 -42.5
18.6875 19.0625 -43.1875
17.5625 20.125 -44
16.625 21.0625 -44.8125
15.875 21.875 -45.375
15.3125 22.5 -45.8125
15.125 22.8125 -46.25
15.3125 23 -46.5625
15.8125 23.0625 -46.8125
16.5625 23 -47.0625
17.6875 22.875 -47.1875
19.0625 22.6875 -47.25
20.625 22.4375 -47.1875
22.375 22.125 -47.0625
24.375 21.75 -46.9375
26.5 21.25 -46.75
28.75 20.75 -46.5625
31.1875 20.0625 -46.375
33.625 19.375 -46.25
36.1875 18.5625 -46.125
38.75 17.625 -46.125
41.3125 16.5625 -46.25
43.6875 15.5625 -46.375
46 14.5625 -46.6875
191.375 13.625 -46.9375
195.75 12.75 -47.3125
199.5625 12 -47.625
202.8125 11.4375 -48
205.3125 11 -48.3125
207.25 10.75 -48.6875
208.3125 10.5625 -49
208.5625 10.625 -49.3125
207.9375 10.875 -49.5625
206.5 11.25 -49.875
204.4375 11.75 -50.1875
201.8125 12.4375 -50.625
198.75 13.1875 -51.125
195.1875 14.0625 -51.75
191.375 15.0625 -52.4375
187.25 16.1875 -53.25
183.0625 17.3125 -54.125
178.8125 18.5 -55.0625
174.625 19.625 -56.0625
170.5 20.8125 -57.1875
166.5 21.9375 -58.3125
162.6875 23 -59.5
159 24.0625 -60.6875
155.4375 25.1875 -61.8125
152.0625 26.25 -62.75
149.0625 27.25 -63.8125
146.3125 28.25 -64.6875
143.875 29.1875 -65.5625
141.875 30.0625 -66.3125
140.25 30.9375 -67
138.875 31.8125 -67.4375
137.8125 32.625 -67.75
136.9375 33.5 -67.9375
136.3125 34.375 -68
135.9375 35.25 -67.9375
135.6875 36.1875 -67.75
135.625 37.0625 -67.375
135.75 38 -66.875
136.0625 38.8125 -66.3125
41.125 39.625 -65.5625
43.75 40.375 -64.625
46.4375 41 -63.5625
49.3125 41.5625 -62.3125
52.375 42 -60.75
55.5 42.3125 -59
58.6875 42.4375 -57.0625
61.875 42.375 -55.0625
65.0625 42.125 -53.0625
68.0625 41.75 -51.125
70.8125 41.125 -49.375
73.3125 40.375 -47.6875
75.5 39.625 -46.0625
77.4375 38.8125 -44.5625
79.125 38.1875 -43.1875
80.625 37.625 -42
81.75 37.25 -41.0625
82.6875 36.9375 -40.3125
83.375 36.6875 -39.75
83.875 36.5625 -39.3125
84.1875 36.5625 -39
84.375 36.5625 -38.6875
