-0.48 -5.35 8.19
-0.53 -5.39 8.17
-0.58 -5.42 8.14
-0.63 -5.46 8.12
-0.67 -5.49 8.09
-0.71 -5.52 8.06
-0.75 -5.55 8.04
-0.78 -5.58 8.02
-0.81 -5.61 7.99
-0.85 -5.64 7.97
-0.88 -5.67 7.94
-0.9 -5.69 7.92
-0.92 -5.72 7.91
-0.92 -5.73 7.89
-0.91 -5.75 7.88
-0.9 -5.77 7.87
-0.86 -5.79 7.86
-0.8 -5.82 7.84
-0.73 -5.84 7.83
-0.62 -5.87 7.82
-0.49 -5.89 7.82
-0.33 -5.91 7.81
-0.15 -5.92 7.8
0.06 -5.94 7.8
0.3 -5.95 7.78
0.56 -5.97 7.75
0.84 -5.99 7.71
1.13 -6.01 7.65
1.42 -6.04 7.58
1.72 -6.08 7.49
2.01 -6.11 7.39
2.28 -6.16 7.27
2.54 -6.21 7.14
2.79 -6.26 7
3.01 -6.3 6.88
3.2 -6.34 6.75
3.38 -6.4 6.61
3.53 -6.44 6.49
3.66 -6.47 6.38
3.75 -6.5 6.31
3.8 -6.52 6.24
3.83 -6.55 6.2
3.84 -6.58 6.16
3.83 -6.61 6.14
3.81 -6.63 6.13
3.78 -6.64 6.13
3.74 -6.65 6.15
3.69 -6.65 6.18
3.63 -6.65 6.21
3.56 -6.65 6.25
3.47 -6.66 6.3
3.37 -6.66 6.35
3.25 -6.68 6.39
3.12 -6.7 6.43
2.97 -6.73 6.47
2.8 -6.78 6.49
2.63 -6.84 6.51
2.47 -6.9 6.5
2.31 -6.96 6.5
2.16 -7.03 6.48
2.04 -7.08 6.46
1.95 -7.14 6.42
1.87 -7.18 6.39
1.82 -7.24 6.35
1.8 -7.28 6.31
1.81 -7.31 6.27
1.85 -7.33 6.23
1.91 -7.35 6.19
2 -7.37 6.14
2.11 -7.4 6.07
2.24 -7.43 5.98
2.38 -7.47 5.88
2.55 -7.5 5.76
2.73 -7.54 5.63
2.92 -7.58 5.48
3.11 -7.62 5.32
3.3 -7.66 5.14
3.48 -7.7 4.96
3.66 -7.74 4.77
3.83 -7.77 4.57
4 -7.8 4.37
4.17 -7.82 4.19
4.33 -7.82 4.02
4.49 -7.82 3.84
4.64 -7.81 3.68
4.78 -7.79 3.54
4.92 -7.77 3.39
5.04 -7.73 3.28
5.16 -7.69 3.19
5.29 -7.64 3.12
5.41 -7.57 3.06
5.54 -7.5 3.02
5.66 -7.42 2.99
5.79 -7.32 2.99
5.91 -7.22 3
6.03 -7.1 3.02
6.15 -6.99 3.06
6.25 -6.87 3.12
6.35 -6.75 3.19
6.43 -6.62 3.28
6.5 -6.49 3.4
6.56 -6.35 3.55
6.6 -6.21 3.73
6.61 -6.07 3.92
6.61 -5.93 4.14
6.58 -5.8 4.36
6.53 -5.69 4.58
6.45 -5.6 4.8
6.35 -5.52 5.02
6.25 -5.44 5.23
6.15 -5.35 5.43
6.06 -5.27 5.61
5.99 -5.2 5.76
5.93 -5.12 5.88
5.89 -5.07 5.97
5.86 -5.02 6.04
5.84 -4.99 6.08
5.84 -4.95 6.11
5.84 -4.92 6.14
5.84 -4.89 6.16
