0.90374756 -0.25933838 0.11645508 -0.32000732
0.9024658 -0.25982666 0.12011719 -0.3218994
0.901062 -0.26049805 0.1239624 -0.3237915
0.89953613 -0.26123047 0.12786865 -0.3258667
0.89801025 -0.26190186 0.1317749 -0.328125
0.8946533 -0.26324463 0.13903809 -0.33312988
0.8928833 -0.26379395 0.14233398 -0.33599854
0.8928833 -0.26379395 0.14233398 -0.33599854
0.8911743 -0.2642212 0.14550781 -0.3388672
0.8894043 -0.26483154 0.14868164 -0.34161377
0.8876953 -0.26538086 0.15179443 -0.34423828
0.8861084 -0.26593018 0.15472412 -0.3466797
0.88464355 -0.2664795 0.15722656 -0.34887695
0.88342285 -0.2670288 0.15905762 -0.35064697
0.88256836 -0.26763916 0.16009521 -0.35186768
0.8820801 -0.2685547 0.16033936 -0.35229492
0.881897 -0.2699585 0.15985107 -0.35186768
0.881897 -0.2722168 0.15838623 -0.35076904
0.8823242 -0.27496338 0.15551758 -0.34887695
0.88305664 -0.27838135 0.15124512 -0.34613037
0.88427734 -0.28240967 0.14544678 -0.34222412
0.8861084 -0.28686523 0.13769531 -0.33691406
0.88848877 -0.29180908 0.12792969 -0.33026123
0.89123535 -0.2972412 0.1161499 -0.32226562
0.8942871 -0.30303955 0.10235596 -0.3128662
0.897522 -0.3092041 0.08685303 -0.30212402
0.9006958 -0.31573486 0.06976318 -0.29003906
0.9036865 -0.32250977 0.0513916 -0.27685547
0.9063721 -0.3293457 0.031921387 -0.26275635
0.9085083 -0.3361206 0.01171875 -0.24804688
0.90997314 -0.3428955 -0.008728027 -0.23291016
0.91082764 -0.3494873 -0.029052734 -0.21759033
0.9110718 -0.35583496 -0.04901123 -0.20233154
0.91064453 -0.36187744 -0.06817627 -0.1875
0.90948486 -0.36779785 -0.086242676 -0.17358398
0.90826416 -0.37219238 -0.103149414 -0.1607666
0.9067383 -0.37615967 -0.11853027 -0.14929199
0.9042969 -0.38128662 -0.1317749 -0.13989258
0.9019165 -0.38549805 -0.14318848 -0.13208008
0.8999634 -0.38842773 -0.15319824 -0.12561035
0.89837646 -0.39056396 -0.16033936 -0.12109375
0.89678955 -0.39312744 -0.1642456 -0.119506836
0.8953247 -0.39556885 -0.16540527 -0.12054443
0.89385986 -0.39831543 -0.16400146 -0.12420654
0.892334 -0.40118408 -0.16052246 -0.13031006
0.8908081 -0.40386963 -0.15527344 -0.13879395
0.8892212 -0.40612793 -0.14874268 -0.14929199
0.88757324 -0.40771484 -0.14086914 -0.16168213
0.88568115 -0.40905762 -0.13171387 -0.17565918
0.88342285 -0.41033936 -0.121154785 -0.19116211
0.88079834 -0.4111328 -0.109313965 -0.20776367
0.8778076 -0.4116211 -0.096191406 -0.22540283
0.87420654 -0.41174316 -0.08178711 -0.24401855
0.8699341 -0.41174316 -0.06616211 -0.26330566
0.86505127 -0.41137695 -0.049621582 -0.28277588
0.8594971 -0.41082764 -0.031799316 -0.3024292
0.85302734 -0.41052246 -0.012451172 -0.32196045
0.8464966 -0.409729 0.0057373047 -0.33984375
0.8394165 -0.40948486 0.023864746 -0.35650635
0.83258057 -0.4085083 0.04083252 -0.37176514
0.8256836 -0.40789795 0.05657959 -0.38555908
0.81915283 -0.40704346 0.0703125 -0.39794922
0.81292725 -0.40679932 0.082092285 -0.40863037
0.8074951 -0.40667725 0.0914917 -0.41729736
0.80285645 -0.4076538 0.09887695 -0.42364502
0.7996216 -0.40899658 0.103393555 -0.42736816
0.7977295 -0.4111328 0.10491943 -0.42852783
0.7973633 -0.4138794 0.103149414 -0.42694092
0.79833984 -0.41748047 0.09851074 -0.42260742
0.80029297 -0.42230225 0.091552734 -0.41571045
0.8027344 -0.4282837 0.08270264 -0.40655518
0.805542 -0.43536377 0.07196045 -0.3955078
0.8082886 -0.4432373 0.059326172 -0.3829956
0.8109131 -0.45166016 0.045043945 -0.36932373
0.8131714 -0.46044922 0.02935791 -0.35479736
0.8149414 -0.4694214 0.0126953125 -0.33966064
0.8162842 -0.47821045 -0.004760742 -0.3239746
0.81707764 -0.48687744 -0.022644043 -0.30786133
0.8173828 -0.49523926 -0.040893555 -0.29144287
0.81707764 -0.5031738 -0.059326172 -0.27508545
0.8161621 -0.5105591 -0.07763672 -0.25909424
0.81463623 -0.517334 -0.095825195 -0.24407959
0.81274414 -0.5228882 -0.11364746 -0.23046875
0.81085205 -0.5270386 -0.13092041 -0.21832275
0.80792236 -0.5314331 -0.14678955 -0.20794678
0.8051758 -0.5345459 -0.16156006 -0.19946289
0.802063 -0.53741455 -0.1751709 -0.19281006
0.79852295 -0.5402832 -0.18640137 -0.18890381
0.79522705 -0.5423584 -0.19586182 -0.1873169
0.7921753 -0.5437012 -0.20373535 -0.18792725
0.7892456 -0.54455566 -0.21002197 -0.19091797
0.78601074 -0.5453491 -0.21496582 -0.19641113
0.7826538 -0.54589844 -0.2185669 -0.2041626
0.77923584 -0.5461426 -0.22088623 -0.21386719
0.7756958 -0.5460205 -0.2220459 -0.22540283
0.7720947 -0.5455322 -0.22216797 -0.23858643
0.76831055 -0.54467773 -0.22125244 -0.2531128
0.7642822 -0.5437012 -0.21923828 -0.26885986
0.76000977 -0.54229736 -0.21612549 -0.2855835
0.7555542 -0.5405884 -0.21179199 -0.30340576
0.7508545 -0.5383911 -0.20605469 -0.32244873
0.7458496 -0.5354004 -0.19897461 -0.3427124
0.7406616 -0.5314331 -0.19049072 -0.36431885
0.7352295 -0.52630615 -0.18084717 -0.38690186
0.72943115 -0.5203247 -0.17010498 -0.4102173
0.72314453 -0.5135498 -0.1583252 -0.43389893
0.71643066 -0.5062866 -0.1453247 -0.45751953
0.7097168 -0.49871826 -0.13214111 -0.47973633
0.7033081 -0.4907837 -0.11871338 -0.50042725
0.6973877 -0.4824829 -0.10559082 -0.51934814
0.69226074 -0.47351074 -0.093811035 -0.536438
0.6876221 -0.46453857 -0.083618164 -0.5516968
0.6833496 -0.45611572 -0.07531738 -0.5651245
0.6793823 -0.44873047 -0.06890869 -0.57647705
0.6760254 -0.44256592 -0.064331055 -0.5856323
0.6732788 -0.4376831 -0.06109619 -0.5927124
0.6712036 -0.43414307 -0.05883789 -0.5979614
0.6696167 -0.43170166 -0.057495117 -0.6016846
0.6685791 -0.42980957 -0.057128906 -0.604126
0.66815186 -0.4282837 -0.057617188 -0.6057129
