0.08135986 -0.6032715 -0.10095215 -0.78692627
0.08276367 -0.6069946 -0.10076904 -0.78393555
0.08520508 -0.6099243 -0.09918213 -0.7815552
0.08911133 -0.61187744 -0.09649658 -0.77996826
0.09429932 -0.61260986 -0.09234619 -0.7792969
0.100097656 -0.61206055 -0.085754395 -0.77978516
0.10681152 -0.61016846 -0.077941895 -0.7811279
0.11462402 -0.60717773 -0.06945801 -0.7832031
0.12335205 -0.6029053 -0.060058594 -0.7858887
0.13311768 -0.59716797 -0.049926758 -0.7893677
0.14416504 -0.5895386 -0.038879395 -0.79382324
0.15631104 -0.5794678 -0.026672363 -0.7994385
0.16918945 -0.5668335 -0.013305664 -0.80615234
0.18218994 -0.55200195 0.0009765625 -0.8137207
0.19458008 -0.5355835 0.015686035 -0.82159424
0.20648193 -0.5183716 0.028625488 -0.8293457
0.21643066 -0.5018921 0.040771484 -0.8364258
0.2243042 -0.48657227 0.05255127 -0.8427124
0.23095703 -0.47161865 0.06335449 -0.8486328
0.2364502 -0.4567871 0.07354736 -0.85443115
0.24072266 -0.44189453 0.08288574 -0.86016846
0.24328613 -0.42712402 0.09106445 -0.86608887
0.24359131 -0.4124756 0.09814453 -0.87231445
0.24145508 -0.39782715 0.10406494 -0.8789673
0.23687744 -0.38354492 0.1081543 -0.88604736
0.23065186 -0.36968994 0.109069824 -0.8934326
0.22314453 -0.35620117 0.10675049 -0.901062
0.2144165 -0.34332275 0.101989746 -0.9086914
0.20422363 -0.33129883 0.09631348 -0.91607666
0.19232178 -0.3203125 0.0904541 -0.92315674
0.17901611 -0.3102417 0.084472656 -0.9298096
0.16491699 -0.3008423 0.078125 -0.93603516
0.1508789 -0.29193115 0.07098389 -0.94177246
0.1375122 -0.28363037 0.06188965 -0.9470215
0.12451172 -0.27630615 0.051879883 -0.9515381
0.111816406 -0.27038574 0.042297363 -0.95532227
0.09954834 -0.2658081 0.033203125 -0.958313
0.08770752 -0.26245117 0.024291992 -0.9606323
0.076293945 -0.26013184 0.015930176 -0.96240234
0.06518555 -0.2588501 0.0079956055 -0.9636841
0.05444336 -0.25860596 0.00012207031 -0.96447754
0.043823242 -0.2593994 -0.0079956055 -0.9647217
0.03302002 -0.26123047 -0.016418457 -0.9645996
0.021972656 -0.2640381 -0.02557373 -0.9639282
0.010681152 -0.26782227 -0.035339355 -0.96276855
0.00079345703 0.27233887 0.045288086 0.9611206
0.012145996 0.2775879 0.055419922 0.9590454
0.023376465 0.2835083 0.064819336 0.95648193
0.034240723 0.28979492 0.07324219 0.9536743
0.044067383 0.2962036 0.080566406 0.9506836
0.05279541 0.30249023 0.08642578 0.9477539
0.060302734 0.3086548 0.09088135 0.94488525
0.066589355 0.31469727 0.093933105 0.9421997
0.07165527 0.32055664 0.0960083 0.93963623
0.075683594 0.32617188 0.09729004 0.93725586
0.07891846 0.33154297 0.097717285 0.9350586
0.08148193 0.33642578 0.09753418 0.93310547
0.08337402 0.3406372 0.09686279 0.9314575
