25.125 8.6875 15
25.0625 8.3125 14.75
24.9375 7.875 14.5625
24.8125 7.5 14.375
24.6875 7.125 14.25
24.625 6.8125 14.0625
24.5 6.5 13.875
24.5 6.1875 13.625
24.4375 5.9375 13.4375
24.4375 5.6875 13.25
24.375 5.5 13.0625
24.375 5.375 13.0625
24.375 5.25 12.8125
24.4375 5.0625 12.5625
24.4375 4.875 12.375
24.5 4.75 12.125
24.5625 4.625 11.875
24.6875 4.4375 11.625
24.75 4.375 11.375
24.8125 4.3125 11.0625
24.8125 4.375 10.75
24.875 4.5625 10.375
24.9375 4.9375 10.0625
24.9375 5.5625 9.75
25 6.4375 9.4375
25 7.5625 9.1875
25 8.9375 8.9375
25 10.5625 8.8125
24.875 12.4375 8.75
24.8125 14.5625 8.75
24.6875 16.8125 8.75
24.5 19.25 8.8125
24.375 21.75 8.9375
24.125 24.375 9.125
23.8125 27.0625 9.3125
23.5625 29.6875 9.4375
23.25 32.375 9.625
23.0625 34.9375 9.8125
22.8125 37.4375 10.0625
22.5625 39.8125 10.375
22.3125 42.0625 10.75
22.125 44.0625 11.0625
112 45.875 11.4375
111.9375 47.5625 11.875
111.875 49 12.25
111.875 50.125 12.625
112 51.0625 13
112.1875 51.6875 13.375
112.375 52 13.6875
112.75 52.125 14
113.1875 51.9375 14.25
113.75 51.5 14.4375
114.4375 50.8125 14.5
115.25 49.8125 14.4375
116.125 48.5 14.25
117.0625 47 13.9375
118.0625 45.1875 13.625
29.125 43.1875 13.25
30.125 41 12.8125
31.125 38.625 12.375
32.0625 36.125 11.875
32.9375 33.4375 11.3125
33.875 30.6875 10.6875
34.6875 27.9375 10.125
35.5 25.0625 9.5
36.3125 22.1875 8.875
37.0625 19.5625 8.375
37.8125 17 7.875
38.5625 14.6875 7.25
39.25 12.5625 6.75
39.8125 10.75 6.25
40.375 9.3125 5.6875
40.75 8.375 5.3125
41 7.9375 5
41.125 7.9375 4.8125
41.1875 8.4375 4.625
41.125 9.375 4.5625
41 10.6875 4.5
40.8125 12.375 4.4375
40.625 14.4375 4.5
40.4375 16.6875 4.5
40.1875 19.1875 4.5625
39.9375 21.875 4.6875
39.75 24.6875 4.75
39.5 27.625 4.875
39.25 30.5625 5.0625
39 33.5 5.375
38.6875 36.4375 5.75
38.4375 39.3125 6.125
38.0625 42 6.75
37.75 44.5625 7.375
127.4375 46.9375 7.875
127 51.125 9.125
127 51.125 9.125
126.9375 52.875 9.6875
126.9375 54.375 10.3125
127.0625 55.5 11
127.5 56.1875 11.5625
128.125 56.4375 11.9375
128.9375 56.3125 12.25
129.875 55.8125 12.5625
130.875 54.9375 12.8125
132 53.6875 13
133.1875 52.1875 13.125
134.5 50.4375 13.1875
135.875 48.4375 13.1875
137.25 46.3125 13.125
48.5625 44 12.9375
49.9375 41.6875 12.625
51.25 39.3125 12.3125
52.5 36.875 12
53.75 34.375 11.5625
55 31.875 11.0625
56.25 29.25 10.4375
57.5625 26.625 9.6875
58.625 24.25 9.1875
59.5625 22 8.75
60.3125 20 8.375
60.9375 18.25 8
61.4375 16.75 7.75
61.8125 15.5 7.5625
62.125 14.5625 7.4375
62.5 13.875 7.3125
62.8125 13.375 7.25
63.125 13.0625 7.25
63.375 12.9375 7.25
63.5625 12.875 7.3125
63.6875 12.9375 7.3125
63.6875 13.0625 7.375
