1.41 2.47 9.38
1.34 2.44 9.4
1.28 2.42 9.41
1.22 2.39 9.42
1.16 2.37 9.44
1.11 2.33 9.45
1.06 2.3 9.47
1.02 2.27 9.48
0.97 2.23 9.49
0.94 2.2 9.5
0.92 2.2 9.5
0.89 2.17 9.52
0.87 2.13 9.53
0.84 2.09 9.54
0.81 2.05 9.55
0.79 2.02 9.56
0.76 1.97 9.57
0.75 1.93 9.58
0.74 1.87 9.59
0.75 1.82 9.6
0.78 1.77 9.61
0.85 1.71 9.61
0.95 1.65 9.61
1.1 1.6 9.61
1.29 1.55 9.59
1.52 1.51 9.56
1.8 1.48 9.52
2.12 1.46 9.46
2.46 1.44 9.37
2.84 1.43 9.27
3.23 1.42 9.14
3.64 1.42 8.99
4.05 1.42 8.81
4.46 1.41 8.61
4.86 1.4 8.39
5.25 1.38 8.16
5.61 1.37 7.91
5.96 1.36 7.66
6.28 1.35 7.4
6.57 1.35 7.15
6.82 1.35 6.91
7.04 1.35 6.68
7.23 1.36 6.47
7.4 1.36 6.28
7.52 1.37 6.13
7.62 1.39 6
7.69 1.4 5.91
7.73 1.43 5.85
7.74 1.45 5.83
7.72 1.49 5.85
7.67 1.52 5.9
7.6 1.55 5.99
7.49 1.57 6.12
7.35 1.59 6.29
7.17 1.61 6.48
6.96 1.62 6.71
6.71 1.63 6.95
6.43 1.64 7.21
6.12 1.64 7.48
5.78 1.63 7.75
5.4 1.6 8.01
5.01 1.56 8.28
4.59 1.52 8.52
4.15 1.47 8.75
3.71 1.4 8.96
3.28 1.35 9.14
2.87 1.28 9.28
2.48 1.2 9.4
2.13 1.12 9.5
1.83 1.05 9.57
1.59 0.96 9.62
1.43 0.89 9.65
1.35 0.85 9.67
1.35 0.81 9.67
1.44 0.78 9.66
1.59 0.77 9.64
1.82 0.75 9.6
2.11 0.75 9.54
2.44 0.74 9.46
2.82 0.74 9.36
3.23 0.74 9.22
3.66 0.74 9.06
4.1 0.73 8.87
4.54 0.74 8.65
4.99 0.75 8.4
5.41 0.77 8.13
5.82 0.79 7.84
6.21 0.81 7.54
6.56 0.86 7.23
6.88 0.9 6.92
7.16 0.92 6.62
7.41 0.95 6.34
7.63 0.97 6.07
7.82 0.99 5.82
7.97 1.02 5.61
8.08 1.06 5.44
8.15 1.09 5.34
8.17 1.12 5.29
8.16 1.15 5.3
8.11 1.19 5.37
8.02 1.25 5.49
7.9 1.3 5.65
7.75 1.36 5.85
7.56 1.42 6.08
7.33 1.48 6.33
7.09 1.54 6.59
6.81 1.57 6.86
6.52 1.6 7.14
6.21 1.62 7.4
5.88 1.63 7.67
5.54 1.62 7.92
5.18 1.6 8.16
4.79 1.55 8.41
4.4 1.48 8.63
4.03 1.43 8.82
3.68 1.38 8.98
3.36 1.34 9.11
3.07 1.3 9.22
2.83 1.27 9.3
2.63 1.24 9.36
2.47 1.22 9.41
2.35 1.21 9.44
2.27 1.2 9.46
2.22 1.2 9.47
2.19 1.21 9.48
2.18 1.21 9.48
2.19 1.22 9.47
2.22 1.22 9.47
2.25 1.23 9.46
