0.96484375 0.109802246 -0.10321045 -0.215271
0.96551514 0.10852051 -0.09899902 -0.21478271
0.9661865 0.10797119 -0.09509277 -0.21398926
0.9667969 0.10760498 -0.091430664 -0.2130127
0.9673462 0.1071167 -0.088012695 -0.21209717
0.9678955 0.10638428 -0.08477783 -0.21130371
0.9683838 0.10534668 -0.08166504 -0.2107544
0.9688721 0.10430908 -0.07873535 -0.21038818
0.9692383 0.103027344 -0.07598877 -0.21008301
0.9696045 0.10180664 -0.07348633 -0.21002197
0.96990967 0.10058594 -0.07128906 -0.20996094
0.9699707 0.10070801 -0.070617676 -0.2098999
0.97021484 0.09918213 -0.068725586 -0.21002197
0.970459 0.097473145 -0.066833496 -0.21032715
0.9706421 0.09588623 -0.06512451 -0.21069336
0.9708252 0.09429932 -0.06341553 -0.21124268
0.97094727 0.09265137 -0.061767578 -0.21191406
0.97106934 0.09075928 -0.0602417 -0.21258545
0.9711914 0.08850098 -0.058898926 -0.2131958
0.9713745 0.085876465 -0.0579834 -0.21374512
0.9714966 0.08306885 -0.057922363 -0.2142334
0.97161865 0.079833984 -0.059020996 -0.21453857
0.9717407 0.07611084 -0.061645508 -0.21490479
0.97161865 0.072265625 -0.06628418 -0.21520996
0.9713745 0.0680542 -0.07305908 -0.2154541
0.97094727 0.06359863 -0.082092285 -0.21557617
0.9702759 0.05871582 -0.09338379 -0.2154541
0.9692383 0.054138184 -0.107055664 -0.21490479
0.9678345 0.049804688 -0.122802734 -0.21392822
0.9659424 0.04547119 -0.14031982 -0.21258545
0.963562 0.041015625 -0.1593628 -0.2109375
0.9605713 0.036621094 -0.1796875 -0.20904541
0.9569702 0.032409668 -0.20098877 -0.20666504
0.95288086 0.028442383 -0.22296143 -0.20379639
0.9482422 0.024353027 -0.24511719 -0.20043945
0.94311523 0.020141602 -0.2672119 -0.19683838
0.9375 0.01586914 -0.2888794 -0.19342041
0.9314575 0.0119018555 -0.3100586 -0.19006348
0.92510986 0.008300781 -0.3303833 -0.18682861
0.91864014 0.0053710938 -0.34979248 -0.18353271
0.91223145 0.0032958984 -0.36791992 -0.18017578
0.90600586 0.00079345703 -0.38427734 -0.17755127
0.9000244 -0.00079345703 -0.39904785 -0.1751709
0.8944702 -0.0022583008 -0.4121704 -0.17340088
0.8892822 -0.003479004 -0.42364502 -0.17211914
0.88500977 -0.0044555664 -0.4328003 -0.17150879
0.88134766 -0.0052490234 -0.44024658 -0.17150879
0.878479 -0.0057373047 -0.44561768 -0.17224121
0.8765869 -0.0056762695 -0.44873047 -0.17376709
0.8755493 -0.0056762695 -0.44976807 -0.1763916
0.8753052 -0.005432129 -0.44885254 -0.17993164
0.8758545 -0.0052490234 -0.44586182 -0.18450928
0.87731934 -0.0052490234 -0.4406128 -0.19024658
0.8795166 -0.005493164 -0.43310547 -0.19702148
0.8825073 -0.00592041 -0.4232788 -0.20483398
0.8861084 -0.006225586 -0.41131592 -0.21356201
0.8902588 -0.006164551 -0.39727783 -0.22277832
0.89471436 -0.0057373047 -0.38128662 -0.23248291
0.8994751 -0.0048217773 -0.36358643 -0.24230957
0.9043579 -0.0032348633 -0.3444214 -0.25195312
0.90930176 -0.0014038086 -0.3237915 -0.26141357
0.91412354 0.00030517578 -0.30181885 -0.27075195
0.91864014 0.0020141602 -0.27886963 -0.2798462
0.9227905 0.0043945312 -0.25531006 -0.28845215
0.9265137 0.0071411133 -0.23114014 -0.29675293
0.92962646 0.009216309 -0.20654297 -0.3050537
0.93182373 0.012145996 -0.18395996 -0.31262207
0.9333496 0.014831543 -0.16223145 -0.3199463
0.9342041 0.016296387 -0.14154053 -0.32696533
0.93463135 0.01763916 -0.12286377 -0.333313
0.9345703 0.018676758 -0.10687256 -0.3388672
0.93426514 0.018005371 -0.093688965 -0.3435669
0.9338379 0.017578125 -0.08477783 -0.34710693
0.93341064 0.016540527 -0.08013916 -0.3493042
0.93310547 0.014709473 -0.079711914 -0.35040283
0.93273926 0.01184082 -0.08319092 -0.35058594
0.93237305 0.008178711 -0.09051514 -0.34991455
0.93182373 0.0037231445 -0.101257324 -0.34857178
0.9309082 -0.0017089844 -0.114990234 -0.3466797
0.9295654 -0.007751465 -0.13128662 -0.3444214
0.9276123 -0.014282227 -0.14996338 -0.34173584
0.92510986 -0.02130127 -0.17034912 -0.33874512
0.92181396 -0.028747559 -0.19207764 -0.33551025
0.91778564 -0.036621094 -0.21466064 -0.3320923
0.91296387 -0.044189453 -0.23809814 -0.3283081
0.90753174 -0.05126953 -0.26202393 -0.3241577
0.9015503 -0.057678223 -0.28607178 -0.319458
0.89501953 -0.06365967 -0.30969238 -0.31463623
0.88812256 -0.06921387 -0.33258057 -0.30969238
0.8810425 -0.072631836 -0.35491943 -0.30413818
0.87390137 -0.07598877 -0.37573242 -0.29882812
0.8600464 -0.082214355 -0.41204834 -0.28955078
0.8532715 -0.0848999 -0.42791748 -0.28564453
0.8532715 -0.0848999 -0.42791748 -0.28564453
0.84680176 -0.08746338 -0.44189453 -0.2828369
0.84088135 -0.08959961 -0.45367432 -0.28125
0.8360596 -0.09051514 -0.46264648 -0.28070068
0.8321533 -0.092041016 -0.46813965 -0.28271484
0.82928467 -0.093688965 -0.47027588 -0.2869873
0.8275757 -0.09484863 -0.46936035 -0.2929077
0.82702637 -0.09515381 -0.46569824 -0.30023193
0.82751465 -0.09429932 -0.45947266 -0.3086548
0.8287964 -0.09265137 -0.45080566 -0.31829834
0.8306885 -0.09033203 -0.4399414 -0.32904053
0.83288574 -0.08746338 -0.42700195 -0.34106445
0.8352661 -0.08392334 -0.4124756 -0.35369873
0.8378296 -0.079833984 -0.39666748 -0.3665161
0.840271 -0.075683594 -0.37963867 -0.37957764
0.84259033 -0.0713501 -0.36169434 -0.3925171
0.84472656 -0.06677246 -0.34313965 -0.4052124
0.84661865 -0.061706543 -0.32421875 -0.4175415
0.8480835 -0.056640625 -0.3046875 -0.42980957
0.84906006 -0.051940918 -0.28430176 -0.44226074
0.84973145 -0.04699707 -0.26257324 -0.45477295
0.8498535 -0.043273926 -0.24029541 -0.46710205
0.8496094 -0.037902832 -0.22070312 -0.47753906
0.8493042 -0.032592773 -0.20239258 -0.4864502
0.84906006 -0.02734375 -0.18597412 -0.49371338
0.8488159 -0.022766113 -0.17138672 -0.4996338
0.8485718 -0.018310547 -0.15930176 -0.5042114
0.84820557 -0.014526367 -0.14941406 -0.5079346
0.84765625 -0.0115356445 -0.14172363 -0.5111084
0.8469238 -0.009338379 -0.1361084 -0.51397705
0.84594727 -0.007873535 -0.13220215 -0.51660156
0.8447876 -0.006958008 -0.12982178 -0.51904297
0.84375 -0.006286621 -0.12878418 -0.5210571
0.8428345 -0.0060424805 -0.12872314 -0.522583
0.8422241 -0.0063476562 -0.12921143 -0.52337646
0.842041 -0.006713867 -0.1303711 -0.52337646
