0.6230469 -0.39892578 0.24615479 -0.62615967
0.62005615 -0.39575195 0.24682617 -0.6308594
0.61694336 -0.39318848 0.24761963 -0.6351929
0.6135864 -0.3912964 0.24829102 -0.6392822
0.60998535 -0.39001465 0.24871826 -0.6433716
0.60601807 -0.38916016 0.2487793 -0.647583
0.6018677 -0.3885498 0.24853516 -0.6519165
0.59783936 -0.38775635 0.24810791 -0.65625
0.59417725 -0.38684082 0.2475586 -0.6602783
0.5907593 -0.3859253 0.24707031 -0.6640625
0.58758545 -0.38519287 0.24639893 -0.66760254
0.5845337 -0.38458252 0.24542236 -0.6709595
0.581604 -0.38433838 0.24432373 -0.67407227
0.5788574 -0.38458252 0.24285889 -0.67681885
0.576416 -0.38555908 0.24121094 -0.67889404
0.5743408 -0.3876953 0.2397461 -0.6799927
0.5727539 -0.39111328 0.23828125 -0.6798706
0.57214355 -0.39575195 0.23632812 -0.6783447
0.5727539 -0.40161133 0.23339844 -0.67541504
0.57458496 -0.40899658 0.22961426 -0.67071533
0.5774536 -0.41815186 0.22491455 -0.66412354
0.5814209 -0.42895508 0.21936035 -0.65563965
0.5862427 -0.4413452 0.2131958 -0.64501953
0.59191895 -0.45489502 0.20654297 -0.6324463
0.5984497 -0.46929932 0.19927979 -0.61798096
0.60565186 -0.48394775 0.19140625 -0.6019287
0.61328125 -0.49871826 0.18310547 -0.58447266
0.62072754 -0.51361084 0.17486572 -0.56591797
0.62768555 -0.5286255 0.16687012 -0.5465698
0.63391113 -0.54351807 0.15893555 -0.52679443
0.63964844 -0.55773926 0.1508789 -0.506897
0.6451416 -0.57110596 0.14239502 -0.48718262
0.6502075 -0.5834961 0.13366699 -0.4678955
0.65478516 -0.59484863 0.124938965 -0.44921875
0.6590576 -0.6048584 0.11633301 -0.4315796
0.6624756 -0.61395264 0.10870361 -0.41516113
0.664978 -0.6222534 0.101989746 -0.40026855
0.66656494 -0.6298218 0.0960083 -0.38702393
0.6675415 -0.6364746 0.09063721 -0.37554932
0.6679077 -0.642334 0.085632324 -0.36602783
0.6668091 -0.6482544 0.08178711 -0.35839844
0.6644287 -0.65405273 0.07891846 -0.35284424
0.661438 -0.6590576 0.07659912 -0.34960938
0.65808105 -0.663147 0.07470703 -0.3486328
0.6543579 -0.6664429 0.07324219 -0.34979248
0.64990234 -0.6692505 0.072021484 -0.3529663
0.64471436 -0.67163086 0.07098389 -0.35809326
0.638916 -0.6734619 0.07006836 -0.3651123
0.6326294 -0.67456055 0.06933594 -0.37402344
0.62579346 -0.6750488 0.06878662 -0.38464355
0.61828613 -0.6749878 0.068481445 -0.3968506
0.61035156 -0.67407227 0.06829834 -0.4104004
0.6019287 -0.67248535 0.068359375 -0.4251709
0.59295654 -0.67022705 0.068359375 -0.44110107
0.58380127 -0.66674805 0.06793213 -0.45825195
0.5745239 -0.6621094 0.0670166 -0.47650146
0.5649414 -0.65649414 0.06573486 -0.4954834
0.55529785 -0.64971924 0.064208984 -0.5150757
0.5453491 -0.6420288 0.06274414 -0.53515625
0.53479004 -0.633667 0.061401367 -0.555603
0.5238037 -0.6245117 0.059936523 -0.5762329
0.5128174 -0.6144409 0.058044434 -0.5967407
0.501709 -0.60388184 0.055847168 -0.6168213
0.49047852 -0.5932007 0.053588867 -0.6361084
0.4794922 -0.58270264 0.051330566 -0.6541748
0.46899414 -0.57263184 0.04925537 -0.6706543
0.45922852 -0.5629883 0.046691895 -0.6855469
0.44995117 -0.5548096 0.044555664 -0.69836426
0.4411621 -0.5487671 0.043395996 -0.70874023
0.434021 -0.54473877 0.042419434 -0.7163086
0.4286499 -0.5429077 0.041992188 -0.72094727
0.42590332 -0.54315186 0.04107666 -0.7224121
0.42547607 -0.54577637 0.040161133 -0.72076416
0.42712402 -0.5509033 0.03942871 -0.71588135
0.43060303 -0.5583496 0.038757324 -0.70806885
0.4356079 -0.56781006 0.038146973 -0.69744873
0.44189453 -0.5787964 0.037353516 -0.6843262
0.44909668 -0.59088135 0.036376953 -0.66918945
0.45684814 -0.6038208 0.035339355 -0.6522217
0.4645996 -0.6175537 0.034423828 -0.633667
0.47235107 -0.6317749 0.033691406 -0.6137085
0.47998047 -0.6460571 0.03289795 -0.5925293
0.4874878 -0.6602783 0.032226562 -0.5704346
0.49450684 -0.6741333 0.03173828 -0.54766846
0.50115967 -0.68743896 0.031311035 -0.52471924
0.50720215 -0.7000122 0.030883789 -0.50177
0.51257324 -0.711853 0.030395508 -0.479187
0.517395 -0.7227173 0.02960205 -0.4572754
0.5213623 -0.7327881 0.028503418 -0.4362793
0.524292 -0.7423096 0.027160645 -0.41638184
0.5262451 -0.75115967 0.02508545 -0.3977661
0.52716064 -0.7593994 0.021972656 -0.38067627
0.5270996 -0.76708984 0.018310547 -0.3652954
0.52557373 -0.774353 0.0146484375 -0.35205078
0.52282715 -0.7809448 0.010559082 -0.3414917
0.5182495 -0.78723145 0.0065307617 -0.3340454
0.5126343 -0.7926636 0.0021972656 -0.3300171
0.5061035 -0.7970581 -0.0026245117 -0.3295288
0.49884033 -0.800354 -0.0079956055 -0.33251953
0.49084473 -0.8026123 -0.014038086 -0.33868408
0.4822998 -0.803772 -0.020690918 -0.34765625
0.47338867 -0.803772 -0.028015137 -0.3591919
0.46417236 -0.8026123 -0.035888672 -0.37286377
0.45428467 -0.8005371 -0.044128418 -0.3883667
0.44360352 -0.7976074 -0.052612305 -0.40533447
0.43255615 -0.79364014 -0.061340332 -0.4234619
0.42071533 -0.78881836 -0.06994629 -0.44262695
0.40826416 -0.7831421 -0.07824707 -0.4625244
0.3959961 -0.7761841 -0.08673096 -0.4829712
0.3840332 -0.7678833 -0.09515381 -0.5037842
0.37219238 -0.7584839 -0.10333252 -0.52490234
0.3602295 -0.7481079 -0.110839844 -0.5461426
0.3482666 -0.73706055 -0.117492676 -0.5671387
0.336792 -0.72558594 -0.12286377 -0.58740234
0.32611084 -0.7142334 -0.12664795 -0.6062012
0.3164673 -0.70318604 -0.13031006 -0.62323
0.30725098 -0.6933594 -0.13226318 -0.6382446
