54.6875 67 130.0625
54.5 67.375 129.875
54.375 67.6875 129.75
54.3125 67.9375 129.5
54.375 68.1875 129.3125
54.5 68.375 129.0625
54.8125 68.4375 128.8125
55.25 68.375 128.6875
55.75 68.1875 128.75
56.3125 67.8125 129.125
56.9375 67.375 129.9375
57.5625 66.8125 131.3125
58.125 66.125 133.3125
58.4375 65.375 136.125
58.625 64.375 139.5
58.75 63.25 143.1875
58.875 61.75 147
59 60.0625 150.8125
59.25 58 154.375
59.6875 55.6875 157.5625
60.25 53.125 160.3125
61.0625 50.4375 162.625
62.1875 47.625 164.375
333.6875 44.75 165.6875
306.75 41.9375 166.5625
307.5 39.3125 167.125
308.0625 36.875 167.4375
308.375 34.9375 167.25
308.5 33.5 166.6875
308.3125 32.625 165.875
307.8125 32.1875 164.9375
307.1875 32.1875 163.8125
306.5 32.6875 162.5625
305.6875 33.5 161.1875
304.875 34.625 159.625
304.0625 35.9375 157.8125
303.1875 37.4375 155.9375
359.375 39 153.8125
359.3125 40.625 151.625
359.1875 42.25 149.1875
359.1875 43.8125 146.4375
89.125 45.25 143.5
89.4375 46.5625 140.125
89.6875 47.5625 136.8125
89.875 48.5 133.5625
90.0625 49.25 130.25
89.9375 49.875 127.375
89.9375 50.375 124.6875
89.875 50.6875 122.5
89.8125 50.8125 120.8125
89.9375 50.8125 119.6875
90.375 50.6875 118.9375
90.8125 50.4375 119.0625
91.375 50.1875 119.875
92.0625 49.875 121.3125
92.9375 49.4375 123.25
94 48.875 125.5625
95.5 48 128.125
97.375 46.8125 130.6875
99.8125 45.3125 133.0625
12.75 43.5 135.25
16.3125 41.5 137.1875
20.375 39.25 138.875
25.0625 36.875 140.3125
30.375 34.3125 141.5
36.375 31.6875 142.25
43 29 142.75
308.875 26.3125 143.3125
309.3125 23.6875 143.75
309.4375 21.3125 144.0625
309.375 19.125 144.4375
309 17.25 144.5
308.4375 15.5625 144.125
307.625 14.3125 143.3125
306.5 13.375 142.1875
305.125 12.75 140.9375
303.5 12.375 139.625
301.6875 12.3125 138.1875
299.6875 12.4375 136.75
81.8125 12.8125 135.1875
79.1875 13.3125 133.5625
76.1875 13.9375 131.875
73 14.625 130.125
69.8125 15.375 128.375
66.6875 16.1875 126.4375
63.625 16.9375 124.3125
60.875 17.5625 122.375
58.3125 18.125 120.4375
56.0625 18.5 118.625
54.0625 18.6875 117.0625
52.375 18.6875 115.6875
51 18.6875 114.5625
49.9375 18.5625 113.625
49.1875 18.375 112.8125
48.6875 18.1875 112.125
48.375 18 111.5625
48.1875 17.8125 111.1875
48.1875 17.625 110.9375
48.1875 17.4375 110.75
48.25 17.3125 110.6875
48.3125 17.25 110.6875
48.375 17.1875 110.8125
48.5 17.125 110.875
