9.05 2.89 -2.42
9.07 2.86 -2.38
9.09 2.83 -2.34
9.1 2.81 -2.3
9.11 2.79 -2.27
9.12 2.79 -2.25
9.11 2.81 -2.25
9.1 2.84 -2.28
9.08 2.86 -2.33
9.05 2.88 -2.42
9.01 2.89 -2.54
8.97 2.88 -2.71
8.91 2.82 -2.94
8.84 2.74 -3.22
8.75 2.64 -3.53
8.64 2.51 -3.88
8.49 2.38 -4.27
8.31 2.24 -4.68
8.1 2.1 -5.1
7.84 1.97 -5.53
7.56 1.86 -5.96
7.24 1.77 -6.36
6.9 1.71 -6.74
6.56 1.69 -7.09
6.21 1.68 -7.39
5.89 1.7 -7.65
5.62 1.76 -7.83
5.41 1.88 -7.95
5.28 2.01 -8.01
5.22 2.15 -8.01
5.23 2.3 -7.96
5.3 2.46 -7.87
5.41 2.62 -7.73
5.57 2.8 -7.56
5.76 2.98 -7.35
5.96 3.17 -7.11
6.17 3.35 -6.83
6.38 3.53 -6.54
6.59 3.71 -6.23
6.79 3.9 -5.89
6.96 4.1 -5.55
7.12 4.32 -5.17
7.24 4.52 -4.82
7.34 4.7 -4.47
7.43 4.87 -4.13
7.5 5.01 -3.83
7.55 5.13 -3.55
7.59 5.23 -3.33
7.6 5.31 -3.17
7.6 5.37 -3.06
7.59 5.43 -3
7.56 5.45 -3.03
7.53 5.43 -3.12
7.5 5.39 -3.28
7.45 5.32 -3.49
7.38 5.24 -3.75
7.29 5.15 -4.05
7.15 5.08 -4.37
6.97 5.03 -4.7
6.75 5 -5.05
6.49 4.98 -5.39
6.2 4.98 -5.72
5.88 5 -6.03
5.53 5.03 -6.33
5.15 5.1 -6.59
4.76 5.18 -6.82
4.35 5.24 -7.05
3.94 5.3 -7.24
3.56 5.35 -7.4
3.21 5.38 -7.53
2.91 5.43 -7.62
2.64 5.52 -7.65
2.42 5.67 -7.62
2.27 5.84 -7.54
2.16 6.01 -7.43
2.1 6.2 -7.29
2.09 6.38 -7.14
2.11 6.55 -6.97
2.17 6.73 -6.78
2.25 6.91 -6.58
2.36 7.08 -6.35
2.48 7.24 -6.12
2.6 7.41 -5.86
2.73 7.57 -5.59
2.86 7.74 -5.29
2.96 7.89 -5
3.05 8.03 -4.72
3.11 8.15 -4.46
3.14 8.26 -4.23
3.15 8.36 -4.03
3.14 8.44 -3.86
3.12 8.51 -3.72
3.09 8.57 -3.61
3.06 8.62 -3.51
3.03 8.67 -3.43
3 8.7 -3.37
2.97 8.72 -3.33
2.94 8.74 -3.31
2.92 8.75 -3.31
2.91 8.75 -3.31
2.9 8.75 -3.32
2.89 8.75 -3.34
2.89 8.74 -3.36
