0.5831299 0.46038818 -0.6430664 0.18554688
0.58447266 0.45806885 -0.64312744 0.18701172
0.58587646 0.4555664 -0.64331055 0.18804932
0.5873413 0.45300293 -0.6435547 0.18884277
0.5888672 0.45025635 -0.64398193 0.18902588
0.59033203 0.4477539 -0.6445923 0.18865967
0.59143066 0.44580078 -0.6452637 0.18737793
0.5921631 0.444458 -0.6461792 0.18518066
0.592041 0.44384766 -0.647522 0.1821289
0.5908203 0.44384766 -0.64959717 0.1786499
0.58825684 0.4440918 -0.65289307 0.17456055
0.5841675 0.44403076 -0.6578369 0.16986084
0.578125 0.44360352 -0.66467285 0.16479492
0.5690918 0.4437256 -0.67333984 0.1607666
0.55792236 0.44317627 -0.68395996 0.15661621
0.5446167 0.4420166 -0.69628906 0.15222168
0.52923584 0.44036865 -0.71014404 0.14727783
0.51190186 0.43811035 -0.7251587 0.14172363
0.49291992 0.43530273 -0.74108887 0.1352539
0.47247314 0.43206787 -0.7574463 0.12786865
0.45098877 0.42858887 -0.77368164 0.119628906
0.428833 0.4251709 -0.7893677 0.11065674
0.40667725 0.42175293 -0.8041382 0.1005249
0.3847046 0.41870117 -0.817688 0.08984375
0.36383057 0.41589355 -0.82977295 0.078308105
0.34436035 0.4138794 -0.84002686 0.06713867
0.3265381 0.41308594 -0.8482666 0.05670166
0.31341553 0.41259766 -0.85406494 0.045715332
0.3053589 0.41314697 -0.85723877 0.035217285
0.30145264 0.41534424 -0.8578491 0.026428223
0.30163574 0.41882324 -0.85632324 0.01940918
0.3059082 0.4229126 -0.85284424 0.0138549805
0.3137207 0.42730713 -0.8479004 0.0099487305
0.324646 0.43151855 -0.8416748 0.0071411133
0.33825684 0.43518066 -0.8343506 0.0048828125
0.3538208 0.43841553 -0.8261719 0.0032958984
0.37078857 0.4413452 -0.8171387 0.0024414062
0.38891602 0.44396973 -0.80718994 0.0018920898
0.40759277 0.4465332 -0.7965088 0.002380371
0.42681885 0.4489746 -0.78497314 0.0029296875
0.44641113 0.45141602 -0.77264404 0.003112793
0.46575928 0.45428467 -0.7593994 0.0033569336
0.48590088 0.456604 -0.74523926 0.0021362305
0.50408936 0.45910645 -0.73150635 0.0012207031
0.52124023 0.4609375 -0.7182007 0.00048828125
0.5376587 0.46203613 -0.70532227 -0.00036621094
0.55181885 0.46350098 -0.6933594 0.00012207031
0.5643921 0.4642334 -0.6826172 0.00024414062
0.5743408 0.465271 -0.67352295 0.0005493164
0.58154297 0.4666748 -0.66638184 0.0007324219
0.5861206 0.46801758 -0.66137695 0.00018310547
0.58880615 0.46795654 -0.6590576 -0.0021972656
0.58758545 0.46813965 -0.65997314 -0.004211426
0.58343506 0.46722412 -0.66430664 -0.007080078
0.57647705 0.4649048 -0.671875 -0.010559082
0.5670166 0.4613037 -0.682251 -0.014587402
0.55511475 0.4567871 -0.69488525 -0.01965332
0.54107666 0.4519043 -0.70880127 -0.026062012
0.52526855 0.44683838 -0.7233887 -0.033996582
0.5079346 0.4418335 -0.7381592 -0.043701172
0.48931885 0.43676758 -0.75286865 -0.054870605
0.4696045 0.43133545 -0.767395 -0.06738281
0.44909668 0.42547607 -0.78149414 -0.08087158
0.42785645 0.41937256 -0.7949829 -0.095214844
0.40600586 0.41345215 -0.8074951 -0.11029053
0.3842163 0.40771484 -0.81866455 -0.12640381
0.36260986 0.402771 -0.82818604 -0.14294434
0.3404541 0.3998413 -0.8364258 -0.15704346
0.31915283 0.3986206 -0.84277344 -0.17016602
0.29986572 0.39959717 -0.84716797 -0.18078613
0.2826538 0.40203857 -0.85009766 -0.18933105
0.26849365 0.40563965 -0.85113525 -0.1973877
0.25830078 0.41003418 -0.84991455 -0.20690918
0.25317383 0.41571045 -0.8460083 -0.2175293
0.25238037 0.4230957 -0.8399658 -0.22747803
0.25531006 0.43182373 -0.8321533 -0.23632812
0.26159668 0.44177246 -0.8227539 -0.24383545
0.27075195 0.45281982 -0.8119507 -0.24969482
0.28253174 0.46435547 -0.7999878 -0.25408936
0.2965088 0.47625732 -0.78692627 -0.256958
0.3125 0.48828125 -0.7727051 -0.25860596
0.3300171 0.50006104 -0.7576294 -0.25891113
0.34832764 0.51135254 -0.7420654 -0.2579956
0.3673706 0.5215454 -0.72613525 -0.25646973
0.3869629 0.53063965 -0.70977783 -0.25463867
0.40753174 0.5386963 -0.69262695 -0.25299072
0.42645264 0.5463257 -0.6759033 -0.2506714
0.44433594 0.55358887 -0.6592407 -0.24798584
0.46081543 0.5605469 -0.6428833 -0.24536133
0.47485352 0.567688 -0.62731934 -0.24230957
0.4868164 0.5744629 -0.612854 -0.23962402
0.49664307 0.58062744 -0.5999756 -0.23718262
0.5045166 0.58599854 -0.58880615 -0.23522949
0.5109863 0.590271 -0.5793457 -0.23406982
0.5161743 0.5935669 -0.5715332 -0.23364258
0.5199585 0.5961914 -0.56536865 -0.23364258
0.522583 0.59820557 -0.56066895 -0.23400879
0.5241699 0.5997925 -0.557251 -0.23449707
0.52490234 0.6010132 -0.5549927 -0.23498535
0.52508545 0.6019287 -0.55371094 -0.23529053
0.5248413 0.602478 -0.5532837 -0.23547363
0.5241699 0.60272217 -0.55352783 -0.23565674
0.52319336 0.6027832 -0.55426025 -0.23596191
