0.85339355 0.083740234 -0.51348877 0.03302002
0.8538208 0.083984375 -0.5126953 0.032287598
0.8544922 0.08441162 -0.5115967 0.03125
0.8553467 0.08496094 -0.51013184 0.030029297
0.85650635 0.085754395 -0.5081787 0.028747559
0.85791016 0.08660889 -0.5057373 0.027648926
0.8596802 0.087402344 -0.5026245 0.026611328
0.8618164 0.08795166 -0.49884033 0.02557373
0.8643799 0.0881958 -0.4944458 0.024353027
0.86724854 0.08831787 -0.48950195 0.022888184
0.8703613 0.08831787 -0.48394775 0.021057129
0.87384033 0.088256836 -0.4777832 0.018798828
0.8775635 0.0881958 -0.4710083 0.016174316
0.88165283 0.088012695 -0.46343994 0.013366699
0.88604736 0.08795166 -0.45507812 0.010559082
0.89068604 0.08782959 -0.44604492 0.0076904297
0.8955078 0.087524414 -0.43634033 0.004760742
0.9003906 0.08679199 -0.42633057 0.0015258789
0.9053345 0.0859375 -0.4159546 -0.0020141602
0.91015625 0.08526611 -0.4053955 -0.005859375
0.91485596 0.08514404 -0.3945923 -0.0099487305
0.9194336 0.085632324 -0.38354492 -0.014038086
0.92401123 0.08660889 -0.3720703 -0.018066406
0.92852783 0.08782959 -0.35998535 -0.021972656
0.93322754 0.08911133 -0.34710693 -0.025756836
0.93792725 0.09057617 -0.33343506 -0.029541016
0.942688 0.09234619 -0.3189087 -0.033447266
0.94732666 0.09442139 -0.30377197 -0.03753662
0.9517822 0.09637451 -0.28833008 -0.041748047
0.9560547 0.09777832 -0.272583 -0.046020508
0.96014404 0.09851074 -0.25665283 -0.050048828
0.9641113 0.09893799 -0.24041748 -0.053527832
0.9678955 0.09979248 -0.22381592 -0.056274414
0.9713135 0.10131836 -0.20715332 -0.05847168
0.9743042 0.103393555 -0.1907959 -0.060302734
0.9769287 0.10479736 -0.17523193 -0.06213379
0.9793091 0.105163574 -0.1605835 -0.063964844
0.9813843 0.10491943 -0.14709473 -0.06549072
0.9831543 0.10430908 -0.13464355 -0.066467285
0.9847412 0.10321045 -0.123168945 -0.066833496
0.986145 0.10168457 -0.11291504 -0.06689453
0.9873047 0.099975586 -0.104003906 -0.066711426
0.9882202 0.09832764 -0.09625244 -0.066467285
0.9890747 0.09674072 -0.08947754 -0.06616211
0.9898071 0.09515381 -0.08312988 -0.06561279
0.99053955 0.09350586 -0.07696533 -0.064819336
0.99121094 0.09185791 -0.07067871 -0.0637207
0.9918213 0.09075928 -0.064086914 -0.062438965
0.9923706 0.090148926 -0.05731201 -0.061279297
0.9928589 0.090026855 -0.05029297 -0.0602417
0.9932251 0.089904785 -0.04309082 -0.059570312
0.9935913 0.089782715 -0.0357666 -0.059143066
0.99383545 0.08972168 -0.028442383 -0.059020996
0.9939575 0.090026855 -0.021362305 -0.059143066
0.99401855 0.09069824 -0.0146484375 -0.059387207
0.9939575 0.091674805 -0.008300781 -0.059692383
0.9938965 0.09246826 -0.002319336 -0.059814453
0.99383545 0.09295654 0.0031738281 -0.059936523
0.9937744 0.093322754 0.008239746 -0.060302734
0.99365234 0.09387207 0.012573242 -0.061035156
0.9934082 0.09466553 0.016235352 -0.062194824
0.9932251 0.095703125 0.019042969 -0.0635376
0.9929199 0.09686279 0.021118164 -0.06506348
0.9927368 0.09777832 0.022521973 -0.06677246
0.9924927 0.09844971 0.023254395 -0.06890869
0.99224854 0.09899902 0.023132324 -0.07171631
0.99194336 0.099487305 0.022216797 -0.07525635
0.99157715 0.10021973 0.020507812 -0.07946777
0.9911499 0.10095215 0.018066406 -0.084106445
0.99072266 0.1015625 0.015319824 -0.08892822
0.9902954 0.10211182 0.012329102 -0.09375
0.9898071 0.1026001 0.009399414 -0.09851074
0.9892578 0.103027344 0.0065307617 -0.10333252
0.9887085 0.103393555 0.0036010742 -0.10827637
0.98809814 0.103759766 0.00061035156 -0.113464355
0.98742676 0.104003906 -0.002380371 -0.118774414
0.9867554 0.10406494 -0.005432129 -0.12420654
0.986084 0.10394287 -0.008483887 -0.1296997
0.9852905 0.1038208 -0.0115356445 -0.1350708
0.9845581 0.103637695 -0.0146484375 -0.14038086
0.98376465 0.103271484 -0.017822266 -0.14556885
0.9829712 0.10296631 -0.021118164 -0.15093994
0.9819946 0.1026001 -0.024719238 -0.15655518
0.98095703 0.10235596 -0.028381348 -0.16259766
0.97979736 0.10217285 -0.032165527 -0.16882324
0.97857666 0.10205078 -0.035949707 -0.17510986
0.9772949 0.101989746 -0.03967285 -0.18145752
0.97595215 0.101867676 -0.043273926 -0.18774414
0.9746094 0.101745605 -0.04675293 -0.19403076
0.97314453 0.101623535 -0.050048828 -0.20031738
0.9716797 0.1015625 -0.053222656 -0.20666504
0.9700928 0.101623535 -0.05621338 -0.21313477
0.9684448 0.1015625 -0.059143066 -0.2197876
0.96673584 0.10144043 -0.06188965 -0.2265625
0.9649048 0.10131836 -0.064697266 -0.23339844
0.96307373 0.10107422 -0.06750488 -0.2401123
0.9612427 0.10089111 -0.070373535 -0.24664307
0.9594116 0.10083008 -0.07330322 -0.25299072
0.95758057 0.10089111 -0.07623291 -0.25891113
0.9558716 0.101135254 -0.07897949 -0.2644043
0.9541626 0.101379395 -0.08148193 -0.26953125
0.9525757 0.101623535 -0.08355713 -0.2744751
0.95098877 0.10192871 -0.08526611 -0.2791748
0.9495239 0.10223389 -0.08660889 -0.28363037
0.9481201 0.10247803 -0.087768555 -0.28778076
0.9468384 0.10272217 -0.08874512 -0.29162598
0.94573975 0.10272217 -0.08959961 -0.29504395
0.9447632 0.10266113 -0.09033203 -0.2979126
0.9439697 0.10247803 -0.09082031 -0.30023193
0.94348145 0.10217285 -0.09094238 -0.30194092
0.94317627 0.101867676 -0.09075928 -0.30291748
0.94317627 0.10131836 -0.09020996 -0.3032837
0.9433594 0.1005249 -0.08935547 -0.3032837
0.94366455 0.09942627 -0.08831787 -0.30303955
0.9439697 0.09814453 -0.087402344 -0.30273438
0.94421387 0.09680176 -0.08691406 -0.30255127
