0.87713623 -0.002746582 -0.41375732 -0.24371338
0.8753052 -0.0029907227 -0.41503906 -0.24816895
0.87323 -0.0032958984 -0.4165039 -0.25286865
0.8711548 -0.00390625 -0.41796875 -0.2576294
0.8690796 -0.004760742 -0.41937256 -0.26226807
0.86712646 -0.0056762695 -0.42071533 -0.2664795
0.8654175 -0.0064086914 -0.42199707 -0.2699585
0.8640137 -0.0072021484 -0.42315674 -0.27264404
0.86309814 -0.008117676 -0.4239502 -0.27441406
0.8625488 -0.009399414 -0.42437744 -0.2753296
0.8623657 -0.010925293 -0.42456055 -0.27557373
0.8623047 -0.012512207 -0.42486572 -0.27520752
0.8623657 -0.013977051 -0.42529297 -0.274292
0.8625488 -0.01550293 -0.4258423 -0.27282715
0.862854 -0.017150879 -0.42651367 -0.27062988
0.86346436 -0.018981934 -0.42718506 -0.2675171
0.86450195 -0.020996094 -0.42773438 -0.2631836
0.86590576 -0.023071289 -0.42816162 -0.25750732
0.8678589 -0.02545166 -0.42822266 -0.25048828
0.8703613 -0.028198242 -0.42785645 -0.24212646
0.87323 -0.03137207 -0.42700195 -0.23284912
0.8762207 -0.034240723 -0.42596436 -0.22271729
0.8793335 -0.03668213 -0.42492676 -0.21179199
0.8825073 -0.03930664 -0.42364502 -0.20050049
0.8855591 -0.041870117 -0.42230225 -0.18878174
0.8887329 -0.044006348 -0.4208374 -0.17651367
0.8918457 -0.045837402 -0.41918945 -0.16351318
0.8951416 -0.047546387 -0.4171753 -0.14971924
0.89868164 -0.049560547 -0.4144287 -0.13494873
0.9022827 -0.05218506 -0.41088867 -0.11981201
0.9057007 -0.055664062 -0.4069214 -0.10510254
0.90875244 -0.059265137 -0.40283203 -0.0914917
0.911499 -0.062683105 -0.39868164 -0.07891846
0.9142456 -0.06536865 -0.39422607 -0.06695557
0.91711426 -0.06781006 -0.38897705 -0.05529785
0.920166 -0.070129395 -0.38269043 -0.043762207
0.92352295 -0.072143555 -0.3753662 -0.032409668
0.92700195 -0.07385254 -0.36706543 -0.021362305
0.930603 -0.07519531 -0.35803223 -0.010864258
0.9343262 -0.07623291 -0.34820557 -0.00091552734
0.9381714 -0.07702637 -0.33740234 0.008605957
0.94207764 -0.07800293 -0.32580566 0.01763916
0.9458008 -0.079589844 -0.3137207 0.02557373
0.9494629 -0.08178711 -0.30126953 0.032470703
0.95306396 -0.08441162 -0.28833008 0.038391113
0.956604 -0.08734131 -0.2744751 0.043945312
0.96014404 -0.09100342 -0.2597046 0.049316406
0.963501 -0.09490967 -0.24432373 0.054382324
0.9666748 -0.09851074 -0.22869873 0.05908203
0.96972656 -0.10180664 -0.21289062 0.06329346
0.9725342 -0.10498047 -0.19677734 0.0670166
0.97509766 -0.10821533 -0.18035889 0.0703125
0.977478 -0.111328125 -0.16345215 0.07330322
0.9796753 -0.11425781 -0.14642334 0.075805664
0.9816284 -0.116882324 -0.12939453 0.07763672
0.9833374 -0.11920166 -0.1126709 0.07861328
0.9848633 -0.12084961 -0.09631348 0.07879639
0.986145 -0.12249756 -0.080200195 0.078186035
0.9871826 -0.12390137 -0.064208984 0.0770874
0.9881592 -0.12451172 -0.04852295 0.07537842
0.9890137 -0.12408447 -0.03338623 0.07312012
0.9897461 -0.123046875 -0.018798828 0.07006836
0.9902954 -0.12207031 -0.0049438477 0.06616211
0.9906616 -0.12133789 0.008178711 0.061584473
0.99090576 -0.12042236 0.020568848 0.056518555
0.99108887 -0.118652344 0.032043457 0.05114746
0.991272 -0.11645508 0.04248047 0.04547119
0.991272 -0.11431885 0.052001953 0.03955078
0.99121094 -0.11273193 0.060546875 0.03338623
0.99102783 -0.111694336 0.068237305 0.026916504
0.9907837 -0.11090088 0.07513428 0.020263672
0.9904785 -0.11016846 0.08135986 0.013244629
0.9901123 -0.10961914 0.08709717 0.00592041
0.98968506 -0.10925293 0.09234619 -0.001953125
0.9891968 -0.109069824 0.09716797 -0.010559082
0.98864746 -0.10888672 0.1015625 -0.019836426
0.98809814 -0.10809326 0.10546875 -0.029724121
0.9874878 -0.10668945 0.10882568 -0.040161133
0.9869385 -0.10455322 0.11138916 -0.050964355
0.98638916 -0.10192871 0.11328125 -0.06213379
0.9857178 -0.099243164 0.11450195 -0.07354736
0.98498535 -0.09661865 0.115112305 -0.08508301
0.98413086 -0.094177246 0.11541748 -0.09655762
0.98321533 -0.091674805 0.11529541 -0.107788086
0.98223877 -0.08880615 0.11468506 -0.118896484
0.9812622 -0.085876465 0.11340332 -0.12982178
0.98028564 -0.08306885 0.1116333 -0.14031982
0.9793091 -0.080322266 0.10949707 -0.15002441
0.9784546 -0.07763672 0.107177734 -0.15863037
0.97766113 -0.07519531 0.10473633 -0.1661377
0.9769287 -0.07312012 0.10229492 -0.17260742
0.9762573 -0.07147217 0.09991455 -0.17828369
0.975647 -0.07019043 0.097717285 -0.18328857
0.97509766 -0.0690918 0.095703125 -0.18762207
0.9746094 -0.06817627 0.094055176 -0.19134521
0.97424316 -0.066833496 0.0925293 -0.19439697
0.973938 -0.065979004 0.091308594 -0.19671631
0.97369385 -0.06549072 0.090270996 -0.1986084
0.97351074 -0.06518555 0.08935547 -0.19995117
0.9733887 -0.06506348 0.08856201 -0.20098877
0.97332764 -0.06542969 0.08734131 -0.20172119
0.97332764 -0.06591797 0.08709717 -0.20166016
0.97332764 -0.06591797 0.08709717 -0.20166016
0.97332764 -0.06652832 0.08691406 -0.20172119
