310.6875 47.1875 -129.5
311.6875 47.875 -128.8125
312.6875 48.5625 -128.0625
313.75 49.3125 -127.3125
314.875 50.0625 -126.5
316.0625 50.8125 -125.75
317.3125 51.625 -124.9375
318.5625 52.375 -124.25
319.75 53.125 -123.6875
320.875 53.8125 -123.1875
321.8125 54.4375 -122.75
322.625 55 -122.375
323.25 55.375 -122.1875
323.625 55.625 -122.125
323.75 55.75 -122.1875
323.75 55.6875 -122.5
323.4375 55.375 -123
322.9375 54.875 -123.75
322.0625 54.1875 -124.6875
320.8125 53.1875 -125.75
319.1875 51.875 -126.9375
317.25 50.25 -128.25
314.875 48.4375 -129.625
312.1875 46.3125 -131
293.8125 44.0625 -132.3125
293.9375 41.625 -133.625
294.0625 39 -134.875
294.125 36.3125 -136
294.1875 33.5625 -137.125
294.1875 30.875 -138.1875
294.125 28.125 -139.1875
293.9375 25.4375 -140.1875
293.8125 22.875 -141.125
293.5625 20.375 -142.125
293.1875 18 -143.0625
292.8125 15.875 -143.8125
292.375 13.875 -144.5
291.875 12.1875 -145.0625
291.4375 10.75 -145.4375
290.9375 9.625 -146
290.5 8.875 -146.4375
290.0625 8.5625 -146.875
289.6875 8.625 -147.4375
289.3125 9.125 -148
288.9375 9.9375 -148.5
288.625 11.0625 -149
288.4375 12.5 -149.5
288.1875 14.1875 -150
288.0625 16.125 -150.5
287.9375 18.25 -151
287.75 20.625 -151.5
287.5625 23.125 -151.9375
287.25 25.75 -152.375
286.875 28.5 -152.6875
286.4375 31.3125 -153.0625
286 34.25 -153.5
285.5 37.0625 -153.875
284.875 39.8125 -154.25
284.375 42.25 -154.8125
283.75 44.5 -155.3125
331.1875 46.3125 -156.125
333.375 47.625 -156.6875
334.6875 48.375 -157.125
335.25 48.5625 -157.5
335.3125 48.1875 -157.9375
334.8125 47.25 -158.375
333.9375 45.875 -158.75
282.6875 44.125 -159.1875
282.9375 42 -159.625
283.1875 39.625 -160.0625
283.4375 37.0625 -160.5
283.75 34.375 -160.875
284 31.625 -161.3125
284.3125 28.8125 -161.6875
284.5625 26.0625 -162.125
284.8125 23.3125 -162.4375
285.0625 20.6875 -162.6875
285.25 18.125 -162.9375
285.375 15.75 -162.875
285.5 13.5 -163
285.625 11.4375 -163.25
285.625 9.5625 -163.375
285.5 7.875 -163.5625
285.375 6.5 -163.8125
285.1875 5.3125 -164.0625
284.875 4.4375 -164.3125
284.4375 3.8125 -164.6875
283.875 3.5 -165.0625
283.25 3.5 -165.5
282.4375 3.6875 -166
281.5625 4.1875 -166.5625
280.5625 4.875 -167.1875
279.5 5.8125 -167.875
278.375 6.9375 -168.6875
277.125 8.1875 -169.5625
275.75 9.625 -170.5625
274.3125 11.25 -171.5625
272.8125 12.9375 -172.6875
271.3125 14.75 -173.9375
269.75 16.6875 -175.1875
268.1875 18.6875 -176.5625
266.625 20.8125 -178
265 23 -179.4375
263.375 25.1875 178.9375
261.6875 27.4375 177.25
260.0625 29.625 175.5
258.5 31.6875 173.6875
257.0625 33.6875 171.9375
255.8125 35.5625 170.1875
254.6875 37.25 168.5625
253.6875 38.8125 167.125
252.8125 40.125 165.875
252 41.3125 164.8125
251.375 42.3125 163.9375
285.0625 43.125 163.1875
284.9375 43.75 162.625
284.9375 44.25 162.125
285.0625 44.5625 161.6875
285.3125 44.75 161.3125
285.5625 44.8125 161.0625
285.875 44.75 160.875
286.1875 44.625 160.75
286.4375 44.4375 160.75
286.6875 44.1875 160.8125
286.875 43.9375 160.9375
287 43.625 161.125
