7.27 -5.12 -4.12
7.35 -5.1 -4
7.43 -5.08 -3.87
7.52 -5.05 -3.74
7.6 -5.02 -3.61
7.68 -4.98 -3.49
7.76 -4.94 -3.37
7.84 -4.89 -3.26
7.91 -4.84 -3.16
7.98 -4.79 -3.08
8.03 -4.74 -3.01
8.07 -4.71 -2.96
8.09 -4.68 -2.94
8.1 -4.66 -2.94
8.1 -4.66 -2.97
8.07 -4.66 -3.03
8.02 -4.68 -3.13
7.95 -4.71 -3.26
7.85 -4.76 -3.43
7.71 -4.83 -3.63
7.54 -4.91 -3.88
7.33 -5 -4.15
7.09 -5.1 -4.44
6.82 -5.2 -4.74
6.51 -5.3 -5.06
6.17 -5.39 -5.37
5.81 -5.48 -5.68
5.43 -5.55 -5.98
5.03 -5.6 -6.27
4.62 -5.64 -6.54
4.22 -5.66 -6.8
3.81 -5.66 -7.03
3.41 -5.63 -7.25
3.03 -5.6 -7.45
2.68 -5.56 -7.61
2.35 -5.52 -7.75
2.07 -5.48 -7.86
1.82 -5.45 -7.93
1.64 -5.4 -8.01
1.52 -5.35 -8.07
1.46 -5.29 -8.12
1.48 -5.21 -8.17
1.56 -5.13 -8.21
1.69 -5.04 -8.23
1.88 -4.95 -8.25
2.12 -4.85 -8.25
2.4 -4.74 -8.23
2.72 -4.63 -8.2
3.08 -4.5 -8.14
3.45 -4.37 -8.06
3.85 -4.23 -7.95
4.26 -4.09 -7.82
4.68 -3.94 -7.66
5.1 -3.78 -7.46
5.52 -3.6 -7.25
5.91 -3.44 -7.02
6.28 -3.26 -6.78
6.6 -3.08 -6.56
6.87 -2.91 -6.35
7.09 -2.73 -6.19
7.24 -2.6 -6.06
7.33 -2.52 -5.99
7.35 -2.47 -5.99
7.31 -2.45 -6.05
7.2 -2.45 -6.18
7.04 -2.46 -6.35
6.83 -2.49 -6.58
6.56 -2.53 -6.83
6.25 -2.57 -7.1
5.91 -2.61 -7.37
5.53 -2.64 -7.64
5.14 -2.67 -7.91
4.73 -2.69 -8.15
4.31 -2.7 -8.38
3.88 -2.71 -8.58
3.46 -2.72 -8.75
3.05 -2.73 -8.9
2.66 -2.77 -9.02
2.29 -2.77 -9.12
1.94 -2.76 -9.2
1.62 -2.76 -9.26
1.35 -2.74 -9.31
1.11 -2.71 -9.35
0.91 -2.67 -9.39
0.75 -2.63 -9.41
0.65 -2.57 -9.43
0.6 -2.51 -9.45
0.59 -2.44 -9.47
0.64 -2.36 -9.49
0.72 -2.26 -9.51
0.84 -2.16 -9.52
0.99 -2.04 -9.53
1.18 -1.9 -9.54
1.4 -1.75 -9.54
1.64 -1.58 -9.53
1.91 -1.4 -9.51
2.19 -1.2 -9.48
2.5 -1 -9.42
2.81 -0.78 -9.36
3.14 -0.55 -9.27
3.48 -0.31 -9.15
3.83 -0.07 -9.02
4.18 0.16 -8.86
4.52 0.41 -8.69
4.84 0.66 -8.49
5.15 0.91 -8.29
5.44 1.14 -8.07
5.7 1.35 -7.85
5.94 1.54 -7.64
6.14 1.69 -7.44
6.32 1.82 -7.26
6.47 1.92 -7.1
6.6 2 -6.96
6.7 2.06 -6.84
6.78 2.11 -6.75
6.84 2.15 -6.68
6.88 2.19 -6.62
6.91 2.22 -6.59
6.91 2.25 -6.57
6.91 2.27 -6.57
6.89 2.29 -6.58
6.87 2.3 -6.6
6.83 2.3 -6.63
6.8 2.3 -6.67
6.76 2.29 -6.71
6.73 2.27 -6.75
