0.18530273 0.47460938 -0.70062256 0.49951172
0.19158936 0.47143555 -0.6986084 0.5029907
0.19805908 0.4680786 -0.69641113 0.50665283
0.20489502 0.46447754 -0.69421387 0.5102539
0.21221924 0.46069336 -0.69195557 0.5137329
0.21990967 0.4567871 -0.6897583 0.5169678
0.22772217 0.4529419 -0.6876221 0.5197754
0.23553467 0.4494629 -0.68548584 0.5220947
0.24304199 0.4465332 -0.68341064 0.5239258
0.24993896 0.44433594 -0.6812744 0.5253296
0.25598145 0.442688 -0.6791992 0.52648926
0.2609253 0.44158936 -0.67736816 0.52734375
0.2645874 0.44085693 -0.6760254 0.52783203
0.26690674 0.44067383 -0.6751709 0.5279541
0.2668457 0.44207764 -0.675354 0.5265503
0.2644043 0.44348145 -0.67681885 0.52471924
0.2600708 0.44555664 -0.6791382 0.5220947
0.25354004 0.44830322 -0.68218994 0.5189209
0.24468994 0.45147705 -0.68640137 0.5149536
0.23352051 0.45489502 -0.69177246 0.5098877
0.22027588 0.45843506 -0.69836426 0.5036011
0.22027588 0.45843506 -0.69836426 0.5036011
0.20513916 0.46221924 -0.7056885 0.49627686
0.18829346 0.46618652 -0.713501 0.48791504
0.17016602 0.47027588 -0.7217407 0.47851562
0.1506958 0.47442627 -0.73010254 0.46820068
0.13024902 0.47857666 -0.73828125 0.4570923
0.109191895 0.48284912 -0.7462158 0.4451294
0.08782959 0.48724365 -0.7536011 0.432312
0.066589355 0.4918213 -0.760376 0.41888428
0.04559326 0.49645996 -0.76641846 0.4050293
0.025146484 0.50115967 -0.7717285 0.390625
0.0057373047 0.50598145 -0.7764282 0.37561035
0.012573242 -0.5109253 0.7803955 -0.36029053
0.02960205 -0.51605225 0.78338623 -0.3451538
0.045654297 -0.52130127 0.78515625 -0.33117676
0.05999756 -0.52648926 0.78619385 -0.31799316
0.07269287 -0.53125 0.786499 -0.30645752
0.08380127 -0.53570557 0.7859497 -0.2970581
0.09136963 -0.5401001 0.78552246 -0.28796387
0.096191406 -0.5440674 0.78466797 -0.28118896
0.097595215 -0.5477295 0.7838135 -0.27593994
0.095336914 -0.5512085 0.78289795 -0.27233887
0.09008789 -0.5543823 0.78186035 -0.27062988
0.082214355 -0.5571289 0.7807617 -0.27069092
0.071899414 -0.5593262 0.7796631 -0.27227783
0.0592041 -0.5609741 0.7785034 -0.27526855
0.04425049 -0.56207275 0.77716064 -0.27947998
0.02722168 -0.5626221 0.7756958 -0.284729
0.008483887 -0.5626221 0.7738037 -0.29077148
0.011413574 0.56243896 -0.77130127 0.2977295
0.032409668 0.5621948 -0.76794434 0.30517578
0.054138184 0.56207275 -0.7635498 0.31323242
0.076171875 0.5620117 -0.75805664 0.32196045
0.09899902 0.5617676 -0.75183105 0.33068848
0.12261963 0.56103516 -0.74505615 0.33929443
0.14465332 0.5606079 -0.7373657 0.34796143
0.16577148 0.56030273 -0.72943115 0.3557129
0.18566895 0.5600586 -0.7218628 0.36169434
0.20257568 0.56030273 -0.7142334 0.36724854
0.2185669 0.55981445 -0.70880127 0.36932373
0.22955322 0.5599365 -0.7041626 0.37139893
0.23583984 0.56066895 -0.7010498 0.37231445
0.237854 0.56188965 -0.6999512 0.37127686
0.23596191 0.5635376 -0.7008667 0.36810303
0.23059082 0.5656128 -0.70373535 0.362854
0.2220459 0.5680542 -0.7081909 0.35559082
0.2107544 0.5708008 -0.7139282 0.34655762
0.19708252 0.57373047 -0.72052 0.3359375
0.18157959 0.57666016 -0.72766113 0.32409668
0.16479492 0.5795288 -0.73498535 0.3110962
0.14727783 0.5822754 -0.74224854 0.2972412
0.12927246 0.58477783 -0.74920654 0.2828369
0.111206055 0.58709717 -0.75579834 0.2678833
0.09320068 0.58898926 -0.76190186 0.25286865
0.07531738 0.5905762 -0.767395 0.23797607
0.057617188 0.5917969 -0.77227783 0.22369385
0.04034424 0.59277344 -0.7764282 0.21026611
0.022949219 0.5936279 -0.77948 0.1987915
0.007446289 0.5942993 -0.78222656 0.18682861
0.0063476562 -0.5950928 0.7843628 -0.17510986
0.019226074 -0.59594727 0.78570557 -0.16473389
0.030273438 -0.59729004 0.7862549 -0.15509033
0.039123535 -0.598938 0.78637695 -0.14593506
0.04638672 -0.60095215 0.7858887 -0.13806152
0.051696777 -0.6034546 0.78479004 -0.13140869
0.054504395 -0.6067505 0.78302 -0.12561035
0.05529785 -0.6107178 0.7805786 -0.12109375
0.053894043 -0.61553955 0.7774048 -0.11779785
0.05041504 -0.62109375 0.7735596 -0.115356445
0.04498291 -0.6273804 0.76904297 -0.11376953
0.037719727 -0.6342163 0.763916 -0.113098145
0.028625488 -0.6414795 0.75823975 -0.11315918
0.01776123 -0.6491699 0.7518921 -0.11383057
0.0053710938 -0.6572876 0.744812 -0.115112305
0.008361816 0.6658325 -0.7368164 0.117004395
0.02319336 0.6746216 -0.72802734 0.119628906
0.039123535 0.6834717 -0.7184448 0.122924805
0.05609131 0.6921387 -0.708313 0.12677002
0.07397461 0.70043945 -0.6975708 0.13134766
0.0927124 0.70825195 -0.68634033 0.13677979
0.11212158 0.7154541 -0.6746216 0.14294434
0.13183594 0.722229 -0.66223145 0.14984131
0.15167236 0.7286377 -0.64904785 0.1574707
0.17163086 0.73443604 -0.635437 0.16540527
0.19158936 0.73950195 -0.62158203 0.17327881
0.21087646 0.7437134 -0.60791016 0.18127441
0.2288208 0.74694824 -0.59490967 0.18933105
0.24591064 0.74871826 -0.5831909 0.19702148
0.26116943 0.7498779 -0.5723877 0.20465088
0.27423096 0.7505493 -0.56256104 0.21209717
0.2854004 0.7508545 -0.553833 0.21911621
0.29467773 0.75097656 -0.5461426 0.2255249
0.3022461 0.7510376 -0.5396118 0.2312622
0.3081665 0.7510376 -0.5340576 0.23614502
0.31280518 0.75097656 -0.52960205 0.24017334
0.31652832 0.7508545 -0.5262451 0.24304199
0.31951904 0.7507324 -0.5238037 0.24481201
0.32183838 0.7506714 -0.52215576 0.2454834
0.32330322 0.75079346 -0.52111816 0.24536133
0.32403564 0.75115967 -0.52056885 0.24456787
0.32409668 0.7515869 -0.5204468 0.24328613
0.32354736 0.75213623 -0.52075195 0.24169922
0.3225708 0.75268555 -0.52142334 0.23986816
0.32110596 0.75323486 -0.5223999 0.23797607
0.3192749 0.7536621 -0.5237427 0.23608398
