48.25 9.5625 5.3125
48.5 8.75 5.0625
48.8125 7.9375 4.75
49.1875 7.1875 4.4375
49.5625 6.4375 4.1875
49.9375 5.75 3.8125
50.375 5.125 3.5
51.25 4 2.9375
51.625 3.5625 2.6875
52 3.25 2.5
52.3125 3.0625 2.3125
52.5625 3.0625 2.25
52.75 3.25 2.125
52.8125 3.625 2.125
52.75 4.25 2.0625
52.6875 5.125 2
52.5 6.1875 2
52.25 7.5625 2.0625
52 9.1875 2.125
51.625 11.125 2.125
51.125 13.3125 2.125
50.5625 15.8125 2.0625
49.9375 18.5 1.9375
49.25 21.375 1.6875
48.5625 24.375 1.4375
47.8125 27.5 1
47.125 30.625 0.5625
46.5 33.75 0
46 36.8125 -0.5625
45.5625 39.8125 -1.1875
45.1875 42.625 -1.8125
134.9375 45.25 -2.5
134.75 47.6875 -3.1875
134.875 49.625 -3.875
135 51.5 -4.5625
135.375 53.125 -5.125
135.8125 54.5 -5.375
136.5625 54.875 -5.25
137.375 55.25 -5.1875
138.5 54.75 -4.75
139.5625 54.1875 -4.375
140.9375 52.875 -3.6875
142.375 51.25 -3.0625
143.9375 49.3125 -2.375
145.5 47.3125 -1.8125
57.25 44.875 -1.3125
58.9375 42.3125 -1
60.5625 39.5625 -0.875
62.125 36.6875 -0.9375
63.5625 33.625 -1.0625
64.9375 30.5 -1.5625
66.1875 27.5625 -1.875
67.375 24.6875 -2.5
68.375 22.0625 -3.125
69.3125 19.6875 -3.5
70.0625 17.6875 -3.875
70.625 16.1875 -4.3125
70.875 15.1875 -4.6875
70.9375 14.875 -4.75
70.75 15.1875 -4.75
70.5 16.125 -4.6875
70.125 17.5625 -4.625
69.625 19.5 -4.625
69.0625 21.875 -4.625
68.5 24.5 -4.6875
67.875 27.5 -4.8125
67.3125 30.6875 -5.0625
66.75 34.0625 -5.375
66.3125 37.5 -5.8125
65.875 41.0625 -6.375
65.5625 44.6875 -6.9375
155.3125 48.25 -7.5625
155.1875 51.6875 -8.1875
155.125 55.0625 -8.75
154.75 58.25 -8.5625
154.9375 61.25 -9
155.25 63.9375 -9.375
155.6875 66.4375 -9.5625
156.3125 68.6875 -9.5
157 70.5625 -8.9375
157.9375 71.9375 -7.8125
159 72.8125 -6
160.25 73.1875 -3.625
161.875 72.9375 -0.875
163.625 72.125 1.9375
165.5625 70.75 4.625
167.625 68.875 6.9375
169.75 66.5 8.6875
171.8125 63.8125 9.9375
173.875 60.75 10.6875
175.9375 57.5 11.0625
178 54.0625 11.0625
179.9375 50.5 10.6875
181.75 46.9375 10.125
93.25 43.5625 9.5625
94.5625 40.3125 8.875
95.75 37.125 8.25
96.9375 34.0625 7.4375
98 31.25 7
98.9375 28.5625 6.625
99.875 26.1875 6.25
100.6875 24.0625 6
101.375 22.3125 5.875
101.875 20.875 5.75
102.3125 19.8125 5.625
102.5 19.125 5.5625
102.625 18.75 5.5625
102.625 18.5625 5.625
102.5 18.625 5.8125
