1.5 0.86 9.65
1.36 0.81 9.67
1.23 0.76 9.69
1.1 0.71 9.71
0.98 0.65 9.73
0.87 0.6 9.74
0.77 0.55 9.75
0.61 0.46 9.77
0.56 0.42 9.78
0.53 0.4 9.78
0.53 0.38 9.78
0.56 0.37 9.78
0.62 0.36 9.77
0.73 0.35 9.77
0.87 0.34 9.76
1.06 0.34 9.74
1.29 0.35 9.71
1.57 0.35 9.67
1.89 0.36 9.61
2.26 0.35 9.53
2.67 0.34 9.42
3.11 0.31 9.29
3.57 0.27 9.12
4.05 0.22 8.92
4.53 0.16 8.69
5 0.08 8.43
5.45 0 8.14
5.88 -0.08 7.84
6.28 -0.15 7.52
6.64 -0.23 7.2
6.97 -0.3 6.89
7.25 -0.36 6.58
7.47 -0.42 6.33
7.67 -0.48 6.08
7.84 -0.52 5.85
7.98 -0.53 5.66
8.02 -0.52 5.61
8.06 -0.5 5.56
8 -0.47 5.63
7.95 -0.43 5.71
7.82 -0.38 5.89
7.64 -0.32 6.12
7.43 -0.26 6.38
7.21 -0.21 6.64
6.92 -0.16 6.94
6.6 -0.12 7.24
6.24 -0.11 7.55
5.86 -0.12 7.86
5.43 -0.15 8.15
4.98 -0.23 8.44
4.53 -0.29 8.68
4.1 -0.39 8.89
3.68 -0.49 9.07
3.3 -0.56 9.21
2.98 -0.64 9.31
2.73 -0.71 9.39
2.57 -0.77 9.43
2.51 -0.79 9.44
2.57 -0.78 9.43
2.72 -0.77 9.38
2.96 -0.76 9.31
3.28 -0.74 9.21
3.65 -0.73 9.06
4.07 -0.73 8.88
4.52 -0.73 8.66
5 -0.75 8.39
5.49 -0.76 8.08
5.97 -0.79 7.73
6.44 -0.82 7.34
6.89 -0.84 6.91
7.31 -0.86 6.46
7.7 -0.87 6
8.04 -0.85 5.54
8.34 -0.77 5.09
8.59 -0.74 4.65
8.81 -0.7 4.24
8.99 -0.65 3.86
9.13 -0.58 3.51
9.25 -0.5 3.21
9.32 -0.41 3
9.37 -0.3 2.87
9.38 -0.18 2.82
9.37 -0.04 2.86
9.33 0.1 3
9.26 0.26 3.21
9.15 0.42 3.5
8.99 0.59 3.85
8.8 0.74 4.26
8.55 0.89 4.7
8.27 1.01 5.16
7.94 1.1 5.64
7.57 1.16 6.12
7.17 1.17 6.58
6.76 1.18 7
6.34 1.16 7.38
5.92 1.12 7.73
5.49 1.05 8.05
5.08 1.02 8.32
4.69 0.99 8.55
4.33 0.95 8.74
4 0.94 8.9
3.72 0.93 9.02
3.49 0.92 9.11
3.33 0.9 9.17
3.21 0.9 9.21
3.15 0.9 9.24
3.12 0.91 9.24
3.13 0.94 9.24
3.16 0.98 9.22
