0.90844727 0.00793457 -0.09539795 -0.4069214
0.90802 0.008666992 -0.088134766 -0.40942383
0.9074707 0.009033203 -0.08081055 -0.4121704
0.9067383 0.009216309 -0.0736084 -0.4151001
0.90582275 0.009277344 -0.06665039 -0.41827393
0.9046631 0.009155273 -0.060058594 -0.4216919
0.9034424 0.008850098 -0.053771973 -0.42529297
0.9006958 0.008117676 -0.04309082 -0.43218994
0.89941406 0.0078125 -0.038879395 -0.43530273
0.89819336 0.007019043 -0.035461426 -0.43811035
0.8970337 0.0064697266 -0.0335083 -0.4406128
0.8960571 0.0056152344 -0.03302002 -0.44262695
0.8953247 0.004272461 -0.034179688 -0.44403076
0.8949585 0.002319336 -0.036987305 -0.44458008
0.89489746 -0.00048828125 -0.041625977 -0.44433594
0.89508057 -0.004211426 -0.047973633 -0.44335938
0.8955078 -0.012939453 -0.06732178 -0.4397583
0.8955078 -0.012939453 -0.06732178 -0.4397583
0.8956299 -0.018798828 -0.0803833 -0.4371338
0.8956909 -0.0256958 -0.09564209 -0.43347168
0.8956299 -0.03363037 -0.112976074 -0.428833
0.8953247 -0.042785645 -0.13201904 -0.4232788
0.89453125 -0.052978516 -0.15270996 -0.41674805
0.8930664 -0.06427002 -0.17468262 -0.40960693
0.89086914 -0.07623291 -0.19763184 -0.40185547
0.8878174 -0.08880615 -0.22094727 -0.39385986
0.8838501 -0.101623535 -0.2442627 -0.38580322
0.8789673 -0.114746094 -0.26715088 -0.37805176
0.87316895 -0.12768555 -0.28930664 -0.3708496
0.86676025 -0.13983154 -0.31072998 -0.36413574
0.8598633 -0.15148926 -0.33093262 -0.35803223
0.85266113 -0.16265869 -0.3494873 -0.35266113
0.8453369 -0.17321777 -0.366333 -0.34820557
0.83843994 -0.18273926 -0.3788452 -0.34655762
0.83135986 -0.19213867 -0.39123535 -0.34484863
0.8245239 -0.20037842 -0.40148926 -0.34472656
0.81811523 -0.20678711 -0.41015625 -0.34594727
0.81433105 -0.21008301 -0.41174316 -0.3508911
0.8105469 -0.2133789 -0.41333008 -0.355896
0.809021 -0.21380615 -0.40844727 -0.364563
0.8074951 -0.21417236 -0.40350342 -0.37322998
0.80792236 -0.21154785 -0.39300537 -0.38482666
0.8087158 -0.20776367 -0.38006592 -0.39788818
0.8096924 -0.20281982 -0.3649292 -0.41241455
0.8102417 -0.1977539 -0.34973145 -0.4267578
0.81103516 -0.190979 -0.33117676 -0.44281006
0.8117676 -0.18377686 -0.31097412 -0.4588623
0.81243896 -0.1762085 -0.2892456 -0.47460938
0.81292725 -0.16845703 -0.26605225 -0.48986816
0.81347656 -0.15960693 -0.24194336 -0.5042114
0.81359863 -0.15179443 -0.2154541 -0.5181885
0.81347656 -0.14300537 -0.19122314 -0.5303345
0.81256104 -0.13586426 -0.16674805 -0.541687
0.81140137 -0.12902832 -0.14385986 -0.55163574
0.80999756 -0.12158203 -0.12414551 -0.5600586
0.8085327 -0.115600586 -0.107177734 -0.56695557
0.807312 -0.11151123 -0.09362793 -0.5718994
0.80670166 -0.109436035 -0.08465576 -0.5745239
0.80682373 -0.10839844 -0.08190918 -0.5749512
0.807251 -0.10974121 -0.08441162 -0.57373047
0.8078003 -0.11376953 -0.091552734 -0.57110596
0.8081665 -0.12030029 -0.10272217 -0.5673218
0.8082886 -0.12890625 -0.11730957 -0.56243896
0.80792236 -0.1394043 -0.13470459 -0.55651855
0.80688477 -0.15142822 -0.15435791 -0.5496826
0.80493164 -0.16503906 -0.17572021 -0.5422363
0.8017578 -0.17999268 -0.1984253 -0.5342407
0.7973633 -0.19573975 -0.22216797 -0.5258789
0.791687 -0.21209717 -0.24633789 -0.51727295
0.7845459 -0.22894287 -0.27069092 -0.508667
0.7761841 -0.24572754 -0.29486084 -0.5001831
0.76672363 -0.2619629 -0.31866455 -0.49194336
0.7564087 -0.2772827 -0.3416748 -0.48394775
0.74560547 -0.29107666 -0.3638916 -0.4763794
0.73602295 -0.2994995 -0.38775635 -0.4671631
0.72442627 -0.3112793 -0.40698242 -0.46118164
0.71258545 -0.3222046 -0.4241333 -0.45666504
0.7010498 -0.331604 -0.4395752 -0.453125
0.68981934 -0.33972168 -0.4533081 -0.45080566
0.67926025 -0.34625244 -0.46496582 -0.4500122
0.670105 -0.3505249 -0.47320557 -0.45184326
0.6625366 -0.35253906 -0.4788208 -0.4555664
0.65618896 -0.3527832 -0.4810791 -0.46209717
0.65075684 -0.35150146 -0.47979736 -0.47198486
0.6467285 -0.34796143 -0.4753418 -0.48449707
0.6437988 -0.34228516 -0.46801758 -0.49938965
0.64178467 -0.33447266 -0.45776367 -0.51641846
0.6405029 -0.32458496 -0.4449463 -0.53515625
0.63983154 -0.31304932 -0.42974854 -0.55493164
0.63952637 -0.29992676 -0.4126587 -0.5751343
0.6390991 -0.2859497 -0.39343262 -0.5958252
0.63842773 -0.27130127 -0.37249756 -0.6165161
0.63739014 -0.25646973 -0.3494873 -0.6370239
0.6364136 -0.24133301 -0.32562256 -0.65625
0.63568115 -0.22613525 -0.30303955 -0.67303467
0.63494873 -0.21105957 -0.28076172 -0.6880493
0.6341553 -0.1963501 -0.25897217 -0.7015991
0.6325073 -0.1828003 -0.23687744 -0.71447754
0.63067627 -0.16815186 -0.21795654 -0.72558594
0.62841797 -0.15411377 -0.20074463 -0.7355957
0.6256714 -0.14147949 -0.18457031 -0.7445679
0.62298584 -0.12963867 -0.17114258 -0.75219727
0.62054443 -0.119140625 -0.16040039 -0.75823975
0.6185303 -0.110961914 -0.15161133 -0.76293945
0.6170044 -0.10498047 -0.1449585 -0.7662964
0.61608887 -0.10083008 -0.140625 -0.7684326
0.6157837 -0.09820557 -0.13842773 -0.7694092
0.6159668 -0.09674072 -0.1381836 -0.76953125
0.61657715 -0.0960083 -0.1395874 -0.76885986
