92.5625 30.75 66.125
92.4375 30.8125 66.0625
92.3125 30.875 65.9375
92.1875 31 65.8125
92.125 31.0625 65.6875
92.125 31.1875 65.5
92.0625 31.25 65.375
92 31.375 65.25
92 31.4375 65.1875
92 31.5625 65.0625
92 31.6875 65
91.9375 31.8125 64.875
91.9375 31.875 64.8125
91.9375 32 64.6875
91.9375 32.1875 65.1875
91.9375 32.3125 65.125
91.9375 32.375 65
91.9375 32.5 64.9375
91.875 32.5625 64.8125
91.8125 32.625 64.8125
91.75 32.6875 64.75
91.6875 32.75 64.6875
91.625 32.8125 64.625
91.625 32.875 64.5
91.625 32.875 64.4375
91.625 32.9375 64.3125
91.625 32.9375 64.25
91.625 33 64.1875
91.625 33 64.125
91.625 33.0625 64.0625
91.625 33.0625 63.9375
91.6875 33.1875 64.4375
91.6875 33.25 64.375
91.6875 33.25 64.3125
91.6875 33.25 64.25
91.6875 33.25 64.1875
91.75 33.25 64.125
91.75 33.1875 64.0625
91.8125 33.125 64
91.9375 33.0625 63.9375
92.0625 32.9375 63.875
92.1875 32.8125 63.8125
92.375 32.625 63.75
92.5625 32.375 63.6875
92.8125 32.125 63.625
93.0625 31.8125 63.625
93.375 31.4375 63.625
93.6875 31 63.6875
94 30.5625 63.6875
94.375 30.0625 63.75
94.8125 29.5 63.8125
95.25 28.9375 63.875
95.75 28.3125 64
96.375 27.625 64.125
97 26.9375 64.25
97.625 26.1875 64.375
98.375 25.375 64.5625
99.1875 24.5 64.6875
100 23.5 64.875
100.9375 22.5 65
101.875 21.375 65.1875
102.875 20.25 65.375
103.9375 19 65.5625
105 17.75 65.75
106.125 16.4375 65.9375
107.25 15.125 66.0625
108.4375 13.6875 66.1875
109.625 12.25 66.1875
110.875 10.8125 66.0625
112.0625 9.3125 65.875
113.3125 7.75 65.6875
114.5625 6.25 65.5
115.875 4.6875 65.375
117.1875 3.1875 65.1875
118.5 1.75 65.0625
119.75 0.375 64.9375
121 -0.8125 64.8125
122.1875 -2.0625 64.6875
123.375 -3.25 64.5625
124.5 -4.375 64.375
125.625 -5.4375 64.25
126.75 -6.5 64.125
127.875 -7.5625 64
128.9375 -8.5 63.8125
130 -9.4375 63.625
130.875 -10.25 63.5
131.75 -11 63.375
132.4375 -11.6875 63.25
133.0625 -12.25 63.125
133.5625 -12.75 63
134 -13.1875 62.8125
134.375 -13.5625 62.75
134.625 -13.875 62.625
134.8125 -14.125 62.5
134.9375 -14.375 62.375
135.0625 -14.5625 62.25
135.125 -14.75 62.125
135.125 -14.8125 62
135.1875 -14.875 61.9375
135.1875 -14.875 61.8125
135.1875 -14.875 61.6875
135.1875 -14.8125 61.5625
135.125 -14.75 61.4375
135.0625 -14.6875 61.25
135.0625 -14.5625 61.125
135 -14.4375 60.9375
135 -14.3125 60.75
135 -14.25 60.5625
135.0625 -14.125 60.375
135.125 -14 60.1875
135.1875 -13.9375 59.9375
135.375 -13.6875 59.5
135.375 -13.6875 59.5
135.5 -13.625 59.25
135.6875 -13.5 59
135.8125 -13.375 58.8125
136.0625 -13.3125 58.5
136.375 -13.1875 58.25
136.6875 -13.125 57.9375
137 -13 57.625
137.375 -12.875 57.375
137.75 -12.75 57.0625
138.125 -12.625 56.8125
138.5 -12.4375 56.5625
138.9375 -12.3125 56.3125
139.375 -12.125 56
139.8125 -11.875 55.6875
140.25 -11.6875 55.3125
140.75 -11.4375 55
141.25 -11.1875 54.625
141.75 -10.9375 54.3125
142.3125 -10.625 54
142.8125 -10.375 53.625
143.375 -10.125 53.3125
143.9375 -9.8125 52.9375
144.4375 -9.5 52.625
144.9375 -9.1875 52.25
145.375 -8.875 51.9375
145.75 -8.5 51.625
146.125 -8.1875 51.3125
146.4375 -7.8125 50.9375
146.75 -7.5 50.625
147.0625 -7.1875 50.375
147.375 -6.875 50.0625
147.625 -6.625 49.8125
147.875 -6.25 49.5625
148.0625 -5.9375 49.3125
148.1875 -5.625 49.0625
148.3125 -5.3125 48.875
148.5 -5 48.625
148.625 -4.6875 48.5
148.6875 -4.375 48.3125
148.75 -4.125 48.1875
148.8125 -3.875 48.125
148.8125 -3.625 48
148.875 -3.4375 47.9375
148.875 -3.25 47.875
148.875 -3.125 47.8125
148.875 -3 47.75
148.9375 -2.9375 47.6875
148.9375 -2.9375 47.625
148.9375 -2.9375 47.5625
148.9375 -2.9375 47.5625
148.9375 -3 47.5
148.875 -3.0625 47.5
148.875 -3.125 47.5
