5.02 7.69 3.41
5.04 7.68 3.42
5.05 7.66 3.43
5.06 7.65 3.45
5.07 7.63 3.47
5.09 7.61 3.48
5.1 7.6 3.49
5.12 7.59 3.5
5.13 7.57 3.51
5.15 7.56 3.52
5.16 7.54 3.53
5.18 7.53 3.54
5.2 7.51 3.54
5.22 7.53 3.47
5.24 7.51 3.48
5.25 7.5 3.49
5.27 7.49 3.5
5.28 7.47 3.5
5.29 7.47 3.51
5.3 7.46 3.51
5.31 7.45 3.51
5.32 7.44 3.52
5.32 7.43 3.53
5.32 7.42 3.55
5.33 7.41 3.56
5.33 7.41 3.57
5.34 7.4 3.57
5.34 7.39 3.58
5.35 7.39 3.59
5.35 7.38 3.6
5.37 7.4 3.53
5.37 7.39 3.54
5.38 7.38 3.55
5.38 7.38 3.56
5.38 7.38 3.56
5.37 7.37 3.57
5.37 7.37 3.58
5.36 7.37 3.59
5.35 7.38 3.61
5.33 7.38 3.62
5.31 7.39 3.63
5.29 7.4 3.65
5.25 7.42 3.66
5.21 7.44 3.68
5.17 7.46 3.69
5.12 7.49 3.7
5.05 7.53 3.72
4.99 7.57 3.73
4.91 7.61 3.74
4.83 7.65 3.76
4.74 7.7 3.77
4.65 7.76 3.78
4.55 7.81 3.78
4.44 7.87 3.79
4.33 7.93 3.8
4.2 8 3.8
4.06 8.07 3.8
3.91 8.14 3.81
3.75 8.21 3.82
3.58 8.28 3.82
3.39 8.36 3.83
3.19 8.44 3.83
2.99 8.51 3.82
2.78 8.58 3.82
2.56 8.65 3.83
2.32 8.71 3.84
2.09 8.76 3.86
1.84 8.8 3.9
1.58 8.83 3.94
1.33 8.85 3.99
1.06 8.87 4.03
0.8 8.88 4.06
0.55 8.89 4.09
0.3 8.88 4.12
0.07 8.88 4.14
-0.14 8.87 4.16
-0.35 8.86 4.18
-0.55 8.84 4.2
-0.75 8.81 4.22
-0.93 8.79 4.23
-1.11 8.76 4.25
-1.29 8.73 4.25
-1.45 8.7 4.27
-1.61 8.67 4.28
-1.75 8.63 4.3
-1.87 8.6 4.3
-1.98 8.57 4.31
-2.08 8.54 4.33
-2.17 8.52 4.34
-2.24 8.49 4.35
-2.3 8.47 4.36
-2.35 8.45 4.37
-2.4 8.43 4.38
-2.43 8.41 4.39
-2.47 8.4 4.41
-2.49 8.38 4.42
-2.51 8.37 4.44
-2.52 8.36 4.45
-2.52 8.35 4.47
-2.52 8.34 4.48
-2.51 8.33 4.5
-2.5 8.32 4.53
-2.48 8.32 4.55
-2.47 8.31 4.58
-2.45 8.3 4.61
-2.43 8.29 4.63
-2.41 8.27 4.66
-2.39 8.26 4.69
-2.38 8.25 4.72
-2.36 8.24 4.76
-2.34 8.22 4.79
-2.32 8.2 4.83
-2.31 8.19 4.86
-2.29 8.17 4.9
-2.27 8.16 4.93
-2.26 8.14 4.98
-2.24 8.11 5.02
-2.22 8.09 5.06
-2.21 8.07 5.1
-2.19 8.05 5.15
-2.17 8.03 5.19
-2.14 8.01 5.23
-2.12 7.99 5.26
-2.09 7.97 5.31
-2.06 7.95 5.35
-2.02 7.92 5.4
-1.98 7.89 5.46
-1.94 7.87 5.51
-1.9 7.84 5.56
-1.86 7.82 5.61
-1.81 7.79 5.66
-1.77 7.77 5.71
-1.72 7.74 5.76
-1.67 7.71 5.81
-1.62 7.68 5.86
-1.57 7.65 5.91
-1.51 7.63 5.96
-1.45 7.6 6.01
-1.39 7.57 6.06
-1.34 7.54 6.11
-1.28 7.52 6.16
-1.23 7.49 6.2
-1.18 7.46 6.24
-1.13 7.44 6.28
-1.07 7.41 6.32
-1.02 7.39 6.35
-0.96 7.37 6.39
-0.9 7.35 6.42
-0.85 7.33 6.44
-0.8 7.32 6.47
-0.75 7.3 6.49
-0.7 7.29 6.51
-0.66 7.28 6.52
-0.62 7.27 6.54
-0.59 7.26 6.55
-0.56 7.26 6.56
-0.54 7.25 6.57
-0.52 7.24 6.58
-0.51 7.24 6.59
-0.5 7.23 6.59
-0.5 7.23 6.6
-0.5 7.22 6.6
-0.51 7.22 6.6
-0.52 7.22 6.61
-0.53 7.22 6.61
-0.55 7.21 6.61
-0.57 7.21 6.61
-0.59 7.2 6.62
-0.61 7.2 6.62
-0.63 7.19 6.63
-0.65 7.18 6.64
-0.68 7.17 6.64
-0.7 7.16 6.65
-0.72 7.15 6.66
-0.73 7.14 6.67
-0.74 7.13 6.68
