0.56695557 0.105529785 -0.5615845 -0.5933838
0.56799316 0.10510254 -0.5610962 -0.5928955
0.56884766 0.10461426 -0.56073 -0.59246826
0.5696411 0.103881836 -0.56030273 -0.59228516
0.5703125 0.1027832 -0.5596924 -0.5924072
0.5709839 0.101623535 -0.559021 -0.59259033
0.57147217 0.10046387 -0.5586548 -0.59265137
0.5718994 0.0993042 -0.5583496 -0.5927124
0.5722046 0.09802246 -0.5581665 -0.5928345
0.57244873 0.09680176 -0.5579834 -0.59295654
0.5726929 0.09552002 -0.5578003 -0.5930786
0.572937 0.09429932 -0.5576782 -0.5932007
0.57318115 0.09301758 -0.55755615 -0.5932617
0.5734253 0.09173584 -0.5574341 -0.5933838
0.57177734 0.09124756 -0.560791 -0.5918579
0.5720215 0.08996582 -0.5605469 -0.592041
0.5722656 0.08868408 -0.56030273 -0.5922241
0.57250977 0.08770752 -0.56018066 -0.5922241
0.5727539 0.08673096 -0.55999756 -0.59228516
0.5731201 0.08618164 -0.55999756 -0.59198
0.57354736 0.085632324 -0.5599365 -0.59173584
0.57403564 0.08520508 -0.5596924 -0.59155273
0.5745239 0.0847168 -0.5593872 -0.5914917
0.5748291 0.08416748 -0.559021 -0.59161377
0.57507324 0.08355713 -0.55859375 -0.5918579
0.57525635 0.08300781 -0.5581665 -0.5921631
0.5753784 0.082458496 -0.5578003 -0.5924072
0.5755615 0.081848145 -0.55755615 -0.59265137
0.5756836 0.08135986 -0.557251 -0.59277344
0.5758667 0.08074951 -0.5569458 -0.5930176
0.57611084 0.08026123 -0.5566406 -0.5932007
0.5744629 0.080322266 -0.55981445 -0.59173584
0.574646 0.079833984 -0.55944824 -0.59198
0.57476807 0.07940674 -0.55908203 -0.5922241
0.57489014 0.07904053 -0.55877686 -0.5925293
0.5749512 0.07885742 -0.55841064 -0.59277344
0.5750122 0.07873535 -0.55804443 -0.5930786
0.57507324 0.07873535 -0.5576172 -0.5934448
0.5750122 0.07879639 -0.5570679 -0.59399414
0.57476807 0.07897949 -0.55651855 -0.59472656
0.57440186 0.07928467 -0.5559082 -0.59558105
0.5739746 0.07977295 -0.5552368 -0.59661865
0.57336426 0.080566406 -0.55444336 -0.5977783
0.57263184 0.081604004 -0.55358887 -0.5991821
0.5717163 0.08300781 -0.55267334 -0.600708
0.5706177 0.08477783 -0.5516968 -0.60235596
0.569397 0.0869751 -0.5507202 -0.60406494
0.5680542 0.089660645 -0.54974365 -0.605896
0.5665283 0.09265137 -0.548584 -0.60791016
0.5647583 0.0960083 -0.5474243 -0.6100464
0.5628052 0.09954834 -0.5462036 -0.6123657
0.5605469 0.103271484 -0.5449829 -0.61486816
0.5579834 0.107177734 -0.54382324 -0.61761475
0.5550537 0.111206055 -0.54260254 -0.62054443
0.5482178 0.12005615 -0.54016113 -0.62713623
0.5482178 0.12005615 -0.54016113 -0.62713623
0.5442505 0.12512207 -0.5388794 -0.63067627
0.539978 0.1305542 -0.53741455 -0.63446045
0.5354004 0.13635254 -0.53564453 -0.6385498
0.5305176 0.14251709 -0.5336914 -0.6430054
0.5252075 0.14916992 -0.53149414 -0.647583
0.51953125 0.15625 -0.5292969 -0.6522827
0.51348877 0.16381836 -0.52716064 -0.6569824
0.5073242 0.17163086 -0.5247803 -0.6616821
0.50097656 0.17962646 -0.5220337 -0.6665039
0.4944458 0.1876831 -0.5189209 -0.6715698
0.48095703 0.20404053 -0.51116943 -0.6824951
0.48095703 0.20404053 -0.51116943 -0.6824951
0.47424316 0.21203613 -0.50598145 -0.6885376
0.4675293 0.22003174 -0.5003662 -0.69470215
0.46069336 0.22814941 -0.49438477 -0.70092773
0.45367432 0.23626709 -0.4883423 -0.70703125
0.4463501 0.2442627 -0.48254395 -0.71295166
0.43865967 0.25183105 -0.47705078 -0.71875
0.4309082 0.2588501 -0.4716797 -0.72442627
0.42315674 0.26550293 -0.46679688 -0.7297363
0.41552734 0.27166748 -0.4623413 -0.7346802
0.40802002 0.27734375 -0.45788574 -0.739563
0.4006958 0.28259277 -0.45361328 -0.74420166
0.3935547 0.2874756 -0.4494629 -0.7485962
0.38641357 0.2921753 -0.4454956 -0.75286865
0.3791504 0.29675293 -0.4418335 -0.756958
0.37182617 0.3010254 -0.4383545 -0.76086426
0.36486816 0.30480957 -0.43493652 -0.7647095
0.35827637 0.30822754 -0.43164062 -0.7683716
0.35217285 0.31134033 -0.4286499 -0.7715454
0.3466797 0.31433105 -0.4260254 -0.774292
0.34197998 0.31695557 -0.42340088 -0.7767334
0.33789062 0.31933594 -0.42095947 -0.7788696
0.33447266 0.32141113 -0.4187622 -0.7807007
0.33166504 0.32318115 -0.416687 -0.7822876
0.32940674 0.324646 -0.41485596 -0.78356934
0.3277588 0.32592773 -0.41326904 -0.7845459
0.3265381 0.3270874 -0.41168213 -0.7854614
0.32580566 0.328125 -0.41003418 -0.78619385
0.32537842 0.32904053 -0.40838623 -0.7868042
0.32513428 0.32965088 -0.40686035 -0.7874756
0.3250122 0.33007812 -0.40563965 -0.78796387
0.3250122 0.33013916 -0.40472412 -0.78845215
0.32513428 0.32983398 -0.4039917 -0.7888794
0.32531738 0.32928467 -0.4033203 -0.7893677
0.32562256 0.32843018 -0.40270996 -0.78985596
0.3260498 0.3274536 -0.40216064 -0.7904053
0.32666016 0.3262329 -0.40161133 -0.79089355
0.3272705 0.32489014 -0.40100098 -0.79156494
0.32781982 0.3234253 -0.40039062 -0.7922363
0.328125 0.3218994 -0.39978027 -0.7930298
0.32836914 0.32037354 -0.399292 -0.79382324
0.3284912 0.3187256 -0.39874268 -0.79467773
0.3284912 0.31695557 -0.39813232 -0.7956543
0.3284912 0.3151245 -0.39746094 -0.7967529
0.3279419 0.31103516 -0.39605713 -0.7993164
0.32733154 0.3088379 -0.39556885 -0.8006592
0.32733154 0.3088379 -0.39556885 -0.8006592
0.32659912 0.3065796 -0.39508057 -0.802063
0.3256836 0.30426025 -0.39440918 -0.80358887
0.32458496 0.3017578 -0.3937378 -0.8053589
0.32305908 0.29907227 -0.39300537 -0.807251
0.32128906 0.2962036 -0.39239502 -0.8093262
0.3192749 0.29309082 -0.3918457 -0.81152344
0.31707764 0.28985596 -0.3914795 -0.8137207
0.3147583 0.2866211 -0.3912964 -0.81585693
0.31243896 0.28326416 -0.39123535 -0.8179321
0.31018066 0.2798462 -0.39117432 -0.8200073
0.3078003 0.27612305 -0.3909912 -0.8222656
0.30523682 0.27215576 -0.3908081 -0.824646
0.30249023 0.26782227 -0.39056396 -0.82714844
0.29956055 0.26312256 -0.39031982 -0.829834
0.2965088 0.25823975 -0.39019775 -0.83258057
0.29327393 0.2532959 -0.3902588 -0.83514404
0.2901001 0.24835205 -0.3902588 -0.83776855
0.28674316 0.24334717 -0.39013672 -0.8404541
0.2833252 0.23822021 -0.38983154 -0.8432007
0.27978516 0.23297119 -0.38952637 -0.8460083
0.27624512 0.22753906 -0.38928223 -0.8487549
0.27282715 0.22210693 -0.38909912 -0.8513794
0.26965332 0.21673584 -0.38897705 -0.8538208
0.26672363 0.21136475 -0.3887329 -0.8562012
0.26416016 0.20611572 -0.3883667 -0.8584595
0.26190186 0.20092773 -0.38781738 -0.8605957
0.25976562 0.19586182 -0.387146 -0.86273193
0.25775146 0.19110107 -0.3864746 -0.86468506
0.2557373 0.18658447 -0.3859253 -0.8665161
0.2538452 0.18218994 -0.38531494 -0.86828613
0.25213623 0.17785645 -0.3847046 -0.8699341
0.25079346 0.17352295 -0.38415527 -0.8713989
0.24969482 0.16937256 -0.383667 -0.87280273
0.2487793 0.1652832 -0.3831787 -0.87402344
0.2479248 0.16143799 -0.38275146 -0.8751831
0.24707031 0.15771484 -0.38250732 -0.8762207
0.24627686 0.15411377 -0.38232422 -0.87719727
0.2456665 0.15075684 -0.38220215 -0.8779297
0.24523926 0.14776611 -0.3821411 -0.8786011
0.24505615 0.14508057 -0.3821411 -0.8791504
0.24499512 0.1427002 -0.38208008 -0.87957764
0.24493408 0.14068604 -0.38201904 -0.87994385
0.24493408 0.13897705 -0.38201904 -0.880188
0.24493408 0.1375122 -0.38189697 -0.88049316
0.24487305 0.13641357 -0.3817749 -0.8807373
0.24475098 0.13562012 -0.38153076 -0.88098145
0.24468994 0.13513184 -0.3812256 -0.8812256
0.2446289 0.13494873 -0.3809204 -0.8814087
0.2446289 0.1350708 -0.38061523 -0.8814697
0.24487305 0.13549805 -0.3803711 -0.8814697
0.24517822 0.13604736 -0.38000488 -0.8814697
0.2454834 0.13684082 -0.37957764 -0.8814697
0.24572754 0.13769531 -0.37902832 -0.8814697
0.24578857 0.13867188 -0.378479 -0.88153076
0.24578857 0.13964844 -0.37780762 -0.88165283
0.24572754 0.140625 -0.37713623 -0.88183594
0.24560547 0.14160156 -0.37634277 -0.88201904
0.24542236 0.14257812 -0.37548828 -0.8822632
0.24523926 0.14343262 -0.37469482 -0.88256836
0.24499512 0.14428711 -0.37390137 -0.8828125
0.24475098 0.1449585 -0.37304688 -0.8831177
0.24450684 0.14550781 -0.37225342 -0.88342285
0.2442627 0.14587402 -0.371521 -0.883728
0.24401855 0.14605713 -0.3708496 -0.8840332
0.24389648 0.1459961 -0.3703003 -0.8843384
0.24377441 0.14562988 -0.369812 -0.88464355
0.24371338 0.14489746 -0.3694458 -0.88494873
0.24365234 0.1439209 -0.3690796 -0.8852539
0.24371338 0.1427002 -0.36871338 -0.8856201
0.24383545 0.14129639 -0.36834717 -0.8859253
0.24395752 0.13983154 -0.36798096 -0.8862915
0.24414062 0.13830566 -0.36761475 -0.8866577
