0.6882324 -0.22521973 0.26843262 -0.6352539
0.6850586 -0.22039795 0.2720337 -0.638855
0.68182373 -0.2164917 0.2748413 -0.642395
0.678833 -0.21331787 0.27703857 -0.6456909
0.67596436 -0.2111206 0.27868652 -0.64868164
0.67370605 -0.20922852 0.27905273 -0.6515503
0.67181396 -0.20837402 0.2788086 -0.6538696
0.6702881 -0.2088623 0.27825928 -0.65545654
0.6690674 -0.21081543 0.2774048 -0.6564331
0.66796875 -0.21429443 0.27581787 -0.6571045
0.6671753 -0.21911621 0.2730713 -0.6574707
0.66711426 -0.22509766 0.2687378 -0.65734863
0.6682129 -0.23205566 0.26330566 -0.65600586
0.67077637 -0.23999023 0.25701904 -0.6529541
0.6748047 -0.24865723 0.25 -0.6482544
0.68011475 -0.25756836 0.24224854 -0.6422119
0.68621826 -0.2668457 0.23394775 -0.63494873
0.69262695 -0.2769165 0.2253418 -0.626709
0.6993408 -0.28741455 0.21612549 -0.6177368
0.7058716 -0.2991333 0.20666504 -0.60791016
0.71221924 -0.31201172 0.19677734 -0.597229
0.7185669 -0.3258667 0.18658447 -0.5853882
0.7250366 -0.3404541 0.1762085 -0.5722046
0.7316284 -0.35583496 0.16564941 -0.55737305
0.7381592 -0.37194824 0.15490723 -0.5410156
0.74450684 -0.38867188 0.14379883 -0.5234375
0.7503662 -0.40570068 0.1326294 -0.5046997
0.75598145 -0.42248535 0.121276855 -0.4850464
0.7612915 -0.43865967 0.11004639 -0.46472168
0.7661133 -0.45404053 0.09899902 -0.44403076
0.7702637 -0.46875 0.08831787 -0.4232788
0.77368164 -0.48291016 0.07763672 -0.402771
0.7763672 -0.49621582 0.0670166 -0.3828125
0.7784424 -0.5083618 0.05706787 -0.36376953
0.78009033 -0.519104 0.04827881 -0.3458252
0.78027344 -0.53009033 0.04168701 -0.32928467
0.77941895 -0.54034424 0.036865234 -0.31488037
0.77789307 -0.5494995 0.033569336 -0.30303955
0.7763672 -0.5565796 0.031188965 -0.29406738
0.774292 -0.56256104 0.030151367 -0.288208
0.7720337 -0.5671387 0.030456543 -0.28527832
0.77001953 -0.5697632 0.03161621 -0.28546143
0.7682495 -0.57025146 0.033447266 -0.2888794
0.76586914 -0.5700073 0.036071777 -0.29534912
0.76239014 -0.5697632 0.039794922 -0.30426025
0.7579956 -0.56915283 0.043823242 -0.31555176
0.7528076 -0.56817627 0.047546387 -0.32885742
0.7472534 -0.5663452 0.05041504 -0.34399414
0.74102783 -0.56396484 0.052368164 -0.3605957
0.73394775 -0.56140137 0.053955078 -0.378479
0.7261963 -0.55822754 0.055480957 -0.3973999
0.7182007 -0.5539551 0.05718994 -0.41729736
0.710022 -0.5480957 0.059448242 -0.43798828
0.7017212 -0.54089355 0.06201172 -0.45947266
0.69329834 -0.5322876 0.064575195 -0.48150635
0.6845093 -0.52246094 0.066833496 -0.5039673
0.67541504 -0.51171875 0.068725586 -0.52648926
0.666687 -0.49969482 0.06976318 -0.548645
0.657959 -0.48724365 0.07055664 -0.5698242
0.649292 -0.4749756 0.07092285 -0.5897827
0.64038086 -0.4642334 0.0715332 -0.607666
0.6315918 -0.45562744 0.072387695 -0.6231079
0.6226196 -0.44995117 0.07385254 -0.6359253
0.6140747 -0.44732666 0.075683594 -0.645813
0.6067505 -0.4472046 0.07739258 -0.6525879
0.60162354 -0.44854736 0.07775879 -0.6563721
0.5988159 -0.45129395 0.0769043 -0.6571655
0.5979004 -0.45562744 0.07531738 -0.65515137
0.59851074 -0.46173096 0.07336426 -0.6505127
0.6003418 -0.46954346 0.07116699 -0.6434326
0.6030884 -0.4788208 0.068603516 -0.6342163
0.6068115 -0.48913574 0.06536865 -0.6231079
0.611084 -0.5003052 0.061401367 -0.61035156
0.6154785 -0.5124512 0.056762695 -0.5961304
0.619812 -0.5255127 0.051330566 -0.5805664
0.6241455 -0.53912354 0.044799805 -0.56378174
0.62854004 -0.5527344 0.036987305 -0.5459595
0.63287354 -0.5662842 0.028076172 -0.5272217
0.63708496 -0.57958984 0.018310547 -0.50787354
0.6408081 -0.5925293 0.008056641 -0.4880371
0.64385986 -0.6052246 -0.0021972656 -0.46813965
0.6463623 -0.6171875 -0.012329102 -0.44848633
0.6484375 -0.6281738 -0.022155762 -0.42938232
0.6501465 -0.6380615 -0.03173828 -0.41125488
0.65179443 -0.64660645 -0.04095459 -0.39422607
0.6524048 -0.6546631 -0.04901123 -0.3786621
0.6520996 -0.6621704 -0.055908203 -0.36499023
0.65075684 -0.6692505 -0.061584473 -0.35321045
0.6491699 -0.67523193 -0.06652832 -0.34381104
0.6478882 -0.6795044 -0.07086182 -0.33691406
0.64630127 -0.68292236 -0.07434082 -0.33233643
0.6434326 -0.68621826 -0.07684326 -0.33044434
0.6398926 -0.6889038 -0.07879639 -0.3312378
0.6352539 -0.6912842 -0.080078125 -0.3348999
0.6300659 -0.69281006 -0.08099365 -0.3413086
0.6248779 -0.6928711 -0.081970215 -0.35028076
0.61987305 -0.69158936 -0.08300781 -0.36138916
0.6143799 -0.6894531 -0.083984375 -0.37438965
0.60809326 -0.6868286 -0.0847168 -0.3890381
0.6011963 -0.6832886 -0.08569336 -0.40533447
0.59368896 -0.67907715 -0.08666992 -0.42297363
0.5855713 -0.67388916 -0.087890625 -0.44189453
0.5772705 -0.66741943 -0.08935547 -0.461792
0.56866455 -0.6600342 -0.09100342 -0.48236084
0.5595093 -0.6520386 -0.0925293 -0.50323486
0.5496826 -0.6437988 -0.09387207 -0.5239868
0.5397339 -0.63500977 -0.095336914 -0.5444336
0.52960205 -0.62597656 -0.09680176 -0.564209
0.5194092 -0.6166992 -0.09838867 -0.583313
0.5093384 -0.6072998 -0.099975586 -0.6014404
0.49920654 -0.59802246 -0.10180664 -0.6187134
0.4890747 -0.58929443 -0.10369873 -0.63464355
0.47998047 -0.5805664 -0.10668945 -0.6489868
0.47180176 -0.5723877 -0.10998535 -0.66156006
0.4644165 -0.56536865 -0.1126709 -0.67230225
0.45758057 -0.5598755 -0.11431885 -0.6812134
0.45147705 -0.5559082 -0.115112305 -0.6883545
0.44665527 -0.5531006 -0.115722656 -0.69366455
0.4430542 -0.55133057 -0.1161499 -0.69732666
0.4407959 -0.550354 -0.11651611 -0.6994629
