0.87683105 0.23730469 -0.31481934 -0.27526855
0.87683105 0.23730469 -0.31481934 -0.27526855
0.8745117 0.23718262 -0.31726074 -0.27990723
0.8725586 0.23669434 -0.32000732 -0.2831421
0.8709717 0.23590088 -0.3232422 -0.28515625
0.86950684 0.23492432 -0.32696533 -0.2861328
0.868103 0.23388672 -0.33129883 -0.28619385
0.8670044 0.23236084 -0.33587646 -0.28546143
0.8661499 0.23046875 -0.34075928 -0.28375244
0.8656616 0.22821045 -0.34576416 -0.28112793
0.86535645 0.22564697 -0.3508911 -0.27764893
0.8652344 0.22296143 -0.35620117 -0.2734375
0.86517334 0.22015381 -0.36169434 -0.2687378
0.86505127 0.21734619 -0.3673706 -0.26348877
0.86499023 0.21478271 -0.37322998 -0.2576294
0.8651123 0.21295166 -0.3793335 -0.24963379
0.86517334 0.2111206 -0.385437 -0.24163818
0.8656616 0.21069336 -0.3918457 -0.22955322
0.8666992 0.21026611 -0.39794922 -0.21508789
0.8684082 0.20898438 -0.40356445 -0.19854736
0.87091064 0.2053833 -0.40808105 -0.18115234
0.87316895 0.20172119 -0.4124756 -0.16369629
0.8765259 0.19519043 -0.41455078 -0.14752197
0.8796387 0.18865967 -0.4165039 -0.13128662
0.88323975 0.18304443 -0.4156494 -0.116760254
0.88708496 0.17901611 -0.413208 -0.10144043
0.89123535 0.17645264 -0.40911865 -0.08477783
0.89593506 0.1741333 -0.40307617 -0.06713867
0.90112305 0.17150879 -0.3951416 -0.049194336
0.9066162 0.16894531 -0.385437 -0.031311035
0.91204834 0.16601562 -0.37469482 -0.014831543
0.91729736 0.16271973 -0.36340332 -0.00061035156
0.9221802 0.15979004 -0.3519287 0.0115356445
0.92681885 0.15722656 -0.340271 0.022766113
0.9312744 0.15472412 -0.32806396 0.034240723
0.935791 0.15185547 -0.31481934 0.046691895
0.94036865 0.14788818 -0.30029297 0.05999756
0.9449463 0.14343262 -0.28485107 0.07312012
0.94921875 0.13977051 -0.26867676 0.08502197
0.95336914 0.13616943 -0.25201416 0.09503174
0.9574585 0.13226318 -0.23492432 0.103149414
0.9614258 0.12799072 -0.21716309 0.10986328
0.965271 0.12384033 -0.19885254 0.115722656
0.96875 0.12011719 -0.18023682 0.120666504
0.9718628 0.117492676 -0.1616211 0.12451172
0.9747925 0.11505127 -0.14318848 0.12652588
0.97766113 0.11199951 -0.12536621 0.12609863
0.9802246 0.11004639 -0.10839844 0.12347412
0.9824829 0.109558105 -0.09265137 0.119018555
0.98443604 0.11010742 -0.07836914 0.1126709
0.986084 0.11138916 -0.06530762 0.10455322
0.9876709 0.11260986 -0.053466797 0.09484863
0.9890137 0.11444092 -0.042663574 0.08337402
0.99005127 0.117370605 -0.032958984 0.070251465
0.9907837 0.121398926 -0.024353027 0.05529785
0.99108887 0.12652588 -0.016967773 0.03869629
0.99090576 0.13275146 -0.010559082 0.020629883
0.99017334 0.13989258 -0.0051879883 0.0016479492
0.9888916 0.14746094 -0.00091552734 -0.01751709
0.9873047 0.15454102 0.002319336 -0.03656006
0.98535156 0.16113281 0.0044555664 -0.055480957
0.9829712 0.16790771 0.005493164 -0.07458496
0.98010254 0.17474365 0.0052490234 -0.09411621
0.9768677 0.18103027 0.0038452148 -0.11383057
0.97332764 0.18682861 0.0013427734 -0.13317871
0.9694824 0.19262695 -0.0021972656 -0.1515503
0.9654541 0.19805908 -0.006591797 -0.16906738
0.96136475 0.20288086 -0.011779785 -0.18566895
0.9570923 0.20770264 -0.017578125 -0.20123291
0.9528198 0.21234131 -0.023925781 -0.21557617
0.94866943 0.21636963 -0.030761719 -0.22869873
0.94470215 0.21966553 -0.037963867 -0.24047852
0.9411621 0.22216797 -0.045715332 -0.25042725
0.9381714 0.22406006 -0.053894043 -0.25836182
0.93566895 0.2255249 -0.06262207 -0.2640381
0.9337158 0.22662354 -0.07165527 -0.26782227
0.9321289 0.22717285 -0.08099365 -0.27026367
0.93066406 0.22753906 -0.09082031 -0.27172852
0.92944336 0.22705078 -0.10083008 -0.27270508
0.9284668 0.22558594 -0.11126709 -0.27337646
0.92749023 0.22351074 -0.12200928 -0.2736206
0.9265137 0.22137451 -0.13323975 -0.27355957
0.9254761 0.21942139 -0.1449585 -0.2727661
0.92437744 0.21765137 -0.15710449 -0.27111816
0.92333984 0.21575928 -0.16949463 -0.26867676
0.9221802 0.2140503 -0.18225098 -0.265625
0.92089844 0.21282959 -0.19525146 -0.26184082
0.9194946 0.21160889 -0.20819092 -0.25769043
0.9180908 0.21008301 -0.2208252 -0.25341797
0.916687 0.20812988 -0.23303223 -0.24902344
0.9154053 0.20605469 -0.24475098 -0.24438477
0.91412354 0.2041626 -0.25604248 -0.23895264
0.9130249 0.20245361 -0.26696777 -0.23260498
0.91192627 0.20129395 -0.27752686 -0.22546387
0.91082764 0.20056152 -0.28753662 -0.21783447
0.909729 0.20056152 -0.29711914 -0.20953369
0.9086914 0.20098877 -0.30615234 -0.20037842
0.90789795 0.20098877 -0.31463623 -0.1906128
0.90740967 0.20031738 -0.32244873 -0.18029785
0.9071655 0.19885254 -0.3297119 -0.1696167
0.9071655 0.19671631 -0.33636475 -0.15863037
0.9072876 0.19439697 -0.3425293 -0.14715576
0.90753174 0.1920166 -0.3480835 -0.13537598
0.9077759 0.18988037 -0.35321045 -0.12322998
0.907959 0.18774414 -0.3577881 -0.11102295
0.9081421 0.18585205 -0.36187744 -0.09906006
0.90826416 0.18395996 -0.36547852 -0.08770752
0.90838623 0.18188477 -0.36853027 -0.07733154
0.9085083 0.18005371 -0.37097168 -0.06768799
0.9088135 0.17810059 -0.37268066 -0.058776855
0.90930176 0.17565918 -0.3737793 -0.05078125
0.9099121 0.17352295 -0.37420654 -0.043884277
0.91052246 0.17156982 -0.37420654 -0.038208008
0.9111328 0.16998291 -0.37390137 -0.03375244
0.9116821 0.16918945 -0.37329102 -0.030273438
0.9121094 0.16912842 -0.37243652 -0.027404785
0.9124756 0.16973877 -0.371521 -0.024902344
0.91278076 0.17059326 -0.37042236 -0.022460938
0.913147 0.17175293 -0.36920166 -0.020019531
0.9135132 0.17285156 -0.36779785 -0.017456055
0.91400146 0.17388916 -0.36627197 -0.014831543
0.9145508 0.17462158 -0.36468506 -0.012268066
0.91516113 0.17486572 -0.36309814 -0.010070801
