0.45629883 -0.5560303 0.26208496 -0.6433716
0.456604 -0.55718994 0.25946045 -0.6431885
0.45666504 -0.55859375 0.258667 -0.64227295
0.45666504 -0.5598755 0.2597046 -0.6407471
0.45684814 -0.5605469 0.2625122 -0.638855
0.4576416 -0.5600586 0.26696777 -0.6368408
0.45941162 -0.55822754 0.27301025 -0.6347046
0.46221924 -0.5549927 0.28027344 -0.6322632
0.46636963 -0.55041504 0.2888794 -0.62939453
0.47229004 -0.54418945 0.29888916 -0.6256714
0.48028564 -0.5360718 0.31048584 -0.62091064
0.49041748 -0.52630615 0.32336426 -0.6147461
0.5027466 -0.51501465 0.3361206 -0.60754395
0.51623535 -0.5029907 0.3486328 -0.5991211
0.53015137 -0.49102783 0.36138916 -0.58929443
0.5439453 -0.47943115 0.37408447 -0.57818604
0.557312 -0.4685669 0.3867798 -0.56591797
0.56933594 -0.45941162 0.40014648 -0.5519409
0.5797119 -0.45239258 0.4136963 -0.53674316
0.58843994 -0.4475708 0.42651367 -0.5210571
0.5958252 -0.44451904 0.43774414 -0.50579834
0.60198975 -0.44262695 0.44708252 -0.49169922
0.60705566 -0.44158936 0.45465088 -0.47930908
0.611145 -0.44122314 0.46051025 -0.46881104
0.61364746 -0.44158936 0.46325684 -0.46240234
0.6161499 -0.44189453 0.46594238 -0.4560547
0.6170044 -0.44335938 0.4656372 -0.45373535
0.61694336 -0.4456787 0.46392822 -0.45336914
0.6168213 -0.44805908 0.46221924 -0.4529419
0.614563 -0.4524536 0.4578247 -0.4560547
0.611084 -0.45812988 0.45220947 -0.46063232
0.60754395 -0.46374512 0.44659424 -0.46514893
0.60272217 -0.4706421 0.4399414 -0.4708252
0.59552 -0.4800415 0.43145752 -0.47833252
0.5873413 -0.49023438 0.42181396 -0.48657227
0.5789795 -0.5003052 0.4119873 -0.49468994
0.569397 -0.5116577 0.39996338 -0.5040283
0.5595093 -0.52301025 0.38671875 -0.5136719
0.54901123 -0.53466797 0.3725586 -0.52337646
0.53759766 -0.54681396 0.35784912 -0.5328369
0.5255127 -0.55908203 0.34228516 -0.54229736
0.5130005 -0.5710449 0.32617188 -0.5516968
0.5004883 -0.58221436 0.30999756 -0.560791
0.4882202 -0.5923462 0.29412842 -0.569458
0.47644043 -0.6012573 0.27923584 -0.57751465
0.46533203 -0.6088257 0.2658081 -0.5848999
0.45513916 -0.61486816 0.25427246 -0.59173584
0.4463501 -0.61901855 0.24438477 -0.59820557
0.43914795 -0.6213379 0.23596191 -0.6044922
0.43273926 -0.6225586 0.23034668 -0.60998535
0.42803955 -0.6221924 0.22766113 -0.61468506
0.42547607 -0.6203003 0.22839355 -0.618103
0.4255371 -0.6168213 0.23223877 -0.6201172
0.42785645 -0.61224365 0.2390747 -0.62042236
0.43188477 -0.60687256 0.24865723 -0.6191406
0.43719482 -0.6010132 0.26037598 -0.616333
0.44329834 -0.5946655 0.27392578 -0.61224365
0.4501953 -0.58795166 0.28875732 -0.6068115
0.45776367 -0.5810547 0.30419922 -0.60028076
0.46588135 -0.57403564 0.31939697 -0.5928345
0.47442627 -0.5671387 0.3338623 -0.58465576
0.48309326 -0.56048584 0.34747314 -0.57592773
0.49188232 -0.5541382 0.35998535 -0.56689453
0.50079346 -0.54803467 0.37127686 -0.55773926
0.5100708 -0.54193115 0.38116455 -0.54852295
0.5197754 -0.53582764 0.3897705 -0.5392456
0.5298462 -0.52978516 0.3972168 -0.5299072
0.54016113 -0.5238037 0.40368652 -0.5204468
0.55041504 -0.5181885 0.40911865 -0.51104736
0.5599365 -0.51342773 0.41351318 -0.50183105
0.56848145 -0.5098877 0.41693115 -0.493042
0.57580566 -0.5076904 0.4194336 -0.48449707
0.58166504 -0.50701904 0.42144775 -0.4763794
0.5861206 -0.5078125 0.4230957 -0.46862793
0.58929443 -0.5098877 0.42407227 -0.46148682
0.5913086 -0.5131836 0.42419434 -0.45507812
0.59198 -0.5180054 0.42340088 -0.4494629
0.5913086 -0.52441406 0.42163086 -0.44458008
0.5895996 -0.5319214 0.41845703 -0.4407959
0.58703613 -0.54022217 0.41394043 -0.43841553
0.58374023 -0.54907227 0.4081421 -0.43725586
0.579834 -0.5579834 0.40118408 -0.43756104
0.5751343 -0.5673828 0.39318848 -0.43902588
0.56921387 -0.5775757 0.38415527 -0.44140625
0.5621948 -0.588501 0.37408447 -0.4446411
0.5539551 -0.6000366 0.36297607 -0.44866943
0.5447998 -0.6118164 0.35095215 -0.45355225
0.5350342 -0.62353516 0.33789062 -0.4590454
0.5250244 -0.63482666 0.32385254 -0.465271
0.51501465 -0.6454468 0.30914307 -0.47180176
0.5053711 -0.6550293 0.29412842 -0.47857666
0.49597168 -0.6637573 0.2793579 -0.48516846
0.48657227 -0.6716919 0.26586914 -0.491333
0.47717285 -0.678833 0.25372314 -0.4970703
0.46826172 -0.6849365 0.24273682 -0.50268555
0.4598999 -0.6898804 0.23266602 -0.5083618
0.4520874 -0.69366455 0.2230835 -0.51452637
0.44519043 -0.6960449 0.21356201 -0.52124023
0.43945312 -0.6970215 0.20458984 -0.5283203
0.4345703 -0.6968994 0.19665527 -0.53552246
0.42999268 -0.696167 0.19049072 -0.5423584
0.42565918 -0.6950073 0.18591309 -0.5488281
0.4216919 -0.6936035 0.18304443 -0.5545654
0.41833496 -0.6921387 0.18139648 -0.5595093
0.41577148 -0.6904907 0.18035889 -0.56378174
0.41412354 -0.6887207 0.17962646 -0.5673218
0.41290283 -0.6871948 0.17938232 -0.5701294
