21.3125 -0.0625 3.5
21.25 -0.6875 3.375
21.1875 -1.3125 3.1875
21.125 -1.9375 3.0625
21.125 -2.5625 2.9375
21.125 -3.125 2.8125
21.25 -3.6875 2.625
21.3125 -4.1875 2.5
21.5 -4.625 2.3125
21.625 -5.0625 2.0625
21.75 -5.4375 1.8125
21.9375 -5.75 1.625
22.125 -5.9375 1.375
22.375 -6.125 1.125
22.625 -6.125 0.875
22.875 -6 0.625
23.125 -5.75 0.4375
23.3125 -5.25 0.25
23.4375 -4.5 0.0625
23.4375 -3.5 0
23.375 -2.125 -0.125
23.25 -0.4375 -0.1875
23 1.5 -0.25
22.625 3.75 -0.375
22.25 6.25 -0.5
21.8125 9 -0.625
21.3125 11.875 -0.8125
20.75 14.875 -1.0625
20.25 18 -1.4375
19.6875 21.125 -1.875
18.75 27.625 -2.9375
18.375 30.8125 -3.5
18 33.9375 -4.125
17.625 37 -4.8125
17.3125 39.875 -5.5
17.125 42.5625 -6.1875
107.0625 45.0625 -7.125
107.125 47.3125 -7.875
107.3125 49.375 -8.5625
107.625 51 -9.125
108 52.1875 -9.5625
108.4375 52.9375 -9.75
109 53.25 -9.8125
109.625 53.1875 -9.8125
110.4375 52.6875 -9.625
111.3125 51.9375 -9.3125
112.375 50.8125 -8.9375
113.5 49.4375 -8.5625
114.75 47.75 -8.375
116.0625 45.8125 -8.25
27.3125 43.75 -8.125
28.625 41.5 -8
29.875 39.125 -7.8125
31.125 36.625 -7.75
32.4375 34 -7.75
33.75 31.25 -7.875
35 28.375 -7.9375
36.3125 25.4375 -8.0625
37.5625 22.5 -8.3125
38.6875 19.75 -8.4375
39.8125 17.1875 -8.625
40.875 14.8125 -9.0625
41.8125 12.75 -9.375
42.625 11 -9.625
43.3125 9.625 -9.9375
43.875 8.6875 -10.1875
44.3125 8.1875 -10.375
44.6875 8.125 -10.5625
44.875 8.4375 -10.625
44.9375 9.1875 -10.75
44.875 10.3125 -10.8125
44.625 11.8125 -10.875
44.25 13.5625 -10.9375
43.8125 15.5625 -11
43.3125 17.75 -11.125
42.75 20.125 -11.3125
42.1875 22.6875 -11.5
41.5625 25.3125 -11.8125
41 27.9375 -12.125
40.4375 30.625 -12.5
39.8125 33.3125 -12.875
39.25 35.875 -13.25
38.75 38.375 -13.625
38.25 40.75 -14
37.8125 43.0625 -14.25
127.5 45.1875 -14.5
127.25 47.1875 -14.8125
127.125 49 -15
127.125 50.6875 -15.125
127.25 52 -15.1875
127.5 53.0625 -15.125
127.8125 53.875 -14.9375
128.1875 54.375 -14.625
128.6875 54.625 -14.125
129.4375 54.5 -13.5625
130.375 54.0625 -12.8125
131.5 53.3125 -12
132.875 52.25 -11.125
134.3125 50.9375 -10.25
135.8125 49.375 -9.4375
137.4375 47.5625 -8.8125
139 45.625 -8.375
50.625 43.5625 -8.0625
52.25 41.4375 -7.875
53.8125 39.125 -7.6875
55.4375 36.8125 -7.625
57.0625 34.4375 -7.5625
58.8125 32 -7.625
60.5625 29.375 -7.875
62.25 26.9375 -7.9375
63.875 24.625 -8.0625
65.375 22.5 -7.9375
66.75 20.5 -7.6875
67.875 18.8125 -7.4375
68.875 17.4375 -7.0625
69.625 16.3125 -6.875
70.1875 15.5625 -6.6875
70.5 15.0625 -6.625
70.625 14.875 -6.5625
70.375 14.9375 -6.5
70.375 14.9375 -6.5
