-0.12 0.58 9.78
-0.23 0.55 9.78
-0.34 0.53 9.78
-0.44 0.51 9.78
-0.54 0.48 9.77
-0.63 0.45 9.77
-0.71 0.42 9.77
-0.79 0.39 9.76
-0.87 0.35 9.76
-0.93 0.31 9.75
-0.98 0.27 9.75
-1.02 0.23 9.75
-1.04 0.19 9.74
-1.05 0.15 9.74
-1.03 0.11 9.75
-0.98 0.08 9.75
-0.9 0.04 9.76
-0.77 0.01 9.77
-0.59 -0.01 9.78
-0.36 -0.02 9.79
-0.08 -0.03 9.8
0.25 -0.05 9.8
0.64 -0.07 9.78
1.07 -0.09 9.74
1.53 -0.11 9.68
2.02 -0.13 9.59
2.52 -0.18 9.47
3.03 -0.23 9.32
3.54 -0.3 9.13
4.05 -0.38 8.92
4.54 -0.45 8.67
5.02 -0.52 8.4
5.9 -0.66 7.8
6.29 -0.72 7.48
6.64 -0.78 7.17
6.94 -0.85 6.86
7.21 -0.91 6.57
7.44 -0.95 6.31
7.62 -0.98 6.09
7.74 -1 5.92
7.82 -1 5.82
7.86 -1 5.77
7.85 -1 5.78
7.8 -0.99 5.85
7.72 -0.98 5.96
7.6 -0.96 6.11
7.45 -0.95 6.3
7.26 -0.96 6.52
7.03 -0.98 6.75
6.78 -1 7
6.5 -1.02 7.26
6.19 -1.04 7.53
5.85 -1.06 7.79
5.48 -1.09 8.05
5.08 -1.14 8.3
4.66 -1.19 8.54
4.21 -1.25 8.76
3.75 -1.31 8.96
3.31 -1.35 9.12
2.9 -1.41 9.26
2.51 -1.5 9.36
2.16 -1.55 9.43
1.87 -1.61 9.48
1.64 -1.67 9.52
1.48 -1.71 9.53
1.4 -1.75 9.54
1.38 -1.78 9.54
1.44 -1.79 9.53
1.57 -1.8 9.5
1.76 -1.81 9.47
2 -1.81 9.42
2.3 -1.81 9.35
2.63 -1.81 9.27
2.99 -1.8 9.16
3.38 -1.8 9.02
3.78 -1.8 8.86
4.19 -1.81 8.67
4.6 -1.82 8.46
5 -1.82 8.23
5.38 -1.82 7.98
5.75 -1.82 7.73
6.09 -1.81 7.46
6.4 -1.8 7.2
6.69 -1.76 6.94
6.96 -1.73 6.68
7.19 -1.7 6.43
7.4 -1.66 6.2
7.58 -1.62 5.99
7.73 -1.58 5.81
7.84 -1.54 5.68
7.92 -1.49 5.57
7.97 -1.44 5.51
7.99 -1.38 5.5
7.98 -1.33 5.53
7.94 -1.27 5.6
7.86 -1.21 5.72
7.75 -1.15 5.88
7.61 -1.1 6.07
7.44 -1.05 6.29
7.24 -1.01 6.53
7.01 -1 6.77
6.76 -0.99 7.03
6.49 -1 7.28
6.19 -1.02 7.53
5.88 -1.04 7.77
5.55 -1.06 8.01
5.19 -1.11 8.24
4.81 -1.17 8.46
4.44 -1.21 8.65
4.09 -1.25 8.82
3.75 -1.25 8.97
3.44 -1.23 9.09
3.16 -1.2 9.2
2.93 -1.15 9.28
2.76 -1.12 9.34
2.63 -1.1 9.38
2.55 -1.09 9.4
2.51 -1.09 9.41
2.51 -1.08 9.41
2.53 -1.07 9.41
2.56 -1.06 9.4
