0.98217773 0.030700684 -0.005004883 -0.1852417
0.98236084 0.030334473 0.0007324219 -0.18457031
0.9824829 0.029907227 0.0064697266 -0.18389893
0.9824829 0.029846191 0.012084961 -0.18359375
0.9824219 0.029846191 0.017456055 -0.18347168
0.9822998 0.02947998 0.022583008 -0.18365479
0.98205566 0.028930664 0.02746582 -0.18426514
0.9817505 0.028198242 0.032043457 -0.1852417
0.9810791 0.026306152 0.040222168 -0.1875
0.9810791 0.026306152 0.040222168 -0.1875
0.9807739 0.024963379 0.043640137 -0.1887207
0.9803467 0.023498535 0.046569824 -0.19012451
0.97991943 0.02178955 0.048950195 -0.19189453
0.9794922 0.020019531 0.05053711 -0.19403076
0.97906494 0.018188477 0.05114746 -0.19628906
0.97869873 0.016296387 0.05053711 -0.1984253
0.9784546 0.014282227 0.048461914 -0.20031738
0.9783325 0.011779785 0.0446167 -0.20184326
0.97839355 0.008850098 0.03857422 -0.2029419
0.9790039 0.0025634766 0.018615723 -0.20306396
0.9790039 0.0025634766 0.018615723 -0.20306396
0.97943115 -0.0009765625 0.0044555664 -0.20166016
0.9798584 -0.0052490234 -0.012390137 -0.19940186
0.97998047 -0.010070801 -0.03161621 -0.19641113
0.9796753 -0.015258789 -0.05291748 -0.19293213
0.97888184 -0.020507812 -0.076049805 -0.18878174
0.977417 -0.026184082 -0.10046387 -0.184021
0.9752197 -0.032592773 -0.12585449 -0.17889404
0.972229 -0.03955078 -0.1519165 -0.17364502
0.9682617 -0.04711914 -0.17840576 -0.16845703
0.95770264 -0.062438965 -0.23175049 -0.15863037
0.9511719 -0.06982422 -0.2581787 -0.15405273
0.9439697 -0.07696533 -0.28393555 -0.14959717
0.93621826 -0.08416748 -0.3085327 -0.14556885
0.92822266 -0.09051514 -0.33184814 -0.14178467
0.92004395 -0.09667969 -0.3534546 -0.1385498
0.9118042 -0.10406494 -0.37280273 -0.13702393
0.90374756 -0.1104126 -0.39038086 -0.13641357
0.8961792 -0.11639404 -0.40570068 -0.13684082
0.8897095 -0.12121582 -0.41796875 -0.13812256
0.8845825 -0.12542725 -0.42669678 -0.14050293
0.88098145 -0.128479 -0.4321289 -0.14337158
0.8790283 -0.13098145 -0.43408203 -0.14727783
0.8786011 -0.13317871 -0.4326172 -0.15234375
0.8793335 -0.13494873 -0.42816162 -0.15863037
0.8812256 -0.1362915 -0.4210205 -0.16625977
0.88391113 -0.137146 -0.411438 -0.17504883
0.88726807 -0.13812256 -0.399292 -0.18493652
0.8911133 -0.13946533 -0.38482666 -0.19573975
0.8953247 -0.14111328 -0.36816406 -0.20733643
0.8996582 -0.14221191 -0.34991455 -0.21905518
0.90405273 -0.14221191 -0.33050537 -0.23071289
0.90844727 -0.14117432 -0.30993652 -0.24243164
0.91625977 -0.13830566 -0.2649536 -0.26672363
0.9194946 -0.13677979 -0.24066162 -0.27905273
0.9223633 -0.13427734 -0.2156372 -0.2911377
0.9223633 -0.13427734 -0.2156372 -0.2911377
0.9246826 -0.13104248 -0.18927002 -0.30322266
0.92614746 -0.12786865 -0.16326904 -0.31500244
0.9269409 -0.123535156 -0.13916016 -0.32574463
0.92700195 -0.11981201 -0.11608887 -0.33587646
0.92626953 -0.11773682 -0.09436035 -0.34539795
0.9239502 -0.11248779 -0.059692383 -0.36071777
0.9225464 -0.111206055 -0.046875 -0.3665161
0.9225464 -0.111206055 -0.046875 -0.3665161
0.91986084 -0.1105957 -0.03265381 -0.37487793
0.91986084 -0.1105957 -0.03265381 -0.37487793
0.91864014 -0.11175537 -0.03112793 -0.37774658
0.91760254 -0.113708496 -0.033447266 -0.37945557
0.9168701 -0.116760254 -0.039245605 -0.37976074
0.9164429 -0.120666504 -0.04827881 -0.37854004
0.91607666 -0.12567139 -0.060180664 -0.3760376
0.9156494 -0.13140869 -0.07458496 -0.37249756
0.914978 -0.13757324 -0.091308594 -0.36810303
0.91400146 -0.14434814 -0.10986328 -0.36297607
0.91241455 -0.15167236 -0.1296997 -0.3572998
0.9102783 -0.15948486 -0.15057373 -0.3511963
0.90740967 -0.16748047 -0.1720581 -0.34490967
0.90393066 -0.17553711 -0.19390869 -0.3383789
0.89990234 -0.18322754 -0.21588135 -0.33166504
0.8954468 -0.19024658 -0.23773193 -0.32476807
0.8905029 -0.19696045 -0.25897217 -0.31799316
0.8852539 -0.20300293 -0.27947998 -0.31152344
0.8796997 -0.20831299 -0.29907227 -0.30541992
0.8740845 -0.2121582 -0.3180542 -0.29968262
0.86828613 -0.21582031 -0.33563232 -0.2947998
0.86224365 -0.21960449 -0.3515625 -0.29101562
0.85650635 -0.22216797 -0.366333 -0.2878418
0.84576416 -0.22692871 -0.3895874 -0.28527832
0.84576416 -0.22692871 -0.3895874 -0.28527832
0.84143066 -0.22845459 -0.3977661 -0.28570557
0.8352051 -0.22930908 -0.40753174 -0.28936768
0.8352051 -0.22930908 -0.40753174 -0.28936768
0.8324585 -0.22790527 -0.40740967 -0.29852295
0.8319702 -0.22680664 -0.4033203 -0.30615234
0.8319702 -0.22680664 -0.4033203 -0.30615234
0.83203125 -0.22521973 -0.39666748 -0.31573486
0.83251953 -0.22320557 -0.38757324 -0.32696533
0.833374 -0.22058105 -0.37628174 -0.33947754
0.83447266 -0.21777344 -0.362854 -0.3529663
0.8355713 -0.21490479 -0.3475952 -0.36712646
0.8366089 -0.21203613 -0.33087158 -0.38171387
0.83740234 -0.2088623 -0.31292725 -0.39642334
0.83807373 -0.2055664 -0.29406738 -0.41107178
0.8383789 -0.20153809 -0.27453613 -0.42565918
0.83813477 -0.19708252 -0.25421143 -0.44049072
0.8373413 -0.19207764 -0.23352051 -0.45550537
0.8356323 -0.18713379 -0.21173096 -0.4710083
0.83325195 -0.18182373 -0.18835449 -0.48706055
0.83026123 -0.17559814 -0.16705322 -0.5018921
0.82684326 -0.16888428 -0.14691162 -0.5159302
0.82336426 -0.16082764 -0.12915039 -0.52874756
0.8164673 -0.14343262 -0.101257324 -0.5500488
0.8164673 -0.14343262 -0.101257324 -0.5500488
0.81347656 -0.13537598 -0.091308594 -0.5581665
0.8109741 -0.12908936 -0.0836792 -0.56451416
0.809021 -0.12487793 -0.078125 -0.56903076
0.80792236 -0.12219238 -0.07476807 -0.57159424
0.80792236 -0.12054443 -0.07330322 -0.5720825
0.80877686 -0.120666504 -0.074645996 -0.57073975
0.80999756 -0.120910645 -0.07684326 -0.5686035
