0.75775146 -0.40594482 -0.32513428 -0.394104
0.7583008 -0.4019165 -0.32366943 -0.39831543
0.75927734 -0.3973999 -0.321167 -0.40301514
0.76049805 -0.39245605 -0.317688 -0.4083252
0.7619629 -0.38690186 -0.31341553 -0.41412354
0.76379395 -0.3807373 -0.3083496 -0.42022705
0.7661743 -0.37371826 -0.30267334 -0.42633057
0.76916504 -0.36566162 -0.29656982 -0.4321289
0.7727051 -0.3569336 -0.28985596 -0.4376831
0.77685547 -0.34765625 -0.28222656 -0.442688
0.78186035 -0.33770752 -0.27355957 -0.44696045
0.7878418 -0.3270874 -0.26367188 -0.45037842
0.7946167 -0.315979 -0.25219727 -0.4529419
0.80200195 -0.30438232 -0.23931885 -0.45483398
0.8097534 -0.2921753 -0.22528076 -0.4562378
0.817749 -0.27850342 -0.2111206 -0.45733643
0.8255005 -0.2637329 -0.19726562 -0.458313
0.83288574 -0.24853516 -0.18334961 -0.45916748
0.83984375 -0.23394775 -0.16882324 -0.45983887
0.8461304 -0.22058105 -0.15332031 -0.46032715
0.85180664 -0.20825195 -0.13708496 -0.46069336
0.8569336 -0.19696045 -0.12042236 -0.46081543
0.86151123 -0.18603516 -0.10394287 -0.46087646
0.86553955 -0.17510986 -0.088256836 -0.46087646
0.8689575 -0.16412354 -0.07354736 -0.46099854
0.87164307 -0.15332031 -0.060180664 -0.4616089
0.8735962 -0.1427002 -0.047973633 -0.46276855
0.875 -0.13226318 -0.03643799 -0.46429443
0.8760376 -0.12219238 -0.02508545 -0.4658203
0.87701416 -0.11273193 -0.0138549805 -0.46679688
0.87805176 -0.104003906 -0.0026245117 -0.46710205
0.87927246 -0.09539795 0.008422852 -0.46661377
0.8805542 -0.08660889 0.018493652 -0.4656372
0.88171387 -0.077941895 0.02734375 -0.46453857
0.8826294 -0.07006836 0.035095215 -0.46350098
0.8833008 -0.06311035 0.041625977 -0.46264648
0.8838501 -0.057128906 0.047180176 -0.46185303
0.88427734 -0.05218506 0.051818848 -0.46118164
0.8845825 -0.04827881 0.055725098 -0.46051025
0.8848877 -0.045166016 0.05871582 -0.4598999
0.88513184 -0.04248047 0.060668945 -0.45941162
0.885376 -0.040161133 0.061706543 -0.4590454
0.885437 -0.038513184 0.06225586 -0.45892334
0.8852539 -0.038024902 0.062438965 -0.4593506
0.88464355 -0.038513184 0.062072754 -0.46044922
0.88360596 -0.039733887 0.060913086 -0.4625244
0.8820801 -0.04119873 0.05883789 -0.4656372
0.880188 -0.042785645 0.05596924 -0.4694214
0.87805176 -0.044677734 0.052734375 -0.47351074
0.8756714 -0.046875 0.049194336 -0.47808838
0.87286377 -0.049560547 0.045043945 -0.48339844
0.8692627 -0.05291748 0.040405273 -0.48980713
0.8649292 -0.057006836 0.03503418 -0.49743652
0.85961914 -0.062194824 0.029296875 -0.50634766
0.8532715 -0.06829834 0.023010254 -0.5164795
0.84594727 -0.074401855 0.015686035 -0.527771
0.83807373 -0.08013916 0.007507324 -0.5396118
0.829895 -0.085632324 -0.0010986328 -0.55126953
0.8218994 -0.09118652 -0.009765625 -0.5621948
0.81427 -0.09643555 -0.018249512 -0.57214355
0.8070679 -0.10168457 -0.026367188 -0.58099365
0.8001709 -0.10687256 -0.033996582 -0.58917236
0.79333496 -0.11224365 -0.0413208 -0.59698486
0.7863159 -0.11755371 -0.048461914 -0.60461426
0.77923584 -0.1227417 -0.05517578 -0.6121216
0.7722168 -0.12756348 -0.061462402 -0.61938477
0.76519775 -0.13244629 -0.06695557 -0.62646484
0.7583008 -0.13720703 -0.07159424 -0.63323975
0.75183105 -0.14129639 -0.07550049 -0.63964844
0.7458496 -0.14459229 -0.07867432 -0.6454468
0.7406006 -0.14727783 -0.08105469 -0.65057373
0.7359619 -0.14941406 -0.08294678 -0.65509033
0.7319336 -0.15112305 -0.084472656 -0.6589966
0.7285156 -0.15246582 -0.08569336 -0.6623535
0.7255249 -0.15344238 -0.08673096 -0.66522217
