0.66186523 -0.6895752 -0.2937622 0.0107421875
0.6639404 -0.68969727 -0.2888794 0.0045166016
0.666626 -0.689209 -0.28393555 -0.0020751953
0.6696167 -0.6881714 -0.2791748 -0.009155273
0.67248535 -0.6870117 -0.27471924 -0.016906738
0.67492676 -0.68603516 -0.27044678 -0.025390625
0.67681885 -0.68548584 -0.26611328 -0.03479004
0.67852783 -0.6849365 -0.26159668 -0.04486084
0.68029785 -0.6842041 -0.25671387 -0.055603027
0.682312 -0.6831665 -0.25152588 -0.06695557
0.68463135 -0.6816406 -0.24578857 -0.07885742
0.6871338 -0.6798706 -0.23931885 -0.091308594
0.6899414 -0.67767334 -0.2321167 -0.10437012
0.6932373 -0.67474365 -0.22406006 -0.11816406
0.69696045 -0.6710205 -0.21514893 -0.13293457
0.7010498 -0.66656494 -0.20501709 -0.14892578
0.7058716 -0.6607666 -0.19366455 -0.16607666
0.711853 -0.65319824 -0.18078613 -0.1842041
0.7186279 -0.64385986 -0.16644287 -0.2033081
0.7252197 -0.6335449 -0.15112305 -0.22320557
0.73095703 -0.62286377 -0.13549805 -0.24365234
0.7357178 -0.6119385 -0.12005615 -0.26434326
0.7398071 -0.6003418 -0.10491943 -0.28497314
0.7435303 -0.5880127 -0.09039307 -0.3053589
0.7462158 -0.5758667 -0.075927734 -0.3251953
0.74780273 -0.56451416 -0.061035156 -0.34405518
0.74890137 -0.55352783 -0.045654297 -0.3614502
0.74975586 -0.5426636 -0.02960205 -0.3774414
0.7501831 -0.5321045 -0.0134887695 -0.39227295
0.74993896 -0.52197266 0.0015258789 -0.40631104
0.7485962 -0.5130005 0.014892578 -0.4197998
0.7462158 -0.505249 0.026306152 -0.43267822
0.7435303 -0.49798584 0.035949707 -0.44482422
0.7409668 -0.4909668 0.043945312 -0.4560547
0.73864746 -0.4841919 0.05090332 -0.46618652
0.7364502 -0.47827148 0.057373047 -0.4749756
0.734375 -0.4732666 0.06378174 -0.48236084
0.73254395 -0.4685669 0.070007324 -0.48883057
0.7307129 -0.46447754 0.07635498 -0.49438477
0.729187 -0.46051025 0.08251953 -0.49945068
0.7279053 -0.4562378 0.08831787 -0.5041504
0.7268677 -0.45178223 0.09375 -0.508667
0.7261963 -0.44702148 0.09875488 -0.5128784
0.72595215 -0.44189453 0.10333252 -0.51672363
0.7260132 -0.43658447 0.107910156 -0.52020264
0.72631836 -0.43139648 0.112854004 -0.5231323
0.72650146 -0.4267578 0.11828613 -0.52545166
0.72650146 -0.42266846 0.12365723 -0.52752686
0.72631836 -0.41906738 0.1282959 -0.529541
0.7260132 -0.41583252 0.13195801 -0.5316162
0.7258301 -0.41271973 0.13427734 -0.5336914
0.72576904 -0.41015625 0.13543701 -0.5354004
0.72576904 -0.40838623 0.13580322 -0.5366821
0.7255249 -0.40771484 0.13586426 -0.5375366
0.7249756 -0.4081421 0.13580322 -0.5380249
0.72406006 -0.40930176 0.13537598 -0.53845215
0.7229614 -0.4107666 0.13421631 -0.53900146
0.72180176 -0.41241455 0.13226318 -0.5397949
0.72058105 -0.41400146 0.12957764 -0.54089355
0.7192383 -0.4154663 0.1262207 -0.5423584
0.7178345 -0.41687012 0.12231445 -0.5440674
0.7163086 -0.4180298 0.11804199 -0.54608154
0.7147827 -0.41918945 0.11352539 -0.5482178
0.71307373 -0.42041016 0.10870361 -0.55041504
0.71118164 -0.42181396 0.10345459 -0.55285645
0.70910645 -0.42321777 0.09790039 -0.5553589
0.7069092 -0.42474365 0.09210205 -0.55804443
0.7044678 -0.42651367 0.08618164 -0.56073
0.7017212 -0.42840576 0.080200195 -0.56359863
0.6986084 -0.43048096 0.07421875 -0.5666504
0.69506836 -0.43273926 0.06842041 -0.5700073
0.6911621 -0.43511963 0.06286621 -0.5736084
0.6868286 -0.43756104 0.05731201 -0.57751465
0.682251 -0.4399414 0.051757812 -0.58166504
0.67749023 -0.44213867 0.046142578 -0.5859375
0.67266846 -0.44421387 0.04058838 -0.59033203
0.6677246 -0.44622803 0.03503418 -0.5947876
0.66259766 -0.4484253 0.02960205 -0.5991821
0.6572876 -0.45062256 0.024291992 -0.60357666
0.6522217 -0.45251465 0.019165039 -0.6078491
0.6473999 -0.45404053 0.014465332 -0.6119385
0.64282227 -0.45550537 0.010375977 -0.61572266
0.6386719 -0.45684814 0.007019043 -0.6191406
0.63482666 -0.45812988 0.0041503906 -0.6221924
0.6312866 -0.45928955 0.0015258789 -0.6248779
0.62805176 -0.46038818 -0.0009765625 -0.6273804
0.62506104 -0.4613037 -0.0033569336 -0.6296997
0.6222534 -0.4621582 -0.0056152344 -0.63183594
0.6196289 -0.46289062 -0.0076293945 -0.6338501
0.6171875 -0.46350098 -0.009338379 -0.6357422
0.6149292 -0.4640503 -0.0107421875 -0.6375122
0.61273193 -0.4645996 -0.01171875 -0.63916016
0.61065674 -0.46520996 -0.012207031 -0.6407471
0.60858154 -0.46588135 -0.012329102 -0.6422119
0.60650635 -0.4666748 -0.012084961 -0.6436157
0.60443115 -0.46746826 -0.01171875 -0.64501953
