0.52630615 -0.64520264 -0.35302734 -0.4267578
0.5288086 -0.64349365 -0.3508911 -0.42791748
0.53082275 -0.64178467 -0.34729004 -0.43096924
0.5333252 -0.6392212 -0.34283447 -0.43530273
0.536438 -0.635437 -0.33795166 -0.44073486
0.539978 -0.6305542 -0.33270264 -0.44732666
0.5437622 -0.62457275 -0.3272705 -0.45507812
0.5476074 -0.61761475 -0.32165527 -0.46392822
0.5515137 -0.6094971 -0.31591797 -0.47381592
0.55548096 -0.60040283 -0.31011963 -0.4845581
0.55944824 -0.59039307 -0.30389404 -0.4960327
0.5632324 -0.579834 -0.2972412 -0.5081177
0.56689453 -0.5684204 -0.29040527 -0.52075195
0.5704346 -0.5562134 -0.2833252 -0.5338135
0.5739136 -0.5430908 -0.276062 -0.5472412
0.57751465 -0.5288696 -0.26849365 -0.5609741
0.5810547 -0.513855 -0.26031494 -0.5749512
0.5845337 -0.49829102 -0.25134277 -0.5889282
0.5878296 -0.48223877 -0.24169922 -0.6029663
0.59088135 -0.46569824 -0.23156738 -0.6166992
0.59375 -0.44885254 -0.2211914 -0.63012695
0.59625244 -0.4321289 -0.21032715 -0.6430664
0.5985718 -0.4156494 -0.19921875 -0.65515137
0.600647 -0.3994751 -0.18817139 -0.6665039
0.602417 -0.3834839 -0.1774292 -0.67718506
0.60357666 -0.36767578 -0.16705322 -0.6875
0.6040039 -0.35247803 -0.15655518 -0.69744873
0.6040039 -0.33789062 -0.14575195 -0.7069702
0.6038208 -0.32366943 -0.13476562 -0.71588135
0.60375977 -0.30969238 -0.123413086 -0.7241211
0.60375977 -0.2960205 -0.11175537 -0.73168945
0.60369873 -0.2824707 -0.10015869 -0.7387085
0.6033325 -0.26904297 -0.08905029 -0.74542236
0.60235596 -0.25579834 -0.078552246 -0.7520752
0.600708 -0.24291992 -0.06854248 -0.75860596
0.5985718 -0.23040771 -0.05895996 -0.7649536
0.59625244 -0.21838379 -0.049682617 -0.77093506
0.5939331 -0.20690918 -0.04046631 -0.7764282
0.5917969 -0.19604492 -0.03112793 -0.78125
0.59020996 -0.18554688 -0.021972656 -0.78533936
0.5891113 -0.17523193 -0.013183594 -0.7886963
0.588501 -0.1651001 -0.005004883 -0.7914429
0.58807373 -0.15539551 0.0028076172 -0.7937622
0.5876465 -0.1463623 0.010375977 -0.79571533
0.5872803 -0.1381836 0.01751709 -0.79730225
0.586853 -0.13085938 0.023864746 -0.79870605
0.5864258 -0.12432861 0.02911377 -0.7998657
0.58599854 -0.118652344 0.033447266 -0.8009033
0.5848999 -0.109802246 0.039794922 -0.80267334
0.5840454 -0.10644531 0.042053223 -0.80358887
0.5840454 -0.10644531 0.042053223 -0.80358887
0.5830078 -0.1038208 0.043518066 -0.80462646
0.5817261 -0.10180664 0.044128418 -0.80578613
0.58026123 -0.10040283 0.043884277 -0.80700684
0.57855225 -0.09967041 0.04296875 -0.80841064
0.5765991 -0.099365234 0.041259766 -0.8099365
0.57440186 -0.099609375 0.0390625 -0.8115845
0.5718994 -0.10028076 0.036315918 -0.8133545
0.56884766 -0.101501465 0.032958984 -0.8154907
0.56536865 -0.10321045 0.029174805 -0.81781006
0.56134033 -0.105407715 0.025024414 -0.8204346
0.55688477 -0.10803223 0.020690918 -0.8233032
0.5519409 -0.11114502 0.016296387 -0.82629395
0.5465698 -0.11462402 0.011962891 -0.82940674
0.5409546 -0.11853027 0.007507324 -0.8326416
0.53497314 -0.122802734 0.0029296875 -0.83587646
0.5286255 -0.12738037 -0.0016479492 -0.8392334
0.52197266 -0.13226318 -0.006286621 -0.84259033
0.51501465 -0.13739014 -0.0107421875 -0.84606934
0.50775146 -0.14251709 -0.015075684 -0.8494873
0.5003052 -0.14770508 -0.019470215 -0.8529053
0.49273682 -0.15283203 -0.023925781 -0.85632324
0.4850464 -0.15795898 -0.028503418 -0.85961914
0.477417 -0.16314697 -0.03326416 -0.86273193
0.4697876 -0.168396 -0.038330078 -0.86572266
0.4619751 -0.17388916 -0.043640137 -0.8685913
0.45422363 -0.17944336 -0.0491333 -0.87127686
0.44665527 -0.18499756 -0.054382324 -0.87371826
0.43945312 -0.19012451 -0.059509277 -0.8759155
0.43237305 -0.19519043 -0.06414795 -0.8779907
0.42541504 -0.20013428 -0.0680542 -0.87994385
0.41864014 -0.20458984 -0.071777344 -0.881897
0.4119873 -0.20861816 -0.07501221 -0.88378906
0.40570068 -0.21209717 -0.07788086 -0.8856201
0.39971924 -0.21508789 -0.0803833 -0.88739014
0.3942871 -0.21746826 -0.082336426 -0.8890381
0.3894043 -0.21936035 -0.083740234 -0.890625
0.38519287 -0.22064209 -0.08465576 -0.8920288
0.38165283 -0.22137451 -0.08496094 -0.8933716
0.37872314 -0.22167969 -0.0847168 -0.8945923
0.37615967 -0.22161865 -0.08428955 -0.8956909
0.3739624 -0.22131348 -0.08380127 -0.8967285
0.37200928 -0.22088623 -0.08331299 -0.8977051
0.37036133 -0.22052002 -0.08276367 -0.89849854
0.3690796 -0.22027588 -0.08215332 -0.8991699
0.36810303 -0.22021484 -0.08135986 -0.8996582
