0.7609863 -0.29144287 -0.40795898 -0.41174316
0.756897 -0.2925415 -0.4130249 -0.41345215
0.75354004 -0.29418945 -0.41748047 -0.41394043
0.7509155 -0.29626465 -0.42138672 -0.41326904
0.74920654 -0.29864502 -0.42462158 -0.41137695
0.7495117 -0.30822754 -0.42993164 -0.39801025
0.7495117 -0.30822754 -0.42993164 -0.39801025
0.7512207 -0.31134033 -0.43115234 -0.39093018
0.75390625 -0.3140869 -0.43218994 -0.38238525
0.7578125 -0.3164673 -0.43267822 -0.37194824
0.76342773 -0.31829834 -0.4321289 -0.35931396
0.770874 -0.31970215 -0.42993164 -0.34448242
0.77978516 -0.3213501 -0.42541504 -0.32818604
0.78948975 -0.32330322 -0.4187622 -0.31121826
0.79901123 -0.32580566 -0.4105835 -0.29467773
0.80792236 -0.32824707 -0.4019165 -0.27923584
0.8164673 -0.33007812 -0.3928833 -0.26483154
0.82507324 -0.33111572 -0.3829956 -0.25079346
0.8342285 -0.3314209 -0.37164307 -0.23687744
0.84399414 -0.3314209 -0.35803223 -0.22283936
0.8543091 -0.33099365 -0.34191895 -0.20898438
0.864624 -0.33026123 -0.32385254 -0.19622803
0.8744507 -0.3287964 -0.30480957 -0.18536377
0.88391113 -0.32611084 -0.28497314 -0.17645264
0.8932495 -0.32202148 -0.26434326 -0.16888428
0.90270996 -0.3164673 -0.2423706 -0.1619873
0.91223145 -0.30969238 -0.21862793 -0.1552124
0.9215088 -0.30255127 -0.19293213 -0.14855957
0.9301758 -0.2947998 -0.16595459 -0.14245605
0.93792725 -0.2868042 -0.1381836 -0.13757324
0.944397 -0.2789917 -0.11047363 -0.13446045
0.9494629 -0.27142334 -0.08355713 -0.13354492
0.95336914 -0.26391602 -0.0579834 -0.13464355
0.9561157 -0.25671387 -0.03387451 -0.13726807
0.9579468 -0.24963379 -0.011413574 -0.14105225
0.95892334 -0.2432251 0.009155273 -0.14581299
0.95892334 -0.23822021 0.027770996 -0.15136719
0.958374 -0.23406982 0.043945312 -0.15765381
0.9572754 -0.23071289 0.057556152 -0.16442871
0.9559326 -0.22796631 0.068725586 -0.1716919
0.95428467 -0.22595215 0.077819824 -0.17944336
0.95233154 -0.22485352 0.08514404 -0.18786621
0.95007324 -0.22442627 0.09082031 -0.19696045
0.94763184 -0.22424316 0.0949707 -0.20666504
0.94506836 -0.22418213 0.097717285 -0.21691895
0.94244385 -0.22393799 0.099243164 -0.22772217
0.93969727 -0.22332764 0.099731445 -0.23913574
0.9369507 -0.22192383 0.09918213 -0.2510376
0.93426514 -0.2197876 0.09777832 -0.26312256
0.9315796 -0.21740723 0.095825195 -0.27508545
0.92889404 -0.21490479 0.093444824 -0.28668213
0.92626953 -0.21228027 0.09057617 -0.2979126
0.923645 -0.20953369 0.08734131 -0.30877686
0.9209595 -0.20697021 0.083862305 -0.3192749
0.91815186 -0.20465088 0.08013916 -0.32965088
0.91522217 -0.20257568 0.07611084 -0.33996582
0.91204834 -0.2010498 0.071777344 -0.3501587
0.90875244 -0.20025635 0.06756592 -0.35986328
0.9055786 -0.19989014 0.0635376 -0.36871338
0.9025879 -0.19976807 0.059814453 -0.3765869
