132.5 59 11.625
132.5 58.5625 11.5625
132.4375 57.4375 11.5
132.4375 57.4375 11.5
132.5 56.75 11.5
132.5 55.9375 11.6875
132.5625 55 11.8125
132.5625 54.125 11.875
132.5625 52.9375 12
132.5625 51.6875 12.1875
132.5625 50.3125 12.4375
132.625 48.875 12.6875
132.75 47.375 13
132.875 45.75 13.25
43.0625 44.125 13.625
43.3125 42.5 14
43.5625 40.8125 14.3125
43.75 39.125 14.6875
43.9375 37.5 15.0625
44.125 35.9375 15.4375
44.375 34.375 15.75
44.625 32.8125 16
44.875 31.3125 16.3125
45.125 29.75 16.625
45.4375 28.25 16.9375
45.75 26.75 17.1875
46 25.3125 17.4375
46.25 23.875 17.6875
46.375 22.375 18
46.5 20.9375 18.25
46.5 19.4375 18.5625
46.5625 17.9375 18.8125
46.5625 16.4375 19.0625
46.625 14.9375 19.375
46.6875 13.4375 19.6875
46.6875 11.9375 20
46.75 10.5 20.4375
46.8125 9.0625 20.75
46.75 7.625 21
46.75 6.3125 21.25
46.75 5 21.5
46.75 3.6875 21.75
46.875 2.4375 22
47 1.3125 22.1875
47.125 0.1875 22.375
47.25 -0.6875 22.5625
47.375 -1.625 22.75
47.5 -2.375 22.9375
47.625 -3.0625 23.0625
47.75 -3.6875 23.1875
47.8125 -4.1875 23.1875
47.875 -4.625 23.1875
47.9375 -5 23.1875
48 -5.25 23.125
48 -5.5 23.0625
47.9375 -5.8125 22.9375
47.9375 -5.8125 22.9375
47.9375 -5.9375 22.9375
47.875 -6 22.875
47.8125 -6.0625 22.8125
47.75 -6.0625 22.8125
47.6875 -6.0625 22.75
47.625 -6.0625 22.6875
47.625 -6 22.5625
47.5625 -5.9375 22.5
47.5625 -5.9375 22.375
47.5625 -5.875 22.25
47.5625 -5.8125 22.125
47.625 -5.75 22
47.625 -5.6875 21.875
47.625 -5.625 21.75
47.6875 -5.5625 21.625
47.8125 -5.5 21.4375
47.875 -5.4375 21.3125
48 -5.4375 21.125
48.1875 -5.375 21
48.3125 -5.3125 20.8125
48.5625 -5.25 20.6875
48.8125 -5.25 20.5
49.125 -5.1875 20.3125
49.5625 -5.125 20.125
50.0625 -5.0625 19.9375
50.6875 -5 19.6875
51.25 -4.875 19.4375
51.9375 -4.75 19.25
52.625 -4.5625 19
53.375 -4.375 18.75
54.125 -4.1875 18.5
54.875 -3.9375 18.25
55.6875 -3.75 17.9375
56.5 -3.5625 17.6875
57.3125 -3.375 17.4375
58.125 -3.1875 17.1875
58.875 -3 16.9375
59.6875 -2.75 16.6875
60.5 -2.5625 16.375
61.3125 -2.3125 16.0625
62.125 -2 15.75
63 -1.6875 15.375
63.875 -1.375 15.0625
64.6875 -1 14.75
65.5 -0.6875 14.4375
66.375 -0.3125 14.125
67.1875 0 13.8125
68 0.3125 13.5625
68.75 0.6875 13.25
69.5 1 12.9375
70.1875 1.25 12.6875
70.8125 1.5625 12.4375
71.4375 1.75 12.125
72 1.875 11.9375
72.5625 2 11.6875
73.125 2 11.4375
73.625 2.0625 11.25
74.0625 2 11.0625
74.4375 2 10.875
74.75 1.9375 10.75
75 1.9375 10.625
75.25 1.9375 10.5
75.4375 1.9375 10.375
75.625 1.9375 10.25
75.8125 1.9375 10.1875
75.9375 2 10.0625
76.125 2.0625 10
76.3125 2.125 9.875
76.4375 2.1875 9.8125
76.5625 2.25 9.75
76.6875 2.3125 9.6875
