8.36 1.02 5
8.31 1.04 5.09
8.26 1.05 5.17
8.2 1.07 5.26
8.12 1.11 5.37
8.03 1.15 5.49
7.94 1.18 5.62
7.82 1.23 5.77
7.69 1.28 5.93
7.55 1.35 6.11
7.38 1.42 6.28
7.21 1.49 6.47
7.02 1.57 6.65
6.83 1.65 6.83
6.62 1.74 7.01
6.41 1.84 7.18
6.19 1.92 7.35
5.97 2.02 7.5
5.75 2.11 7.65
5.53 2.2 7.78
5.31 2.27 7.91
5.09 2.36 8.03
4.87 2.44 8.15
4.64 2.51 8.26
4.42 2.59 8.35
4.19 2.66 8.45
3.97 2.72 8.54
3.74 2.8 8.61
3.5 2.87 8.69
3.26 2.94 8.76
3.02 3.01 8.82
2.77 3.07 8.88
2.53 3.14 8.93
2.28 3.21 8.97
2.03 3.28 9.01
1.79 3.36 9.03
1.54 3.43 9.05
1.3 3.49 9.07
1.07 3.53 9.08
0.85 3.58 9.08
0.63 3.63 9.08
0.42 3.67 9.08
0.22 3.7 9.07
0.04 3.74 9.06
-0.12 3.76 9.05
-0.27 3.79 9.03
-0.41 3.82 9.02
-0.53 3.84 9
-0.63 3.85 8.99
-0.72 3.85 8.98
-0.79 3.85 8.98
-0.85 3.84 8.97
-0.9 3.84 8.97
-0.94 3.83 8.97
-0.97 3.82 8.97
-1 3.81 8.98
-1.02 3.8 8.98
-1.03 3.79 8.98
-1.03 3.78 8.98
-1.04 3.78 8.98
-1.03 3.77 8.99
-1.03 3.76 8.99
-1.03 3.74 9
-1.02 3.73 9.01
-1.01 3.71 9.01
-1.01 3.69 9.02
-0.99 3.68 9.03
-0.98 3.66 9.04
-0.97 3.64 9.05
-0.96 3.62 9.06
-0.95 3.59 9.07
-0.94 3.57 9.08
-0.93 3.55 9.09
-0.93 3.52 9.1
-0.92 3.5 9.11
-0.91 3.47 9.12
-0.9 3.45 9.13
-0.89 3.42 9.14
-0.89 3.39 9.15
-0.88 3.36 9.16
-0.87 3.33 9.18
-0.86 3.29 9.19
-0.84 3.26 9.21
-0.81 3.22 9.22
-0.78 3.18 9.24
-0.75 3.15 9.25
-0.71 3.11 9.27
-0.68 3.06 9.28
-0.64 3.02 9.3
-0.61 2.98 9.32
-0.58 2.94 9.33
-0.55 2.9 9.35
-0.51 2.86 9.36
-0.47 2.81 9.38
-0.43 2.77 9.39
-0.39 2.71 9.41
-0.34 2.66 9.43
-0.29 2.6 9.44
-0.23 2.55 9.46
-0.17 2.5 9.47
-0.11 2.45 9.49
-0.05 2.39 9.5
0 2.34 9.52
0.06 2.29 9.53
0.12 2.25 9.54
0.17 2.2 9.55
0.22 2.15 9.56
0.26 2.11 9.57
0.3 2.06 9.58
0.32 2.02 9.58
0.34 1.98 9.59
0.35 1.94 9.6
0.35 1.91 9.61
0.34 1.88 9.61
0.34 1.85 9.62
0.33 1.83 9.62
0.33 1.8 9.63
0.33 1.78 9.63
0.33 1.77 9.63
0.33 1.75 9.64
0.34 1.73 9.64
0.34 1.72 9.64
0.35 1.7 9.65
0.36 1.68 9.65
0.37 1.67 9.65
0.38 1.66 9.65
0.39 1.65 9.65
0.4 1.64 9.65
0.4 1.62 9.66
0.4 1.61 9.66
0.4 1.6 9.66
0.4 1.59 9.66
0.4 1.58 9.66
0.4 1.56 9.67
0.39 1.55 9.67
0.39 1.54 9.67
0.38 1.52 9.67
0.37 1.51 9.68
