0.80804443 -0.12347412 -0.48272705 -0.3143921
0.80999756 -0.12176514 -0.47937012 -0.31506348
0.8144531 -0.117370605 -0.47180176 -0.31671143
0.8168335 -0.114746094 -0.46759033 -0.31781006
0.8168335 -0.114746094 -0.46759033 -0.31781006
0.8197632 -0.11090088 -0.4623413 -0.31921387
0.8230591 -0.10662842 -0.4564209 -0.32073975
0.82629395 -0.10235596 -0.45043945 -0.32226562
0.83044434 -0.09692383 -0.44293213 -0.3237915
0.83483887 -0.09075928 -0.43475342 -0.32531738
0.83935547 -0.08392334 -0.42590332 -0.32720947
0.84381104 -0.07678223 -0.4165039 -0.32946777
0.8482666 -0.06933594 -0.40655518 -0.33215332
0.85253906 -0.061706543 -0.3961792 -0.3352661
0.85668945 -0.053588867 -0.385437 -0.33850098
0.86065674 -0.045166016 -0.37457275 -0.34191895
0.8643799 -0.036743164 -0.36358643 -0.34539795
0.8678589 -0.028320312 -0.35253906 -0.34887695
0.8711548 -0.01977539 -0.3418579 -0.3519287
0.8741455 -0.011108398 -0.3314209 -0.35479736
0.8769531 -0.0028686523 -0.32086182 -0.35772705
0.87945557 0.004760742 -0.3102417 -0.3609619
0.8815918 0.012634277 -0.2999878 -0.36413574
0.8834839 0.020507812 -0.28967285 -0.3675537
0.88513184 0.027893066 -0.2793579 -0.37109375
0.8865967 0.035461426 -0.26934814 -0.3743286
0.8880615 0.04272461 -0.25915527 -0.37731934
0.88946533 0.050048828 -0.2489624 -0.3798828
0.89086914 0.058166504 -0.2390747 -0.38183594
0.892334 0.066101074 -0.22875977 -0.38342285
0.89385986 0.07421875 -0.21832275 -0.38458252
0.8952637 0.08227539 -0.2076416 -0.385437
0.89660645 0.09020996 -0.19683838 -0.38623047
0.8977051 0.09844971 -0.1862793 -0.3869629
0.89849854 0.10662842 -0.17559814 -0.38787842
0.8991089 0.115112305 -0.1652832 -0.38861084
0.8994751 0.12390137 -0.15509033 -0.38928223
0.89990234 0.13183594 -0.14471436 -0.38964844
0.9003296 0.13946533 -0.13452148 -0.38970947
0.9006958 0.14654541 -0.12445068 -0.38952637
0.9008789 0.15344238 -0.114746094 -0.38952637
0.90075684 0.16003418 -0.10534668 -0.38983154
0.9003296 0.16625977 -0.09631348 -0.39050293
0.8997803 0.17199707 -0.08770752 -0.39135742
0.89904785 0.17736816 -0.07977295 -0.39227295
0.8983154 0.18225098 -0.072509766 -0.39312744
0.897522 0.18670654 -0.066101074 -0.39404297
0.8966675 0.19067383 -0.060424805 -0.39489746
0.89593506 0.1940918 -0.055358887 -0.39569092
0.8952637 0.19708252 -0.05102539 -0.3963623
0.8947754 0.19891357 -0.046936035 -0.39697266
0.8944092 0.20037842 -0.0435791 -0.39746094
0.89416504 0.20141602 -0.040649414 -0.39782715
0.89398193 0.20202637 -0.038269043 -0.3980713
0.89398193 0.20233154 -0.036193848 -0.39819336
0.89416504 0.20263672 -0.03302002 -0.39788818
0.89434814 0.20257568 -0.031921387 -0.39764404
0.89434814 0.20257568 -0.031921387 -0.39764404
0.8944702 0.20251465 -0.03112793 -0.39733887
0.89471436 0.20239258 -0.030578613 -0.39697266
0.89501953 0.2020874 -0.030212402 -0.3965454
0.8953247 0.20159912 -0.029968262 -0.39605713
0.8956299 0.2010498 -0.029785156 -0.39562988
0.89593506 0.20025635 -0.029724121 -0.39538574
0.89611816 0.19934082 -0.029663086 -0.39538574
0.89630127 0.19836426 -0.02960205 -0.3955078
0.8964844 0.19732666 -0.02960205 -0.39562988
0.8966675 0.19622803 -0.029785156 -0.39569092
0.8968506 0.19506836 -0.029907227 -0.39587402
0.8970337 0.19384766 -0.030090332 -0.39611816
0.89715576 0.19250488 -0.030212402 -0.39648438
0.89715576 0.19116211 -0.030273438 -0.3970337
0.89715576 0.1897583 -0.030273438 -0.3977661
0.8970337 0.18835449 -0.030334473 -0.39874268
0.89678955 0.18688965 -0.030456543 -0.3998413
0.8965454 0.18548584 -0.030578613 -0.401062
0.89624023 0.18395996 -0.030700684 -0.40246582
0.89575195 0.18249512 -0.030822754 -0.4041748
0.89508057 0.18096924 -0.030944824 -0.40631104
0.89416504 0.17932129 -0.031188965 -0.40911865
0.8928833 0.17755127 -0.03161621 -0.4126587
0.8912964 0.17559814 -0.032165527 -0.41680908
0.88952637 0.17340088 -0.032836914 -0.42138672
0.8876343 0.17102051 -0.03375244 -0.4262085
0.8855591 0.1685791 -0.03503418 -0.43139648
0.8833008 0.16595459 -0.036621094 -0.43695068
0.8781738 0.16009521 -0.040100098 -0.44891357
0.8781738 0.16009521 -0.040100098 -0.44891357
0.8754883 0.15686035 -0.041748047 -0.45513916
0.87268066 0.15356445 -0.04333496 -0.46148682
0.869751 0.1505127 -0.044921875 -0.46777344
0.8668213 0.14764404 -0.046447754 -0.47399902
0.86383057 0.14471436 -0.047912598 -0.48016357
0.86083984 0.14147949 -0.04937744 -0.48632812
0.8577881 0.13824463 -0.05090332 -0.49249268
0.8546753 0.13476562 -0.0524292 -0.49865723
0.85150146 0.13085938 -0.053894043 -0.50494385
0.84814453 0.12670898 -0.055480957 -0.51135254
0.84472656 0.12237549 -0.05718994 -0.5178833
0.8411865 0.11804199 -0.059143066 -0.52441406
0.83758545 0.113708496 -0.061157227 -0.53082275
0.8340454 0.10925293 -0.06311035 -0.53704834
0.8305054 0.10467529 -0.06506348 -0.5432129
0.82684326 0.10028076 -0.06695557 -0.54937744
0.8231201 0.096069336 -0.068725586 -0.5554199
0.81951904 0.091918945 -0.07043457 -0.56121826
0.8161621 0.087890625 -0.071899414 -0.5665283
0.8130493 0.08392334 -0.07305908 -0.57147217
0.8100586 0.080322266 -0.07397461 -0.5760498
0.80718994 0.0770874 -0.074523926 -0.5805054
0.8043213 0.07421875 -0.07470703 -0.58483887
0.8015137 0.07165527 -0.074523926 -0.58898926
0.79888916 0.06945801 -0.074035645 -0.5928955
0.79644775 0.06774902 -0.07336426 -0.5963745
0.7943115 0.06640625 -0.072509766 -0.5994873
0.79248047 0.06512451 -0.07165527 -0.60217285
0.79089355 0.06402588 -0.07086182 -0.60443115
0.7895508 0.06304932 -0.070129395 -0.6064453
0.7883301 0.06213379 -0.06951904 -0.60809326
0.7873535 0.061279297 -0.0690918 -0.6095581
0.786499 0.06036377 -0.068725586 -0.6107788
0.78564453 0.059387207 -0.068481445 -0.6119995
0.7848511 0.058410645 -0.06829834 -0.6131592
0.7839966 0.057250977 -0.068115234 -0.61431885
0.7832031 0.056152344 -0.068115234 -0.6154785
0.78240967 0.05517578 -0.06817627 -0.61657715
0.78167725 0.054382324 -0.06829834 -0.6175537
0.7811279 0.053649902 -0.068359375 -0.61828613
0.7807617 0.052978516 -0.06829834 -0.6187744
0.7805786 0.052368164 -0.068115234 -0.6191406
0.7803345 0.051818848 -0.067871094 -0.61950684
0.78015137 0.051330566 -0.06756592 -0.619812
0.78009033 0.05090332 -0.06707764 -0.6199951
0.7800293 0.050476074 -0.06652832 -0.6201782
0.77996826 0.049987793 -0.065979004 -0.6203613
0.7798462 0.049621582 -0.06536865 -0.62054443
0.7797241 0.04925537 -0.064819336 -0.6207886
0.7797241 0.048950195 -0.064086914 -0.62091064
0.7798462 0.04864502 -0.06329346 -0.6208496
0.7805176 0.048217773 -0.061279297 -0.62023926
0.7805176 0.048217773 -0.061279297 -0.62023926
0.7810669 0.048095703 -0.060180664 -0.61968994
0.78186035 0.047912598 -0.059020996 -0.6187744
0.78289795 0.047790527 -0.057861328 -0.61761475
0.78411865 0.047546387 -0.056762695 -0.61621094
0.7854004 0.047180176 -0.055847168 -0.61468506
0.78656006 0.046875 -0.055419922 -0.6132202
0.7874756 0.04650879 -0.055480957 -0.6121216
