0.631958 -0.24621582 0.09991455 -0.72802734
0.631958 -0.24621582 0.09991455 -0.72802734
0.6311035 -0.25305176 0.089904785 -0.72772217
0.6311035 -0.25305176 0.089904785 -0.72772217
0.6341553 -0.2564087 0.08526611 -0.72442627
0.63983154 -0.2592163 0.08111572 -0.7189331
0.6480713 -0.26116943 0.07757568 -0.71118164
0.65875244 -0.26190186 0.07421875 -0.701355
0.6720581 -0.2607422 0.070739746 -0.6894531
0.7067261 -0.24902344 0.06402588 -0.6590576
0.7067261 -0.24902344 0.06402588 -0.6590576
0.72698975 -0.23944092 0.06365967 -0.64038086
0.7476196 -0.22955322 0.0670166 -0.6195679
0.7666626 -0.22235107 0.07507324 -0.59765625
0.78326416 -0.21582031 0.08605957 -0.57666016
0.7970581 -0.21008301 0.10003662 -0.557251
0.8081665 -0.20495605 0.11584473 -0.53985596
0.8171387 -0.19940186 0.13238525 -0.52441406
0.8243408 -0.19207764 0.14886475 -0.5112915
0.8300781 -0.18182373 0.16485596 -0.5007324
0.83410645 -0.1696167 0.18121338 -0.4925537
0.83599854 -0.15789795 0.19909668 -0.48632812
0.83587646 -0.14733887 0.21838379 -0.48162842
0.83410645 -0.13696289 0.23791504 -0.4784546
0.8310547 -0.12628174 0.25726318 -0.47668457
0.82696533 -0.11505127 0.27624512 -0.47607422
0.8218994 -0.103637695 0.29486084 -0.47625732
0.8161011 -0.0914917 0.3128662 -0.4772339
0.8095093 -0.07940674 0.33050537 -0.47875977
0.80218506 -0.067871094 0.34753418 -0.4807129
0.7942505 -0.0569458 0.36383057 -0.48327637
0.78552246 -0.046691895 0.37976074 -0.48632812
0.776062 -0.036865234 0.3955078 -0.48980713
0.7659302 -0.027282715 0.41125488 -0.4934082
0.7553711 -0.017822266 0.42669678 -0.49700928
0.744751 -0.0078125 0.44104004 -0.5007324
0.734375 0.0021972656 0.45428467 -0.50427246
0.72442627 0.012756348 0.46539307 -0.5083618
0.71502686 0.023132324 0.47473145 -0.5126953
