0.8444214 0.16186523 -0.45269775 -0.23632812
0.84606934 0.15899658 -0.45214844 -0.23339844
0.8482666 0.15600586 -0.45141602 -0.22875977
0.85113525 0.15203857 -0.4505005 -0.22247314
0.8543701 0.14776611 -0.4494629 -0.21490479
0.8577881 0.14300537 -0.44854736 -0.2062378
0.8612671 0.13848877 -0.44787598 -0.19622803
0.8647461 0.13439941 -0.4472046 -0.18481445
0.86865234 0.13024902 -0.4459839 -0.17193604
0.87316895 0.12664795 -0.44378662 -0.15698242
0.8787842 0.121154785 -0.4395752 -0.14093018
0.885437 0.11462402 -0.4331665 -0.123535156
0.89294434 0.107543945 -0.42443848 -0.10467529
0.9011841 0.09991455 -0.413208 -0.08465576
0.90997314 0.0914917 -0.39941406 -0.06335449
0.91900635 0.08227539 -0.38336182 -0.041381836
0.9276123 0.072509766 -0.3659668 -0.019836426
0.93536377 0.06274414 -0.34814453 0.0004272461
0.94207764 0.053527832 -0.33050537 0.019104004
0.947937 0.044433594 -0.31323242 0.036010742
0.9532471 0.035339355 -0.29571533 0.0513916
0.9581299 0.026611328 -0.2774048 0.06555176
0.9627075 0.018371582 -0.25823975 0.078186035
0.96698 0.011108398 -0.23864746 0.08868408
0.97088623 0.005432129 -0.21929932 0.096191406
0.9744873 0.0012207031 -0.20092773 0.1003418
0.9777832 -0.0010375977 -0.18334961 0.101379395
0.98101807 -0.0013427734 -0.1661377 0.09991455
0.9841919 0 -0.14868164 0.09643555
0.98724365 0.001953125 -0.1305542 0.09094238
0.9902344 0.004211426 -0.11193848 0.08331299
0.9928589 0.007507324 -0.09338379 0.07373047
0.9951172 0.011779785 -0.075683594 0.062561035
0.9968262 0.016723633 -0.059448242 0.050231934
0.9980469 0.022338867 -0.045166016 0.03717041
0.9987793 0.027648926 -0.032958984 0.0234375
0.9991455 0.032409668 -0.022888184 0.009399414
0.99920654 0.0368042 -0.0146484375 -0.0045166016
0.9989624 0.040527344 -0.00793457 -0.018066406
0.99853516 0.043762207 -0.0024414062 -0.031311035
0.9979248 0.046569824 0.001953125 -0.0446167
0.9970703 0.0491333 0.0053710938 -0.05822754
0.9960327 0.051696777 0.0078125 -0.07208252
0.99468994 0.05529785 0.009155273 -0.08654785
0.99298096 0.05987549 0.009338379 -0.10168457
0.99090576 0.06439209 0.008544922 -0.11773682
0.98846436 0.06964111 0.006591797 -0.13452148
0.98547363 0.075927734 0.0034179688 -0.15179443
0.9819946 0.08312988 -0.001159668 -0.16949463
0.9780884 0.09033203 -0.0073242188 -0.1875
0.97369385 0.09674072 -0.014892578 -0.20587158
0.9688721 0.10223389 -0.023925781 -0.22424316
0.9636841 0.107299805 -0.034729004 -0.2420044
0.9584961 0.11138916 -0.04675293 -0.25830078
0.95355225 0.11352539 -0.059509277 -0.27264404
0.9489746 0.113708496 -0.07281494 -0.28497314
0.94470215 0.112854004 -0.08685303 -0.2954712
0.9406128 0.11114502 -0.10144043 -0.30419922
0.93688965 0.10852051 -0.11645508 -0.31134033
0.9335327 0.10449219 -0.13153076 -0.3166504
0.9307251 0.09954834 -0.14642334 -0.32006836
0.92822266 0.09411621 -0.16119385 -0.3217163
0.9262085 0.08831787 -0.17584229 -0.32159424
0.9246826 0.08178711 -0.19000244 -0.3196411
0.923584 0.07421875 -0.20355225 -0.31628418
0.9227905 0.06640625 -0.21643066 -0.31176758
0.9221802 0.059387207 -0.22869873 -0.30615234
0.92181396 0.053527832 -0.2401123 -0.29956055
0.921875 0.04864502 -0.25054932 -0.29162598
0.9223633 0.044677734 -0.2598877 -0.28234863
0.9232788 0.041381836 -0.26818848 -0.27172852
0.92456055 0.038146973 -0.27563477 -0.2602539
0.9260254 0.034973145 -0.28222656 -0.24816895
0.92749023 0.032165527 -0.28845215 -0.23565674
0.92889404 0.02960205 -0.2944336 -0.22277832
0.9302368 0.02722168 -0.30029297 -0.20922852
0.93170166 0.024963379 -0.3057251 -0.19451904
0.9334717 0.022766113 -0.31036377 -0.17840576
0.9356079 0.020690918 -0.3137207 -0.16046143
0.9383545 0.01776123 -0.31518555 -0.1408081
0.9414673 0.0138549805 -0.31469727 -0.11993408
0.94451904 0.009765625 -0.31311035 -0.09893799
0.9472046 0.0056762695 -0.3109131 -0.078125
0.949646 0.0012207031 -0.30792236 -0.057678223
0.9519043 -0.0034179688 -0.3040161 -0.037353516
0.9540405 -0.008483887 -0.29907227 -0.016906738
0.9559326 -0.014709473 -0.29327393 0.003479004
0.9572754 -0.022277832 -0.28735352 0.023132324
0.95806885 -0.030273438 -0.28179932 0.041381836
0.958374 -0.038269043 -0.27697754 0.058044434
0.95825195 -0.046081543 -0.27264404 0.07312012
0.95788574 -0.053527832 -0.26837158 0.08691406
0.9574585 -0.06036377 -0.26409912 0.099121094
0.9570923 -0.066833496 -0.25994873 0.109436035
0.9567871 -0.07232666 -0.25598145 0.11755371
0.95654297 -0.07739258 -0.2526245 0.12322998
0.95648193 -0.08166504 -0.24987793 0.12683105
0.95654297 -0.08459473 -0.24743652 0.12872314
0.9569092 -0.08630371 -0.2453003 0.12921143
0.9574585 -0.08703613 -0.24328613 0.1282959
0.95825195 -0.08721924 -0.24127197 0.12609863
0.9592285 -0.08685303 -0.23925781 0.122924805
0.9602661 -0.085998535 -0.23724365 0.11895752
