0.7858887 0.2855835 -0.31066895 0.45202637
0.7850342 0.2845459 -0.3128662 0.45263672
0.7843628 0.2835083 -0.3145752 0.4533081
0.78393555 0.28240967 -0.31573486 0.45385742
0.7838135 0.28118896 -0.31640625 0.45428467
0.78411865 0.2798462 -0.3163452 0.4547119
0.78479004 0.27838135 -0.3156128 0.45495605
0.78930664 0.27301025 -0.30932617 0.4547119
0.79193115 0.27069092 -0.3059082 0.45391846
0.79193115 0.27069092 -0.3059082 0.45391846
0.79504395 0.26794434 -0.30187988 0.45269775
0.7987671 0.26470947 -0.29736328 0.45111084
0.8029175 0.26104736 -0.29223633 0.4491577
0.8074341 0.2571411 -0.28649902 0.44702148
0.81225586 0.25335693 -0.27990723 0.44470215
0.8171387 0.24957275 -0.27252197 0.4423828
0.8222656 0.24584961 -0.2644043 0.4399414
0.8274536 0.24206543 -0.2557373 0.4373169
0.8328247 0.23822021 -0.24664307 0.43450928
0.8383789 0.23394775 -0.23718262 0.43145752
0.8441162 0.22906494 -0.22753906 0.42803955
0.8500366 0.22363281 -0.2175293 0.42443848
0.85601807 0.21807861 -0.20678711 0.4206543
0.86187744 0.21264648 -0.19525146 0.41693115
0.86761475 0.2074585 -0.18286133 0.413208
0.8731079 0.20245361 -0.16998291 0.40966797
0.87841797 0.19714355 -0.15679932 0.40618896
0.8835449 0.19140625 -0.14367676 0.40264893
0.88848877 0.18536377 -0.13067627 0.39892578
0.8932495 0.17913818 -0.11791992 0.39508057
0.8977051 0.17315674 -0.105285645 0.39123535
0.9017334 0.16766357 -0.09265137 0.38757324
0.9052124 0.16253662 -0.08001709 0.38433838
0.90838623 0.1572876 -0.06768799 0.3814087
0.91119385 0.15228271 -0.055786133 0.37872314
0.9136963 0.14727783 -0.044433594 0.37615967
0.9160156 0.14208984 -0.03387451 0.3735962
0.91815186 0.13702393 -0.023925781 0.3710327
0.920105 0.13220215 -0.0146484375 0.3684082
0.921875 0.12780762 -0.0056152344 0.3657837
0.9234009 0.1239624 0.0032348633 0.3632202
0.92474365 0.120788574 0.012207031 0.36071777
0.92578125 0.11810303 0.0211792 0.35845947
0.92663574 0.11566162 0.030212402 0.35650635
0.9272461 0.11315918 0.03918457 0.35473633
0.9277344 0.11065674 0.047912598 0.3531494
0.9281616 0.10839844 0.056518555 0.35162354
0.92840576 0.10662842 0.064941406 0.35003662
0.9284668 0.105407715 0.07318115 0.3484497
0.92840576 0.10437012 0.08105469 0.347229
0.92822266 0.10308838 0.08831787 0.34643555
0.9277954 0.101501465 0.0949707 0.3461914
0.92736816 0.099487305 0.10107422 0.34625244
0.9269409 0.0970459 0.10668945 0.3463745
0.92663574 0.09429932 0.11187744 0.34631348
0.92645264 0.09173584 0.116882324 0.34588623
0.92626953 0.089782715 0.12182617 0.34521484
0.9260864 0.08856201 0.12646484 0.34429932
0.9258423 0.08782959 0.13061523 0.34350586
0.9256592 0.087402344 0.1340332 0.34277344
0.9255371 0.08709717 0.13671875 0.34222412
0.92541504 0.08679199 0.13867188 0.3418579
0.92529297 0.08654785 0.13995361 0.34161377
0.92523193 0.086242676 0.14074707 0.34155273
0.9251709 0.085876465 0.14105225 0.34173584
0.92510986 0.0847168 0.14019775 0.3425293
0.9251709 0.084228516 0.13934326 0.34283447
0.925354 0.08404541 0.13842773 0.34277344
0.92578125 0.08380127 0.13726807 0.34210205
0.9265137 0.083496094 0.13598633 0.3408203
0.9274292 0.08306885 0.13446045 0.33892822
0.9286499 0.0826416 0.13275146 0.33642578
0.9299927 0.08215332 0.13092041 0.33343506
0.9315796 0.081848145 0.12896729 0.32977295
0.93341064 0.08166504 0.12713623 0.3255005
0.93530273 0.08166504 0.12524414 0.32061768
0.9373779 0.08190918 0.12335205 0.31530762
0.9395752 0.08251953 0.121276855 0.3093872
0.94189453 0.08343506 0.118896484 0.30291748
0.94433594 0.084472656 0.11621094 0.29589844
0.9468994 0.085632324 0.11340332 0.28833008
0.94958496 0.08679199 0.1104126 0.28027344
0.9523926 0.08782959 0.10723877 0.27148438
0.95532227 0.08898926 0.104003906 0.2619629
0.958313 0.090270996 0.10083008 0.25164795
0.9612427 0.09161377 0.097839355 0.24084473
0.9641113 0.09307861 0.09509277 0.22973633
0.9667969 0.09454346 0.09259033 0.2185669
0.9692993 0.0960083 0.09033203 0.2076416
0.9714966 0.097473145 0.088256836 0.19714355
0.9735718 0.09899902 0.086242676 0.18701172
0.9753418 0.10046387 0.08416748 0.17736816
0.97698975 0.10180664 0.082092285 0.16845703
0.9784546 0.10296631 0.080078125 0.16015625
0.9796753 0.10430908 0.078186035 0.15258789
0.9807739 0.10534668 0.07635498 0.14544678
0.9818115 0.1060791 0.07458496 0.13867188
0.9827881 0.10662842 0.072753906 0.13208008
0.98376465 0.106933594 0.07092285 0.12561035
0.98461914 0.107055664 0.06915283 0.1194458
0.9854126 0.1071167 0.06756592 0.11364746
0.986084 0.1071167 0.066345215 0.1083374
0.9866333 0.10736084 0.06542969 0.103637695
0.9869995 0.10797119 0.06488037 0.099609375
0.9873047 0.10870361 0.064697266 0.09631348
0.98742676 0.109558105 0.064819336 0.09362793
0.9874878 0.11053467 0.06512451 0.091552734
0.9874878 0.111572266 0.06567383 0.08984375
0.9874878 0.11260986 0.06628418 0.08862305
0.9873657 0.11364746 0.06689453 0.087646484
0.9873047 0.11456299 0.06738281 0.0869751
