0.8432617 -0.011962891 -0.40753174 -0.35021973
0.8397827 -0.014404297 -0.41174316 -0.3536377
0.8362427 -0.016967773 -0.41583252 -0.35705566
0.83270264 -0.019714355 -0.41973877 -0.3605957
0.8291626 -0.022216797 -0.42364502 -0.36395264
0.8256836 -0.024353027 -0.42773438 -0.3670044
0.82250977 -0.025878906 -0.43182373 -0.3692627
0.81988525 -0.027404785 -0.4356079 -0.37054443
0.81799316 -0.02923584 -0.43878174 -0.37078857
0.81695557 -0.031433105 -0.44128418 -0.36993408
0.8167114 -0.03375244 -0.4434204 -0.36779785
0.81707764 -0.03643799 -0.44525146 -0.36444092
0.8180542 -0.03942871 -0.44677734 -0.35998535
0.81970215 -0.042663574 -0.44805908 -0.35430908
0.82196045 -0.046447754 -0.44891357 -0.34735107
0.8251343 -0.05065918 -0.44921875 -0.3388672
0.82910156 -0.05529785 -0.44885254 -0.3287964
0.83380127 -0.060913086 -0.4475708 -0.31750488
0.8389282 -0.06781006 -0.44525146 -0.30548096
0.8441162 -0.07519531 -0.44244385 -0.29327393
0.8491821 -0.08215332 -0.4395752 -0.28100586
0.85406494 -0.088378906 -0.4366455 -0.2685547
0.8590698 -0.094177246 -0.4333496 -0.2557373
0.8643799 -0.09979248 -0.42926025 -0.24206543
0.8703003 -0.105407715 -0.4241333 -0.22723389
0.876709 -0.111328125 -0.41748047 -0.21154785
0.8831177 -0.11791992 -0.409729 -0.19580078
0.8890381 -0.12426758 -0.4017334 -0.18096924
0.89453125 -0.12927246 -0.39379883 -0.1675415
0.8996582 -0.1329956 -0.3857422 -0.15539551
0.9047241 -0.13580322 -0.3772583 -0.14416504
0.9099121 -0.1381836 -0.36779785 -0.13311768
0.9152832 -0.140625 -0.35717773 -0.12207031
0.9206543 -0.14300537 -0.34570312 -0.111206055
0.9260254 -0.14453125 -0.33374023 -0.10076904
0.9314575 -0.14477539 -0.32122803 -0.09075928
0.9367676 -0.14453125 -0.30822754 -0.08135986
0.9417114 -0.14471436 -0.29473877 -0.07293701
0.9463501 -0.14556885 -0.2808838 -0.06542969
0.9507446 -0.14685059 -0.2666626 -0.058410645
0.954895 -0.14849854 -0.25183105 -0.051574707
0.95892334 -0.15026855 -0.2364502 -0.044433594
0.9626465 -0.15283203 -0.22039795 -0.03717041
0.96588135 -0.1564331 -0.20410156 -0.030395508
0.96868896 -0.15997314 -0.18817139 -0.024719238
0.9711914 -0.16278076 -0.17272949 -0.020141602
0.9734497 -0.16503906 -0.15759277 -0.016723633
0.97546387 -0.16723633 -0.14245605 -0.014343262
0.9772339 -0.16949463 -0.12677002 -0.012756348
0.97906494 -0.17102051 -0.10992432 -0.011779785
0.98083496 -0.17144775 -0.091796875 -0.011352539
0.982666 -0.17041016 -0.07244873 -0.011779785
0.9841919 -0.1687622 -0.05255127 -0.013549805
0.9852295 -0.1673584 -0.032958984 -0.016662598
0.9857178 -0.16644287 -0.014221191 -0.0211792
0.9857178 -0.16625977 0.003479004 -0.02709961
0.9852905 -0.16625977 0.019836426 -0.034118652
0.9846802 -0.16583252 0.034851074 -0.041870117
0.9838867 -0.16467285 0.048583984 -0.049987793
0.98291016 -0.16339111 0.06121826 -0.058288574
0.9817505 -0.16247559 0.0725708 -0.066833496
0.9804077 -0.1619873 0.08276367 -0.075805664
0.9788208 -0.16168213 0.09173584 -0.085632324
0.97717285 -0.16107178 0.099365234 -0.09625244
0.97558594 -0.159729 0.10583496 -0.10748291
0.97387695 -0.15808105 0.11138916 -0.11895752
0.97216797 -0.1564331 0.11608887 -0.1303711
0.970459 -0.1541748 0.11993408 -0.1418457
0.96875 -0.15130615 0.122802734 -0.15332031
0.9671631 -0.14831543 0.12463379 -0.16448975
0.9656372 -0.14508057 0.12542725 -0.175354
0.9642334 -0.14141846 0.12548828 -0.18585205
0.9628296 -0.13720703 0.12506104 -0.19622803
0.96136475 -0.1328125 0.12445068 -0.2064209
0.9598999 -0.12884521 0.1239624 -0.21606445
0.958374 -0.12536621 0.12371826 -0.22473145
0.9569092 -0.1227417 0.12371826 -0.23217773
0.9556885 -0.120666504 0.12371826 -0.23828125
0.9546509 -0.118896484 0.12359619 -0.24328613
0.9538574 -0.11730957 0.123291016 -0.24749756
0.95318604 -0.11584473 0.12261963 -0.2510376
0.95269775 -0.11456299 0.12158203 -0.2538452
0.9523926 -0.11376953 0.12023926 -0.25598145
0.9522095 -0.11352539 0.11871338 -0.2574463
0.95214844 -0.11383057 0.117126465 -0.25836182
