49.375 42.75 80.875
49.5 42.8125 80.75
49.5625 42.8125 80.625
49.625 42.875 80.5
49.6875 42.875 80.375
49.6875 42.875 80.3125
49.75 42.875 80.1875
49.75 42.8125 80.125
49.875 42.8125 80
50 42.8125 79.9375
50.125 42.75 79.875
50.3125 42.75 79.8125
50.4375 42.6875 79.75
50.5625 42.6875 79.6875
50.6875 42.6875 79.625
50.6875 42.6875 79.5625
50.75 42.6875 79.5
50.8125 42.6875 79.375
50.875 42.6875 79.3125
50.9375 42.6875 79.25
51.0625 42.6875 79.125
51.125 42.6875 79.0625
51.1875 42.6875 79.3125
51.3125 42.6875 79.5625
51.375 42.6875 79.5
51.375 42.75 79.4375
51.4375 42.75 79.3125
51.4375 42.8125 79.25
51.4375 42.875 79.125
51.5 42.875 79
51.5625 42.9375 78.9375
51.625 42.9375 78.875
51.6875 42.9375 78.75
51.75 42.9375 78.6875
51.75 42.9375 78.625
51.8125 42.9375 78.5625
51.8125 42.9375 78.5625
51.875 43 78.875
51.875 43.0625 79.1875
51.9375 43 79.0625
52.0625 43 79
52.1875 42.9375 78.9375
52.3125 42.875 78.875
52.5 42.75 78.8125
52.625 42.6875 78.75
52.8125 42.5 78.6875
53.0625 42.375 78.6875
53.3125 42.125 78.625
53.625 41.875 78.5625
54 41.5625 78.4375
54.4375 41.1875 78.375
54.875 40.6875 78.375
55.4375 40.1875 78.3125
56.0625 39.5625 78.3125
56.6875 38.875 78.375
57.4375 38.125 78.375
58.1875 37.3125 78.375
59 36.4375 78.4375
59.9375 35.4375 78.5
60.875 34.375 78.625
61.875 33.25 78.75
62.9375 32 78.9375
64.125 30.625 79.125
65.375 29.1875 79.375
66.625 27.6875 79.625
68 26.125 79.875
69.375 24.5625 80.125
70.8125 22.9375 80.375
72.25 21.3125 80.5625
75.25 18.0625 80.875
76.75 16.5 81
76.75 16.5 81
78.1875 14.9375 81.125
79.6875 13.4375 81.25
81.125 11.9375 81.3125
82.5 10.5 81.375
83.875 9.125 81.375
85.1875 7.75 81.375
86.5625 6.4375 81.3125
87.8125 5.1875 81.25
89.0625 3.9375 81.1875
90.25 2.6875 81.125
91.4375 1.5625 81
92.5 0.4375 80.875
93.5625 -0.5625 80.75
94.5625 -1.625 80.5625
95.5625 -2.625 80.375
96.5 -3.625 80.1875
97.4375 -4.5 80.0625
98.3125 -5.375 79.9375
99.1875 -6.1875 79.8125
100.0625 -7 79.6875
100.8125 -7.6875 79.5625
101.5 -8.375 79.4375
102.125 -9 79.25
102.75 -9.625 79.1875
103.375 -10.1875 79.0625
103.9375 -10.6875 79
104.4375 -11.1875 78.9375
104.875 -11.5625 78.8125
105.25 -11.875 78.6875
105.5 -12.1875 78.5625
105.75 -12.4375 78.375
106.0625 -12.625 78.25
106.25 -12.8125 78.125
106.4375 -12.9375 78
106.5625 -13 77.9375
106.625 -13 77.8125
106.625 -12.9375 77.6875
106.625 -12.875 77.5625
106.5625 -12.75 77.4375
106.5625 -12.6875 77.375
106.5625 -12.5625 77.25
106.5 -12.4375 77.1875
106.4375 -12.375 77.0625
106.375 -12.25 76.9375
106.375 -12.1875 76.8125
106.3125 -12.0625 76.75
106.3125 -12 76.625
106.3125 -12 76.5
106.3125 -11.9375 76.375
106.375 -11.9375 76.1875
106.4375 -11.9375 76.0625
106.5 -11.9375 75.875
106.625 -11.9375 75.6875
106.8125 -11.9375 75.4375
106.9375 -11.9375 75.25
107.1875 -11.9375 75
107.375 -11.875 74.8125
107.5625 -11.8125 74.5625
107.8125 -11.8125 74.25
108.125 -11.75 73.9375
108.5625 -11.75 73.5625
109.0625 -11.75 73.25
109.5625 -11.75 72.875
110.125 -11.6875 72.5
110.625 -11.5625 72.1875
111.125 -11.5 71.8125
111.625 -11.375 71.4375
112.1875 -11.25 71
112.6875 -11.125 70.625
113.25 -10.9375 70.25
113.75 -10.8125 69.875
114.25 -10.6875 69.375
114.8125 -10.5625 68.6875
115.375 -10.4375 67.6875
115.9375 -10.25 67.0625
116.5625 -10.0625 66.5
117.1875 -9.875 65.875
117.75 -9.625 65.3125
118.25 -9.375 64.625
118.75 -9.0625 63.9375
119.1875 -8.8125 63.375
119.6875 -8.5 62.875
120.1875 -8.1875 62.375
120.625 -7.8125 61.8125
121.0625 -7.4375 61.3125
121.5 -7.0625 60.875
121.875 -6.625 60.4375
122.1875 -6.1875 60
122.5625 -5.75 59.625
122.875 -5.3125 59.25
123.1875 -4.9375 58.8125
123.5 -4.5 58.375
123.75 -4.125 57.9375
124.0625 -3.75 57.5
124.375 -3.375 57.0625
124.6875 -3 56.625
125 -2.625 56.1875
125.25 -2.25 55.75
125.5625 -1.9375 55.4375
125.8125 -1.625 55.125
126.0625 -1.3125 54.875
126.3125 -1.0625 54.625
126.8125 -0.625 54.0625
126.8125 -0.625 54.0625
127 -0.4375 53.8125
127.25 -0.25 53.625
127.4375 -0.0625 53.4375
127.5625 0 53.3125
127.6875 0.0625 53.1875
127.75 0.1875 53.125
127.8125 0.25 53
127.875 0.25 52.875
127.9375 0.3125 52.75
127.9375 0.3125 52.6875
127.9375 0.3125 52.5625
127.9375 0.3125 52.5
128 0.0625 53.125
128 0.0625 53.0625
127.9375 0 53
127.9375 0 52.875
