6.66 7.1 1.15
6.66 7.09 1.16
6.67 7.08 1.18
6.67 7.08 1.19
6.67 7.08 1.19
6.67 7.08 1.21
6.67 7.08 1.22
6.66 7.08 1.24
6.66 7.08 1.25
6.66 7.08 1.25
6.65 7.08 1.26
6.65 7.08 1.27
6.65 7.08 1.28
6.65 7.08 1.29
6.65 7.08 1.3
6.65 7.08 1.31
6.65 7.08 1.32
6.65 7.07 1.33
6.65 7.07 1.34
6.65 7.07 1.35
6.65 7.07 1.36
6.65 7.07 1.33
6.65 7.08 1.29
6.65 7.08 1.3
6.65 7.07 1.31
6.66 7.07 1.32
6.66 7.06 1.33
6.67 7.05 1.35
6.67 7.04 1.36
6.68 7.04 1.37
6.68 7.04 1.38
6.68 7.03 1.39
6.68 7.03 1.4
6.68 7.03 1.4
6.68 7.03 1.41
6.68 7.03 1.42
6.69 7.03 1.38
6.69 7.03 1.34
6.69 7.03 1.35
6.69 7.03 1.36
6.68 7.04 1.37
6.67 7.04 1.38
6.66 7.05 1.39
6.65 7.06 1.4
6.63 7.08 1.4
6.61 7.1 1.42
6.58 7.12 1.43
6.54 7.15 1.44
6.5 7.18 1.46
6.45 7.22 1.47
6.39 7.27 1.49
6.33 7.33 1.51
6.25 7.4 1.52
6.15 7.47 1.53
6.05 7.55 1.55
5.94 7.63 1.56
5.82 7.72 1.57
5.69 7.82 1.58
5.54 7.93 1.59
5.38 8.04 1.59
5.2 8.15 1.59
5 8.28 1.58
4.78 8.41 1.57
4.56 8.53 1.55
4.32 8.66 1.53
4.07 8.78 1.52
3.82 8.9 1.5
3.56 9.01 1.49
3.3 9.11 1.47
3.04 9.2 1.47
2.78 9.28 1.46
2.53 9.36 1.45
2.28 9.42 1.44
2.03 9.48 1.44
1.79 9.53 1.44
1.56 9.57 1.44
1.33 9.6 1.45
1.1 9.63 1.46
0.88 9.65 1.48
0.67 9.66 1.49
0.46 9.67 1.5
0.27 9.68 1.52
0.07 9.68 1.54
-0.1 9.67 1.56
-0.28 9.67 1.6
-0.45 9.65 1.63
-0.62 9.64 1.66
-0.77 9.63 1.68
-0.92 9.61 1.7
-1.06 9.59 1.71
-1.19 9.57 1.73
-1.31 9.55 1.75
-1.43 9.53 1.77
-1.54 9.51 1.79
-1.64 9.49 1.81
-1.73 9.47 1.82
-1.82 9.45 1.83
-1.9 9.44 1.84
-1.97 9.42 1.85
-2.02 9.4 1.87
-2.07 9.39 1.89
-2.11 9.38 1.92
-2.15 9.36 1.94
-2.17 9.35 1.95
-2.19 9.35 1.97
-2.2 9.34 1.99
-2.2 9.34 2.01
-2.19 9.33 2.03
-2.18 9.33 2.05
-2.17 9.33 2.07
-2.15 9.33 2.08
-2.13 9.33 2.1
-2.12 9.33 2.12
-2.1 9.33 2.14
-2.08 9.33 2.16
-2.07 9.33 2.17
-2.05 9.33 2.19
-2.04 9.33 2.21
-2.04 9.32 2.23
-2.03 9.32 2.25
-2.03 9.31 2.28
-2.03 9.31 2.3
-2.03 9.3 2.33
-2.03 9.29 2.36
-2.03 9.28 2.4
-2.03 9.27 2.44
-2.03 9.26 2.47
-2.02 9.26 2.5
-2.01 9.25 2.54
-2.01 9.23 2.59
-2 9.22 2.65
-2 9.2 2.7
-2 9.19 2.76
-1.99 9.17 2.82
-1.98 9.16 2.87
-1.97 9.14 2.93
-1.95 9.13 2.99
-1.93 9.11 3.05
-1.91 9.09 3.12
-1.89 9.07 3.18
-1.87 9.06 3.24
-1.84 9.04 3.31
-1.82 9.02 3.38
-1.8 8.98 3.49
-1.77 8.92 3.65
-1.74 8.88 3.75
-1.71 8.85 3.84
-1.68 8.82 3.94
-1.64 8.78 4.03
-1.59 8.74 4.14
-1.55 8.7 4.24
-1.5 8.66 4.33
-1.45 8.63 4.41
-1.39 8.6 4.5
-1.33 8.56 4.58
-1.27 8.53 4.66
-1.2 8.5 4.73
-1.13 8.47 4.8
-1.06 8.44 4.86
-0.99 8.42 4.92
-0.91 8.39 4.99
-0.84 8.35 5.05
-0.77 8.32 5.12
-0.71 8.29 5.18
-0.64 8.25 5.25
-0.58 8.21 5.31
-0.51 8.17 5.38
-0.45 8.14 5.44
-0.39 8.1 5.5
-0.33 8.07 5.55
-0.28 8.04 5.59
-0.23 8.02 5.63
-0.18 7.99 5.67
-0.14 7.96 5.71
-0.1 7.94 5.74
-0.07 7.91 5.78
-0.04 7.89 5.81
-0.02 7.88 5.83
0 7.86 5.85
0.01 7.85 5.86
0.03 7.84 5.88
0.04 7.83 5.89
0.05 7.82 5.91
0.05 7.81 5.92
0.06 7.8 5.94
0.06 7.79 5.95
0.05 7.78 5.96
0.02 7.84 5.87
0.01 7.84 5.88
0 7.83 5.89
0 7.82 5.91
-0.02 7.81 5.92
-0.03 7.8 5.93
-0.05 7.79 5.94
-0.07 7.78 5.95
-0.08 7.77 5.97
-0.1 7.77 5.98
-0.11 7.76 5.99
-0.13 7.75 6
-0.14 7.74 6.01
-0.15 7.74 6.01
-0.17 7.73 6.02
