0.67871094 0.2508545 -0.6156616 -0.31207275
0.67889404 0.24945068 -0.61553955 -0.31304932
0.6791382 0.24829102 -0.6154175 -0.3137207
0.6793823 0.24737549 -0.6152344 -0.31420898
0.67962646 0.2467041 -0.61499023 -0.31469727
0.6798706 0.24627686 -0.61468506 -0.31506348
0.6801758 0.24591064 -0.6143799 -0.3154297
0.6803589 0.24554443 -0.6140137 -0.31591797
0.68048096 0.24511719 -0.6137085 -0.31658936
0.6804199 0.24450684 -0.6135254 -0.31744385
0.68029785 0.24389648 -0.61346436 -0.31848145
0.68011475 0.24316406 -0.6133423 -0.31958008
0.6799927 0.24243164 -0.6132202 -0.32061768
0.67993164 0.24176025 -0.61309814 -0.32147217
0.6799927 0.24121094 -0.6129761 -0.32208252
0.6800537 0.24072266 -0.612854 -0.32250977
0.6801758 0.24023438 -0.6126709 -0.32299805
0.68048096 0.23895264 -0.6123047 -0.3239746
0.680542 0.23828125 -0.6121826 -0.32452393
0.680542 0.23828125 -0.6121826 -0.32452393
0.680603 0.2376709 -0.61206055 -0.32507324
0.68066406 0.23699951 -0.6119385 -0.32562256
0.67944336 0.23718262 -0.61309814 -0.3258667
0.6782837 0.2368164 -0.6142578 -0.32641602
0.6782837 0.2368164 -0.6142578 -0.32641602
0.6784668 0.23614502 -0.61413574 -0.3267212
0.6791382 0.23449707 -0.61376953 -0.3272705
0.67944336 0.23358154 -0.6135864 -0.32763672
0.67962646 0.23272705 -0.6134033 -0.328125
0.67962646 0.23272705 -0.6134033 -0.328125
0.67974854 0.23187256 -0.61328125 -0.32861328
0.6798706 0.23114014 -0.6131592 -0.32910156
0.6799927 0.23052979 -0.6130371 -0.32958984
0.6800537 0.22998047 -0.6129761 -0.32995605
0.6802368 0.22961426 -0.61279297 -0.33032227
0.6803589 0.22924805 -0.61260986 -0.33062744
0.6804199 0.22894287 -0.61242676 -0.33093262
0.6791382 0.22930908 -0.61395264 -0.3305664
0.67785645 0.22955322 -0.6154785 -0.33013916
0.6779785 0.22918701 -0.6152344 -0.33062744
0.67803955 0.2288208 -0.61486816 -0.33135986
0.6781006 0.22845459 -0.61450195 -0.33221436
0.6779175 0.22827148 -0.6141968 -0.33319092
0.6777344 0.22821045 -0.6138916 -0.33422852
0.6774292 0.22833252 -0.6135864 -0.33538818
0.677124 0.22857666 -0.61309814 -0.33666992
0.67681885 0.2290039 -0.6124878 -0.33813477
0.6763916 0.2296753 -0.6117554 -0.33996582
0.6759033 0.23059082 -0.6107788 -0.34197998
0.67529297 0.23187256 -0.60961914 -0.34429932
0.67456055 0.23352051 -0.6083374 -0.34698486
0.673584 0.2355957 -0.60687256 -0.35003662
0.6723633 0.23809814 -0.6052246 -0.35351562
0.67089844 0.2411499 -0.60339355 -0.3572998
0.6673584 0.24871826 -0.5991821 -0.36572266
0.6673584 0.24871826 -0.5991821 -0.36572266
0.6652832 0.25305176 -0.59680176 -0.37042236
0.66290283 0.25793457 -0.59417725 -0.37548828
0.6602783 0.26330566 -0.5913696 -0.3807373
0.6572876 0.26940918 -0.5883789 -0.3862915
0.65393066 0.27612305 -0.58514404 -0.39215088
0.65008545 0.28363037 -0.581604 -0.39831543
0.64105225 0.30065918 -0.5739136 -0.41149902
0.63586426 0.30993652 -0.5697632 -0.41833496
0.63586426 0.30993652 -0.5697632 -0.41833496
0.6304321 0.31939697 -0.5653076 -0.42541504
0.6248169 0.32885742 -0.5605469 -0.4328003
0.6189575 0.33831787 -0.555542 -0.44018555
0.61291504 0.3477173 -0.5504761 -0.44769287
0.60058594 0.36517334 -0.539978 -0.4630127
0.59417725 0.3734131 -0.53479004 -0.4706421
0.58776855 0.38134766 -0.5297241 -0.47802734
0.58776855 0.38134766 -0.5297241 -0.47802734
0.58148193 0.38885498 -0.52459717 -0.48529053
0.5753174 0.3959961 -0.51934814 -0.49243164
0.5692749 0.40270996 -0.5140381 -0.49945068
0.55755615 0.414917 -0.5036011 -0.51312256
0.55755615 0.414917 -0.5036011 -0.51312256
0.5518799 0.42053223 -0.49835205 -0.5198364
0.5463257 0.42590332 -0.49310303 -0.52630615
0.54089355 0.43103027 -0.48791504 -0.5325928
0.5355835 0.4359131 -0.48284912 -0.5385132
0.5305786 0.44049072 -0.4777832 -0.54418945
0.5258179 0.44476318 -0.4727173 -0.5498047
0.5213623 0.44866943 -0.46759033 -0.5551758
0.5171509 0.4522705 -0.46240234 -0.5605469
0.51312256 0.45568848 -0.45715332 -0.56573486
0.5090332 0.45898438 -0.45233154 -0.5706177
0.5048218 0.4621582 -0.44799805 -0.5751953
0.5006714 0.4649048 -0.44403076 -0.5797119
0.49664307 0.46740723 -0.44024658 -0.5839844
0.49279785 0.4697876 -0.43670654 -0.5880127
0.4892578 0.47198486 -0.43328857 -0.5916748
0.48614502 0.473938 -0.42993164 -0.5951538
0.4831543 0.47576904 -0.42669678 -0.5984497
0.48016357 0.47753906 -0.42382812 -0.6014404
0.4772339 0.479187 -0.42114258 -0.6043701
0.47436523 0.4807129 -0.41882324 -0.6069946
0.4718628 0.48205566 -0.416687 -0.60943604
0.46984863 0.48309326 -0.41467285 -0.6114502
0.4683838 0.48382568 -0.41271973 -0.6133423
0.4673462 0.4841919 -0.41088867 -0.6151123
0.46636963 0.48431396 -0.40924072 -0.61676025
0.46539307 0.484375 -0.40795898 -0.61834717
0.46453857 0.48425293 -0.40698242 -0.619751
0.4638672 0.48394775 -0.40618896 -0.6209717
0.463562 0.48339844 -0.40570068 -0.62194824
0.46362305 0.48266602 -0.40545654 -0.6226196
0.46392822 0.4817505 -0.4053955 -0.62316895
0.4644165 0.48065186 -0.4053955 -0.6235962
0.46496582 0.47955322 -0.40551758 -0.62402344
0.46539307 0.4784546 -0.40570068 -0.62438965
0.46594238 0.47735596 -0.4058838 -0.62475586
0.4664917 0.47625732 -0.40612793 -0.625
0.46710205 0.47509766 -0.40631104 -0.6253052
0.4677124 0.47399902 -0.4064331 -0.62561035
0.46826172 0.47296143 -0.40655518 -0.6259155
0.46875 0.47198486 -0.40655518 -0.62628174
0.46917725 0.47106934 -0.40649414 -0.62664795
0.46966553 0.4701538 -0.40631104 -0.62713623
0.47003174 0.46917725 -0.40594482 -0.6278076
0.47027588 0.46826172 -0.40551758 -0.6286011
0.47052002 0.46728516 -0.40496826 -0.6295166
0.47058105 0.46618652 -0.40441895 -0.6305542
0.47058105 0.4649048 -0.4038086 -0.631958
0.47039795 0.4633789 -0.4033203 -0.6335449
0.47003174 0.46166992 -0.40301514 -0.6351929
0.46966553 0.45983887 -0.4029541 -0.63690186
0.46923828 0.45788574 -0.40301514 -0.6385498
0.4689331 0.45562744 -0.4029541 -0.64038086
0.46844482 0.45306396 -0.402771 -0.6427002
0.4675293 0.45025635 -0.40264893 -0.64538574
0.46618652 0.44708252 -0.40252686 -0.6486206
0.4644165 0.44360352 -0.40270996 -0.65216064
0.46246338 0.43981934 -0.40325928 -0.65582275
0.46051025 0.4359131 -0.4039917 -0.6593628
0.4586792 0.4317627 -0.4046631 -0.66290283
0.4567871 0.42755127 -0.40545654 -0.6664429
0.45288086 0.41851807 -0.4069214 -0.67388916
0.45080566 0.41381836 -0.4078369 -0.67767334
0.45080566 0.41381836 -0.4078369 -0.67767334
0.44677734 0.40441895 -0.4093628 -0.6850586
0.44677734 0.40441895 -0.4093628 -0.6850586
0.44488525 0.39941406 -0.40966797 -0.6890259
0.44348145 0.39343262 -0.40863037 -0.6939697
0.44274902 0.3861084 -0.4058838 -0.7001343
0.44073486 0.3796997 -0.4052124 -0.70526123
0.43829346 0.37371826 -0.40527344 -0.70996094
0.4360962 0.3673706 -0.40509033 -0.71466064
0.43414307 0.36102295 -0.40496826 -0.71917725
0.43267822 0.354187 -0.40411377 -0.72387695
0.43121338 0.34747314 -0.40344238 -0.72839355
0.42938232 0.34106445 -0.4033203 -0.73254395
0.42749023 0.33459473 -0.40338135 -0.73657227
0.42559814 0.328125 -0.40356445 -0.7404785
0.42382812 0.32159424 -0.40368652 -0.7442627
0.42218018 0.31500244 -0.40393066 -0.7479248
0.4206543 0.3083496 -0.4043579 -0.7513428
0.41918945 0.30181885 -0.40496826 -0.75445557
0.4177246 0.29541016 -0.40576172 -0.7573242
0.41644287 0.2890625 -0.40649414 -0.76013184
0.41522217 0.2828369 -0.40686035 -0.76293945
0.4140625 0.27661133 -0.40704346 -0.7657471
0.41290283 0.27038574 -0.40704346 -0.7685547
0.4118042 0.26428223 -0.40686035 -0.7713623
0.4105835 0.25823975 -0.40667725 -0.7741699
0.4093628 0.25231934 -0.40631104 -0.77697754
0.40820312 0.24639893 -0.4058838 -0.7797241
0.40704346 0.24060059 -0.40527344 -0.78240967
0.4058838 0.23498535 -0.40490723 -0.7849121
0.4046631 0.22979736 -0.40478516 -0.7871704
0.40338135 0.22503662 -0.40490723 -0.78912354
0.4020996 0.22064209 -0.4048462 -0.7910156
0.4008789 0.21655273 -0.4046631 -0.7928467
0.39849854 0.20904541 -0.40393066 -0.79644775
0.3973999 0.20568848 -0.40350342 -0.7980957
0.3973999 0.20568848 -0.40350342 -0.7980957
0.39630127 0.20275879 -0.40319824 -0.79956055
0.3945923 0.19824219 -0.40289307 -0.8016968
0.3945923 0.19824219 -0.40289307 -0.8016968
0.39404297 0.1965332 -0.40264893 -0.80249023
0.3935547 0.1951294 -0.4024048 -0.8031616
0.3932495 0.19390869 -0.4020996 -0.803772
0.39294434 0.19213867 -0.401062 -0.8048706
0.39294434 0.19213867 -0.401062 -0.8048706
0.3928833 0.19152832 -0.40045166 -0.8053589
0.39300537 0.19110107 -0.3998413 -0.80566406
0.39318848 0.19104004 -0.399292 -0.8059082
0.39160156 0.19494629 -0.40283203 -0.8039551
0.3920288 0.19519043 -0.4020996 -0.80407715
0.39245605 0.19555664 -0.40118408 -0.8041992
0.3930664 0.1965332 -0.39923096 -0.8046875
0.3930664 0.1965332 -0.39923096 -0.8046875
0.39318848 0.19702148 -0.3982544 -0.8049927
0.39337158 0.19750977 -0.3972168 -0.80529785
0.39349365 0.19793701 -0.3961792 -0.805603
0.39367676 0.1984253 -0.39520264 -0.8059082
0.39385986 0.19897461 -0.39422607 -0.80615234
0.394104 0.19952393 -0.39331055 -0.80633545
0.39434814 0.20013428 -0.39239502 -0.80651855
0.39465332 0.20074463 -0.3914795 -0.80670166
0.39483643 0.20123291 -0.390625 -0.80688477
0.3949585 0.20153809 -0.38989258 -0.8070679
0.39520264 0.20166016 -0.3892212 -0.807251
0.39544678 0.20166016 -0.38861084 -0.8074341
0.39593506 0.20141602 -0.38806152 -0.8074951
0.3965454 0.2010498 -0.38757324 -0.80755615
0.3972168 0.20062256 -0.3873291 -0.8074341
0.39788818 0.20013428 -0.38739014 -0.80718994
0.39849854 0.19970703 -0.3875122 -0.8069458
0.3991089 0.19934082 -0.3876953 -0.8066406
0.39971924 0.19897461 -0.3876953 -0.8064575
