0.9175415 0.030456543 -0.37835693 -0.11834717
0.91522217 0.028869629 -0.38433838 -0.117248535
0.91290283 0.026550293 -0.39056396 -0.11566162
0.9104004 0.023620605 -0.3970337 -0.11376953
0.90771484 0.020568848 -0.4039917 -0.111572266
0.90478516 0.017822266 -0.41131592 -0.10882568
0.9019165 0.015258789 -0.41870117 -0.105163574
0.8991089 0.013183594 -0.4258423 -0.10040283
0.8964844 0.01159668 -0.4326172 -0.09460449
0.89416504 0.010437012 -0.4389038 -0.08807373
0.8919678 0.009521484 -0.4446411 -0.08093262
0.89001465 0.008544922 -0.44989014 -0.07324219
0.8883667 0.007019043 -0.4545288 -0.064941406
0.8869629 0.0045166016 -0.45837402 -0.055908203
0.8859863 0.0012207031 -0.46142578 -0.046142578
0.88531494 -0.0026245117 -0.46362305 -0.03552246
0.88494873 -0.006958008 -0.46502686 -0.023925781
0.8847656 -0.011657715 -0.46575928 -0.011169434
0.8847046 -0.016906738 -0.46575928 0.0025024414
0.8847046 -0.022216797 -0.46533203 0.016723633
0.8845215 -0.027648926 -0.4645996 0.030944824
0.88427734 -0.03338623 -0.46362305 0.04498291
0.88391113 -0.039367676 -0.46221924 0.05895996
0.88378906 -0.045166016 -0.4598999 0.07324219
0.88409424 -0.046875 -0.45629883 0.08972168
0.88446045 -0.052368164 -0.45184326 0.10394287
0.88531494 -0.057373047 -0.44628906 0.117370605
0.8865967 -0.06188965 -0.43969727 0.12963867
0.88842773 -0.06561279 -0.4319458 0.14093018
0.8907471 -0.06854248 -0.42285156 0.15167236
0.8936157 -0.07110596 -0.4124756 0.16204834
0.8969116 -0.07318115 -0.4006958 0.17218018
0.90057373 -0.07507324 -0.38763428 0.18200684
0.90448 -0.07678223 -0.37335205 0.19146729
0.90844727 -0.07879639 -0.3583374 0.20019531
0.9124756 -0.08117676 -0.34283447 0.20794678
0.9164429 -0.08404541 -0.32702637 0.21472168
0.9203491 -0.0871582 -0.3109131 0.2208252
0.92407227 -0.09033203 -0.29418945 0.22668457
0.92767334 -0.093444824 -0.2769165 0.23242188
0.93115234 -0.09643555 -0.25878906 0.23809814
0.93444824 -0.099731445 -0.24017334 0.24328613
0.9376831 -0.10284424 -0.2211914 0.24761963
0.9407959 -0.10601807 -0.20202637 0.25079346
0.9437866 -0.109191895 -0.18292236 0.25280762
0.9466553 -0.11248779 -0.1638794 0.25372314
0.94940186 -0.11578369 -0.14501953 0.253479
0.95202637 -0.1182251 -0.12646484 0.2522583
0.9547119 -0.119506836 -0.1081543 0.25006104
0.9573364 -0.12023926 -0.0904541 0.24676514
0.95977783 -0.121032715 -0.0736084 0.2423706
0.96209717 -0.12194824 -0.057800293 0.23706055
0.9642334 -0.122680664 -0.042907715 0.2310791
0.96624756 -0.122558594 -0.028930664 0.22460938
0.9682007 -0.12219238 -0.015808105 0.21765137
0.97003174 -0.12158203 -0.0032348633 0.21020508
0.9717407 -0.121032715 0.008850098 0.20233154
0.97332764 -0.121032715 0.020263672 0.19390869
0.97473145 -0.121276855 0.030944824 0.18511963
0.9760132 -0.12164307 0.04095459 0.17590332
0.97735596 -0.121032715 0.05029297 0.16619873
0.97869873 -0.11987305 0.058898926 0.15582275
0.98010254 -0.11828613 0.06652832 0.14471436
0.98150635 -0.11651611 0.07330322 0.1329956
0.9828491 -0.11468506 0.07910156 0.120910645
0.9840698 -0.11291504 0.083984375 0.10870361
0.9852295 -0.110961914 0.08782959 0.09649658
0.9862671 -0.109069824 0.09057617 0.08453369
0.9873047 -0.106933594 0.09210205 0.07287598
0.9883423 -0.10437012 0.092285156 0.061279297
0.9893799 -0.101745605 0.09112549 0.049804688
0.99035645 -0.09954834 0.08850098 0.03857422
0.99121094 -0.097595215 0.08459473 0.027709961
0.9920654 -0.09564209 0.07946777 0.017333984
0.9928589 -0.093933105 0.07324219 0.007507324
0.9935303 -0.09222412 0.06604004 -0.001953125
0.9941406 -0.090270996 0.057800293 -0.011474609
0.99468994 -0.08807373 0.04888916 -0.021118164
0.99505615 -0.085510254 0.039489746 -0.030944824
0.9953003 -0.08276367 0.029724121 -0.041015625
0.9953003 -0.079833984 0.01965332 -0.05126953
0.99505615 -0.07702637 0.009399414 -0.061706543
0.9946289 -0.074157715 -0.0009765625 -0.072265625
0.9938965 -0.0713501 -0.0115356445 -0.08306885
0.99298096 -0.068481445 -0.022338867 -0.09399414
0.9916992 -0.06555176 -0.033203125 -0.10522461
0.9902344 -0.062561035 -0.044128418 -0.11669922
0.9884033 -0.059387207 -0.05493164 -0.1282959
0.98638916 -0.05621338 -0.06555176 -0.13989258
0.98413086 -0.05316162 -0.075805664 -0.15130615
0.9817505 -0.0501709 -0.08557129 -0.16229248
0.9793091 -0.046936035 -0.09484863 -0.17266846
0.97680664 -0.043518066 -0.10369873 -0.18225098
0.97436523 -0.039367676 -0.11230469 -0.1907959
0.9720459 -0.035217285 -0.120666504 -0.19824219
0.96990967 -0.03161621 -0.12878418 -0.20428467
0.96795654 -0.028503418 -0.13684082 -0.2086792
0.96624756 -0.026489258 -0.14483643 -0.21130371
0.96484375 -0.02545166 -0.15301514 -0.21209717
0.96362305 -0.024963379 -0.1616211 -0.21124268
0.96258545 -0.024841309 -0.17047119 -0.20904541
0.96173096 -0.025390625 -0.17919922 -0.20574951
0.96087646 -0.026550293 -0.18780518 -0.20172119
0.96014404 -0.028137207 -0.19616699 -0.19714355
0.9593506 -0.030151367 -0.20452881 -0.1920166
0.9585571 -0.032226562 -0.21313477 -0.1864624
0.95758057 -0.034484863 -0.22198486 -0.18035889
0.956604 -0.036865234 -0.23114014 -0.17352295
0.9555664 -0.03955078 -0.24041748 -0.16607666
0.95440674 -0.04248047 -0.24975586 -0.15802002
0.953125 -0.045288086 -0.25915527 -0.1494751
0.9517212 -0.048339844 -0.26861572 -0.14031982
0.95025635 -0.051635742 -0.2779541 -0.13061523
0.94866943 -0.054992676 -0.28723145 -0.12030029
0.9470825 -0.057006836 -0.2965088 -0.10876465
0.9454956 -0.06036377 -0.3050537 -0.09674072
0.9439697 -0.06439209 -0.3126831 -0.08392334
0.94262695 -0.06842041 -0.3190918 -0.070129395
0.94158936 -0.07244873 -0.3241577 -0.055541992
0.9406738 -0.07647705 -0.32800293 -0.040893555
0.93981934 -0.08062744 -0.33093262 -0.026855469
0.9389038 -0.084472656 -0.333313 -0.013671875
0.9380493 -0.08782959 -0.33520508 -0.0010986328
0.9371338 -0.09088135 -0.33666992 0.010803223
0.93634033 -0.093688965 -0.33764648 0.022399902
0.9356079 -0.09625244 -0.33795166 0.033935547
0.9350586 -0.09875488 -0.33740234 0.04534912
0.93463135 -0.10131836 -0.33618164 0.05645752
0.93426514 -0.10394287 -0.33447266 0.06689453
0.9338379 -0.10687256 -0.3326416 0.076416016
0.9334717 -0.109802246 -0.33062744 0.08508301
0.93310547 -0.1126709 -0.32855225 0.09289551
0.9328003 -0.115478516 -0.32647705 0.09967041
0.93255615 -0.1182251 -0.32440186 0.10546875
0.9324341 -0.12072754 -0.3222046 0.1104126
0.9324341 -0.12286377 -0.3199463 0.11437988
0.93310547 -0.12554932 -0.3149414 0.12005615
0.93310547 -0.12554932 -0.3149414 0.12005615
0.9336548 -0.12640381 -0.3121338 0.12176514
0.9343872 -0.12701416 -0.30932617 0.12286377
0.93518066 -0.12756348 -0.30639648 0.123413086
0.9360962 -0.1281128 -0.3034668 0.123535156
