77.5 8.9375 -19.5
77.8125 8.3125 -19.6875
78.1875 7.6875 -19.8125
78.5625 7 -20.0625
78.9375 6.3125 -20.25
79.3125 5.625 -20.5
79.75 4.8125 -20.8125
80.1875 4.0625 -21.125
80.625 3.25 -21.5
81.125 2.5 -21.875
81.5625 1.75 -22.3125
82 1.0625 -22.6875
82.3125 0.4375 -23.125
82.5625 0 -23.5625
82.75 -0.3125 -24
82.75 -0.4375 -24.3125
82.5625 -0.375 -24.625
82.25 -0.0625 -24.875
81.75 0.375 -25.0625
81.0625 1.0625 -25.125
80.25 2 -25.25
79.3125 3.125 -25.375
78.25 4.4375 -25.5
77.125 6 -25.6875
75.875 7.75 -25.875
74.5625 9.6875 -26.1875
73.1875 11.75 -26.5625
71.6875 13.9375 -27.0625
70.1875 16.25 -27.625
68.625 18.5 -28.3125
67.0625 20.8125 -29.1875
65.5 23 -30.125
63.9375 25.1875 -31.25
62.5 27.3125 -32.5
61.125 29.25 -33.875
59.875 31.1875 -35.3125
58.8125 32.9375 -36.8125
58 34.5625 -38.3125
57.25 36.0625 -39.5
56.625 37.375 -40.5
56.5625 38.3125 -41.5625
56.75 38.9375 -42.3125
57.375 39.3125 -42.8125
58.375 39.375 -43
59.75 39.1875 -42.875
61.375 38.75 -42.3125
63.25 38.125 -41.5625
65.375 37.3125 -40.6875
67.625 36.375 -39.75
70 35.375 -38.8125
72.4375 34.1875 -37.875
74.9375 32.875 -37
77.375 31.5 -36.25
79.8125 30 -35.5
82.1875 28.3125 -35.0625
84.3125 26.5625 -34.5625
86.3125 24.8125 -34.25
88.1875 23.0625 -34.125
89.875 21.375 -34.0625
91.4375 19.8125 -33.9375
92.875 18.4375 -33.8125
94.1875 17.3125 -33.625
95.3125 16.4375 -33.4375
96.1875 15.8125 -33.3125
96.8125 15.5625 -33.125
97.125 15.5625 -33.125
97.125 15.9375 -33.4375
96.6875 16.625 -33.6875
96 17.5625 -34
95 18.8125 -34.4375
93.8125 20.375 -35
92.5 22.0625 -35.6875
91.0625 23.9375 -36.5625
89.5 25.9375 -37.5625
87.875 28 -38.75
86.125 30.0625 -40.0625
84.375 32.1875 -41.5625
82.5625 34.25 -43.25
80.75 36.25 -45.0625
79 38.1875 -47
77.3125 40.0625 -48.9375
75.6875 41.9375 -50.9375
74.4375 43.625 -53.25
163.375 45.3125 -55.3125
162.75 46.9375 -57.375
162.3125 48.4375 -59.1875
162.1875 49.875 -60.75
162.5 51.125 -62
163.1875 52.1875 -62.75
164.375 53.25 -63.0625
165.9375 54.125 -62.8125
167.9375 54.9375 -61.875
170.1875 55.625 -60.25
172.6875 56.125 -58.0625
175.375 56.5 -55.3125
178.1875 56.5625 -52.1875
181.125 56.3125 -48.8125
184.0625 55.8125 -45.4375
187 55 -42.125
189.875 53.875 -39.0625
192.6875 52.625 -36.3125
195.375 51.125 -33.875
198.0625 49.4375 -31.6875
200.6875 47.625 -29.75
203.125 45.75 -27.875
115.5 43.875 -26.1875
117.6875 42 -24.875
119.625 40.125 -23.5625
121.375 38.4375 -22.4375
122.875 36.875 -21.4375
124.125 35.5 -20.6875
125.125 34.375 -20.0625
125.9375 33.5 -19.625
126.5 32.875 -19.1875
126.9375 32.5 -18.875
127.125 32.375 -18.6875
127.1875 32.4375 -18.5625
127.125 32.6875 -18.4375
