1.42 -3.26 9.13
1.31 -3.3 9.13
1.2 -3.33 9.14
1.08 -3.37 9.14
0.96 -3.42 9.13
0.83 -3.47 9.13
0.69 -3.53 9.12
0.56 -3.59 9.1
0.43 -3.65 9.08
0.3 -3.72 9.06
0.18 -3.79 9.04
0.08 -3.86 9.01
0 -3.92 8.98
-0.05 -3.99 8.95
-0.07 -4.04 8.93
-0.06 -4.09 8.91
-0.01 -4.12 8.89
0.06 -4.15 8.88
0.18 -4.17 8.87
0.34 -4.18 8.86
0.53 -4.2 8.84
0.76 -4.21 8.82
1.02 -4.22 8.78
1.32 -4.24 8.73
1.65 -4.27 8.67
2 -4.3 8.58
2.36 -4.33 8.47
2.74 -4.36 8.34
3.11 -4.41 8.18
3.48 -4.47 8
3.84 -4.53 7.8
4.18 -4.6 7.57
4.49 -4.68 7.34
4.79 -4.77 7.09
5.07 -4.85 6.84
5.33 -4.93 6.58
5.56 -5.01 6.33
5.77 -5.04 6.11
5.95 -5.06 5.92
6.08 -5.1 5.75
6.16 -5.13 5.63
6.21 -5.16 5.56
6.22 -5.17 5.53
6.19 -5.17 5.56
6.14 -5.15 5.64
6.05 -5.12 5.76
5.95 -5.08 5.9
5.82 -5.05 6.06
5.67 -5.01 6.22
5.51 -4.98 6.39
5.33 -4.95 6.56
5.13 -4.94 6.73
4.9 -4.93 6.91
4.65 -4.96 7.06
4.39 -4.97 7.21
4.12 -5.01 7.35
3.84 -5.06 7.46
3.58 -5.11 7.56
3.33 -5.15 7.64
3.1 -5.17 7.72
2.92 -5.18 7.79
2.77 -5.18 7.84
2.67 -5.18 7.88
2.63 -5.16 7.9
2.63 -5.16 7.9
2.69 -5.2 7.86
2.8 -5.21 7.81
2.96 -5.23 7.74
3.17 -5.25 7.64
3.41 -5.27 7.52
3.69 -5.3 7.37
3.98 -5.34 7.19
4.29 -5.37 6.98
4.6 -5.41 6.75
4.91 -5.46 6.49
5.22 -5.5 6.2
5.52 -5.55 5.9
5.8 -5.59 5.58
6.06 -5.63 5.25
6.31 -5.65 4.92
6.55 -5.66 4.59
6.77 -5.68 4.24
6.97 -5.67 3.91
7.16 -5.64 3.6
7.34 -5.58 3.32
7.49 -5.51 3.08
7.63 -5.43 2.88
7.75 -5.33 2.74
7.85 -5.22 2.65
7.95 -5.1 2.62
8.03 -4.96 2.65
8.09 -4.8 2.74
8.14 -4.63 2.88
8.17 -4.45 3.07
8.18 -4.26 3.3
8.16 -4.09 3.57
8.11 -3.92 3.86
8.03 -3.77 4.16
7.92 -3.63 4.48
7.79 -3.52 4.79
7.63 -3.43 5.1
7.45 -3.35 5.41
7.24 -3.28 5.73
7.02 -3.19 6.04
6.79 -3.12 6.34
6.56 -3.06 6.61
6.32 -3 6.86
6.1 -2.93 7.09
5.88 -2.87 7.29
5.69 -2.82 7.46
5.53 -2.78 7.59
5.41 -2.74 7.7
5.32 -2.71 7.77
5.27 -2.68 7.81
5.25 -2.65 7.84
5.26 -2.63 7.84
5.29 -2.61 7.82
5.34 -2.59 7.8
