0.7661133 -0.1807251 0.043273926 -0.6152954
0.7644043 -0.17840576 0.04901123 -0.61761475
0.76257324 -0.17602539 0.05505371 -0.6199951
0.76068115 -0.17358398 0.061340332 -0.62249756
0.75860596 -0.17108154 0.06793213 -0.625
0.7564087 -0.16851807 0.07495117 -0.6275635
0.75408936 -0.16589355 0.082458496 -0.63012695
0.75146484 -0.16345215 0.09033203 -0.6328125
0.7485962 -0.16107178 0.09844971 -0.6356201
0.74554443 -0.15893555 0.10650635 -0.63842773
0.7424927 -0.15686035 0.11437988 -0.64105225
0.73968506 -0.1552124 0.12200928 -0.64331055
0.73724365 -0.15405273 0.12902832 -0.64501953
0.7352905 -0.15368652 0.1350708 -0.6461792
0.73394775 -0.15423584 0.13970947 -0.6465454
0.7334595 -0.15570068 0.14257812 -0.64611816
0.73394775 -0.15808105 0.14355469 -0.64471436
0.73547363 -0.16168213 0.14257812 -0.642334
0.7380371 -0.1663208 0.13946533 -0.638916
0.7415161 -0.17193604 0.13421631 -0.63446045
0.74572754 -0.17889404 0.1272583 -0.6290283
0.7505493 -0.18713379 0.11859131 -0.6225586
0.75579834 -0.19647217 0.1081543 -0.6152344
0.7668457 -0.21832275 0.082214355 -0.5979614
0.7722168 -0.23114014 0.0670166 -0.5880127
0.7722168 -0.23114014 0.0670166 -0.5880127
0.7774048 -0.24468994 0.050354004 -0.5772095
0.78234863 -0.25878906 0.03265381 -0.56555176
0.7869873 -0.2730713 0.014099121 -0.55303955
0.7910156 -0.28771973 -0.0045776367 -0.539917
0.7943115 -0.30236816 -0.02331543 -0.5263672
0.79681396 -0.31713867 -0.041809082 -0.51257324
0.798584 -0.33166504 -0.059814453 -0.4987793
0.7994385 -0.34576416 -0.07714844 -0.48516846
0.79937744 -0.35961914 -0.093688965 -0.47210693
0.7982178 -0.3731079 -0.109375 -0.460083
0.7962036 -0.3859253 -0.1239624 -0.4491577
0.79333496 -0.39801025 -0.137146 -0.4397583
0.7908325 -0.40704346 -0.15014648 -0.4317627
0.788208 -0.41479492 -0.16149902 -0.4249878
0.78430176 -0.4225464 -0.16796875 -0.42211914
0.78063965 -0.42803955 -0.17150879 -0.421875
0.7764282 -0.4326172 -0.17120361 -0.42510986
0.7720337 -0.43536377 -0.16760254 -0.43164062
0.7677002 -0.43603516 -0.16113281 -0.44110107
0.7633667 -0.43444824 -0.15228271 -0.453125
0.758667 -0.4312744 -0.14135742 -0.46740723
0.75323486 -0.42694092 -0.12872314 -0.4835205
0.7472534 -0.42163086 -0.114868164 -0.5006714
0.7406006 -0.41534424 -0.099975586 -0.51867676
0.73321533 -0.4083252 -0.08428955 -0.5371704
0.7251587 -0.40063477 -0.06774902 -0.5559082
0.7166748 -0.39227295 -0.05053711 -0.5744629
0.7080078 -0.38287354 -0.032714844 -0.5925293
0.69873047 -0.37365723 -0.013244629 -0.6099243
0.69036865 -0.3633423 0.0048217773 -0.6255493
0.6821289 -0.3529663 0.023071289 -0.64001465
0.6738281 -0.3430786 0.041381836 -0.6530762
0.6660156 -0.33319092 0.05847168 -0.66485596
0.65844727 -0.32348633 0.07397461 -0.6755371
0.65148926 -0.31384277 0.08691406 -0.6852417
0.64489746 -0.30523682 0.09753418 -0.69384766
0.63897705 -0.29815674 0.105651855 -0.7012329
0.63409424 -0.29296875 0.11126709 -0.7069092
0.6307373 -0.2897339 0.113708496 -0.7108154
0.62890625 -0.28948975 0.11401367 -0.7125244
0.6281738 -0.29345703 0.113586426 -0.7116089
0.62976074 -0.29925537 0.109436035 -0.70843506
0.6329956 -0.30755615 0.10272217 -0.7030029
0.63726807 -0.31817627 0.093688965 -0.6956177
0.64208984 -0.3307495 0.08251953 -0.6866455
0.6470947 -0.34509277 0.069885254 -0.67626953
0.6520386 -0.36065674 0.055847168 -0.6645508
0.6569214 -0.37701416 0.04071045 -0.65167236
0.66156006 -0.3939209 0.024597168 -0.63757324
0.6657715 -0.4111328 0.0076904297 -0.6226196
0.66937256 -0.42834473 -0.009643555 -0.6069336
0.67230225 -0.44537354 -0.02734375 -0.59069824
0.6744995 -0.46191406 -0.045410156 -0.5741577
0.6759033 -0.4777832 -0.0637207 -0.55755615
0.6766968 -0.4921875 -0.08239746 -0.5413208
0.6763916 -0.50561523 -0.10089111 -0.52593994
0.6738281 -0.5194702 -0.117614746 -0.512146
0.6705322 -0.53131104 -0.13427734 -0.50006104
0.6657715 -0.54211426 -0.1494751 -0.49041748
0.66070557 -0.5508423 -0.16412354 -0.4827881
0.6549072 -0.55822754 -0.17651367 -0.47784424
0.64868164 -0.5640259 -0.1864624 -0.475708
0.6422119 -0.5678711 -0.19378662 -0.47705078
0.63500977 -0.57037354 -0.19824219 -0.48187256
0.62731934 -0.571228 -0.20007324 -0.49005127
0.6195679 -0.57006836 -0.199646 -0.50128174
0.6118164 -0.56677246 -0.19750977 -0.5151367
0.6038208 -0.5616455 -0.19360352 -0.5314331
0.59552 -0.5548096 -0.18823242 -0.5496826
0.58703613 -0.5463867 -0.18121338 -0.56915283
0.57818604 -0.53674316 -0.17248535 -0.5897827
0.5689087 -0.52593994 -0.16223145 -0.611084
0.55908203 -0.51452637 -0.15057373 -0.6324463
0.5491333 -0.5023804 -0.13824463 -0.65338135
0.5389404 -0.48986816 -0.12512207 -0.6737671
0.517395 -0.46307373 -0.09643555 -0.71313477
0.517395 -0.46307373 -0.09643555 -0.71313477
0.5059204 -0.44836426 -0.08123779 -0.7324219
0.4951172 -0.43267822 -0.06817627 -0.7503662
0.48413086 -0.41674805 -0.055541992 -0.767395
0.47332764 -0.4013672 -0.042907715 -0.782959
0.4633789 -0.3859253 -0.032287598 -0.7970581
0.4543457 -0.3710327 -0.023498535 -0.8095093
0.4463501 -0.35742188 -0.01586914 -0.82025146
0.43945312 -0.34545898 -0.009521484 -0.82910156
0.43371582 -0.33538818 -0.0043945312 -0.8363037
0.42907715 -0.32757568 -0.0005493164 -0.84173584
0.4257202 -0.32183838 0.0015258789 -0.8456421
0.42340088 -0.31829834 0.002380371 -0.84814453
0.4220581 -0.31658936 0.0020751953 -0.8494873
0.42156982 -0.31652832 0.0010375977 -0.84973145
0.42199707 -0.317688 -0.0008544922 -0.8491211
