269.25 9.1875 -69.3125
270.375 8.8125 -69.4375
271.4375 8.5625 -69.5625
272.4375 8.375 -69.6875
273.375 8.1875 -69.875
274.25 8.0625 -70.0625
275.0625 8 -70.3125
275.8125 7.9375 -70.5625
276.375 8 -70.875
276.8125 8.125 -71.125
277.0625 8.25 -71.3125
277.0625 8.375 -71.5625
276.875 8.5 -71.6875
276.4375 8.6875 -71.8125
275.625 8.8125 -72
274.625 8.9375 -72.1875
273.3125 9.0625 -72.3125
271.6875 9.125 -72.5
269.75 9.25 -72.6875
267.5625 9.25 -72.875
265.0625 9.3125 -73.0625
262.375 9.25 -73.3125
259.5625 9.1875 -73.625
256.5625 9.125 -74
253.4375 9.0625 -74.4375
250.25 9 -75
246.9375 9 -75.5625
243.6875 9 -76.1875
240.5 9.125 -76.8125
237.375 9.25 -77.3125
234.5 9.375 -77.75
232 9.5625 -78.125
229.8125 9.8125 -78.4375
228.25 10 -78.875
227.25 10.3125 -79.4375
226.75 10.625 -79.9375
226.75 11 -80.5
227.125 11.375 -81
227.875 11.875 -81.5
228.875 12.3125 -82.0625
230.125 12.875 -82.625
231.5 13.5 -83.1875
233.125 14.1875 -83.75
234.75 15 -84.3125
236.4375 15.875 -84.75
238.125 16.9375 -85.25
239.8125 18 -85.5625
241.6875 19.125 -85.8125
243.6875 20.1875 -86.125
245.6875 21.25 -86.25
247.625 22.25 -86.25
249.5625 23.1875 -86.0625
251.3125 24.0625 -85.75
252.75 24.8125 -85.3125
253.875 25.375 -84.875
255 25.875 -85.1875
255.5625 26.125 -85.5625
255.4375 26.1875 -85.5625
254.4375 25.9375 -86
253.5 25.75 -86.375
251.75 25.375 -87.3125
249.625 24.9375 -88.3125
247.3125 24.4375 -89.5625
244.875 23.875 -90.8125
242.25 23.25 -92.1875
239.6875 22.5 -93.5
237 21.875 -94.9375
234.25 21.25 -96.375
231.5625 20.5625 -97.6875
228.875 20 -98.375
226.4375 19.625 -99.625
224.0625 19.1875 -100.875
221.9375 19 -101.625
219.8125 18.875 -102.375
218.0625 19.0625 -103.0625
216.5625 19.4375 -103.6875
215.375 20 -104.1875
214.4375 20.75 -104.625
213.75 21.625 -105
213.3125 22.6875 -105.375
213.125 24.0625 -105.75
213.0625 25.625 -106.125
213.125 27.5 -106.375
213.375 29.5 -106.5
213.8125 31.5625 -106.4375
214.4375 33.625 -106.3125
215.3125 35.6875 -106
216.3125 37.75 -105.625
217.5 39.75 -105.125
218.6875 41.6875 -104.5
219.9375 43.6875 -103.9375
223.8125 45.6875 -102.9375
228.25 47.5625 -101.75
232.3125 49.375 -100.25
235.9375 50.9375 -98.625
239 52.3125 -96.75
241.5 53.5 -94.875
243.5 54.4375 -93.125
245 55.125 -91.5625
246.125 55.625 -90.375
246.8125 56 -89.5625
247.1875 56.25 -89.0625
247.3125 56.4375 -88.9375
247.1875 56.625 -89
247 56.6875 -89.25
246.625 56.75 -89.6875
246.25 56.75 -90.125
245.6875 56.6875 -90.5625
245.125 56.625 -91.0625
244.5 56.5 -91.5625
243.875 56.375 -92.0625
243.1875 56.1875 -92.625
242.4375 55.9375 -93.1875
