1.51 -9.07 3.39
1.46 -9.08 3.38
1.43 -9.1 3.36
1.4 -9.11 3.33
1.38 -9.12 3.3
1.37 -9.14 3.26
1.36 -9.16 3.22
1.37 -9.17 3.17
1.38 -9.18 3.13
1.4 -9.19 3.1
1.43 -9.2 3.06
1.45 -9.2 3.03
1.48 -9.21 3.01
1.5 -9.21 2.98
1.53 -9.22 2.96
1.54 -9.22 2.93
1.56 -9.23 2.9
1.57 -9.24 2.87
1.58 -9.24 2.84
1.58 -9.26 2.81
1.58 -9.27 2.77
1.57 -9.28 2.72
1.55 -9.3 2.66
1.54 -9.33 2.59
1.53 -9.35 2.5
1.53 -9.38 2.41
1.54 -9.4 2.3
1.55 -9.42 2.2
1.57 -9.44 2.12
1.6 -9.45 2.05
1.63 -9.46 1.98
1.67 -9.46 1.92
1.7 -9.47 1.85
1.75 -9.48 1.76
1.81 -9.49 1.67
1.87 -9.49 1.58
1.94 -9.49 1.49
2.01 -9.49 1.4
2.1 -9.48 1.31
2.19 -9.47 1.22
2.29 -9.46 1.12
2.41 -9.45 1.02
2.54 -9.42 0.93
2.69 -9.39 0.85
2.85 -9.34 0.77
3.03 -9.29 0.71
3.21 -9.24 0.66
3.39 -9.18 0.61
3.56 -9.11 0.59
3.72 -9.05 0.58
3.86 -8.99 0.6
4 -8.92 0.65
4.11 -8.87 0.72
4.21 -8.82 0.78
4.28 -8.79 0.73
4.32 -8.77 0.67
4.33 -8.77 0.67
4.29 -8.79 0.61
4.26 -8.81 0.55
4.2 -8.84 0.41
4.14 -8.88 0.25
4.06 -8.92 0.06
3.97 -8.96 -0.13
3.87 -9 -0.34
3.76 -9.03 -0.55
3.65 -9.06 -0.79
3.56 -9.07 -1.01
3.45 -9.09 -1.23
3.35 -9.11 -1.34
3.29 -9.1 -1.55
3.22 -9.09 -1.75
3.2 -9.07 -1.87
3.17 -9.06 -1.99
3.2 -9.02 -2.1
3.26 -8.98 -2.18
3.35 -8.93 -2.26
3.47 -8.87 -2.31
3.61 -8.8 -2.36
3.79 -8.71 -2.4
3.99 -8.61 -2.43
4.24 -8.49 -2.45
4.53 -8.34 -2.45
4.82 -8.18 -2.42
5.13 -8.01 -2.37
5.43 -7.83 -2.29
5.72 -7.64 -2.2
6 -7.46 -2.09
6.27 -7.27 -1.97
6.52 -7.08 -1.83
6.77 -6.87 -1.71
7.01 -6.67 -1.53
7.24 -6.47 -1.35
7.44 -6.27 -1.14
7.61 -6.1 -0.93
7.76 -5.94 -0.7
7.88 -5.8 -0.49
7.97 -5.69 -0.31
8.04 -5.6 -0.15
8.09 -5.53 -0.04
8.13 -5.47 0.03
8.15 -5.44 0.08
8.17 -5.41 0.09
8.18 -5.39 0.09
8.19 -5.38 0.06
8.2 -5.37 0.02
8.2 -5.37 -0.01
8.19 -5.38 -0.05
8.19 -5.39 -0.1
8.18 -5.4 -0.14
8.16 -5.42 -0.19
8.14 -5.44 -0.25
8.12 -5.47 -0.3
8.09 -5.51 -0.36
