0.47698975 -0.40631104 0.40130615 -0.6680908
0.47460938 -0.40283203 0.4055786 -0.6693115
0.47161865 -0.39953613 0.40979004 -0.6708374
0.46813965 -0.39660645 0.4138794 -0.6725464
0.4642334 -0.39404297 0.41796875 -0.67419434
0.460083 -0.39178467 0.4220581 -0.67578125
0.45568848 -0.3897705 0.42608643 -0.67736816
0.45117188 -0.38830566 0.42999268 -0.678772
0.44659424 -0.38745117 0.43347168 -0.68011475
0.44244385 -0.38702393 0.43615723 -0.68133545
0.43896484 -0.38720703 0.4381714 -0.68218994
0.43658447 -0.38793945 0.4393921 -0.6824951
0.43554688 -0.38952637 0.43963623 -0.6821289
0.4360962 -0.3920288 0.43878174 -0.68084717
0.4383545 -0.39575195 0.43707275 -0.6783447
0.44250488 -0.4005127 0.43432617 -0.6746826
0.44848633 -0.40625 0.43048096 -0.66967773
0.45635986 -0.41314697 0.42559814 -0.66326904
0.4661255 -0.42108154 0.41949463 -0.6553345
0.47766113 -0.42999268 0.4121704 -0.645813
0.49072266 -0.4399414 0.40386963 -0.63446045
0.50512695 -0.45056152 0.3945923 -0.6213989
0.52038574 -0.461792 0.38452148 -0.60668945
0.5357666 -0.47369385 0.3739624 -0.59051514
0.5509033 -0.48614502 0.36273193 -0.57318115
0.5654297 -0.4989624 0.35107422 -0.5550537
0.5790405 -0.5120239 0.3388672 -0.53637695
0.5914917 -0.52508545 0.32641602 -0.5175171
0.60266113 -0.5378418 0.3137207 -0.49908447
0.6129761 -0.54907227 0.30059814 -0.4821167
0.6218262 -0.5588989 0.28808594 -0.4668579
0.62872314 -0.5675049 0.2769165 -0.4537964
0.6341553 -0.57470703 0.2670288 -0.44299316
0.6364746 -0.5809326 0.26049805 -0.43536377
0.6357422 -0.5864868 0.25683594 -0.43115234
0.6328125 -0.5908203 0.25561523 -0.43023682
0.6277466 -0.59417725 0.25689697 -0.432312
0.6207886 -0.5965576 0.26031494 -0.43695068
0.6121826 -0.59802246 0.26556396 -0.4439087
0.60198975 -0.59887695 0.27227783 -0.45257568
0.59020996 -0.5991211 0.2802124 -0.46276855
0.57684326 -0.598999 0.2892456 -0.4741211
0.56188965 -0.5983887 0.2993164 -0.4864502
0.5458374 -0.59710693 0.30944824 -0.4998169
0.5284424 -0.5953369 0.31951904 -0.5140381
0.5097046 -0.59313965 0.32965088 -0.5288696
0.49005127 -0.59002686 0.33972168 -0.5443115
0.46948242 -0.58599854 0.35009766 -0.5600586
0.44750977 -0.5812378 0.3612671 -0.57562256
0.42596436 -0.57580566 0.3718872 -0.59051514
0.40496826 -0.56951904 0.38189697 -0.60479736
0.38537598 -0.5623779 0.39074707 -0.61846924
0.36749268 -0.55493164 0.39813232 -0.6312256
0.35205078 -0.54785156 0.4038086 -0.6425171
0.3395996 -0.54193115 0.40777588 -0.65167236
0.32751465 -0.5396118 0.4140625 -0.6557617
0.32055664 -0.53912354 0.41809082 -0.6571045
0.32037354 -0.5397949 0.4175415 -0.65704346
0.32757568 -0.545105 0.41436768 -0.651062
0.3347168 -0.55041504 0.41107178 -0.64501953
0.34649658 -0.56066895 0.4055786 -0.6333008
0.35992432 -0.57281494 0.39874268 -0.6191406
0.3743286 -0.5864258 0.39086914 -0.60266113
0.3892212 -0.6008301 0.38201904 -0.58447266
0.4039917 -0.6158447 0.37219238 -0.5647583
0.41845703 -0.63031006 0.36206055 -0.54455566
0.43121338 -0.64593506 0.35095215 -0.52319336
0.44299316 -0.66101074 0.33892822 -0.5019531
0.4543457 -0.6754761 0.32659912 -0.48028564
0.46697998 -0.68652344 0.3121338 -0.46173096
0.47338867 -0.6992798 0.30029297 -0.44360352
0.4794922 -0.7114868 0.288208 -0.4251709
0.484375 -0.72052 0.27624512 -0.41229248
0.48901367 -0.729187 0.26416016 -0.39923096
0.48980713 -0.7364502 0.2543335 -0.39117432
0.48931885 -0.7424927 0.24560547 -0.38604736
0.4866333 -0.7474365 0.23852539 -0.38427734
0.4827881 -0.7510376 0.23278809 -0.38555908
0.4772339 -0.75372314 0.2288208 -0.3895874
0.4694214 -0.75579834 0.2265625 -0.39642334
0.45916748 -0.75720215 0.22558594 -0.40612793
0.44665527 -0.7579346 0.2253418 -0.41864014
0.4321289 -0.7578125 0.22576904 -0.4336548
0.4163208 -0.75634766 0.22705078 -0.45056152
0.3991089 -0.7538452 0.22949219 -0.46881104
0.38085938 -0.75024414 0.23284912 -0.48773193
0.3616333 -0.74560547 0.23736572 -0.506897
0.34143066 -0.7401123 0.24298096 -0.5258789
0.32061768 -0.7338867 0.24920654 -0.54455566
0.29901123 -0.7269287 0.25543213 -0.56292725
0.2756958 -0.7200928 0.26208496 -0.58032227
0.25445557 -0.71240234 0.2662964 -0.59729004
0.23364258 -0.7044678 0.2694702 -0.6135864
0.21453857 -0.6960449 0.27160645 -0.62908936
0.19677734 -0.68756104 0.27337646 -0.6432495
0.1819458 -0.67907715 0.2736206 -0.6563721
0.16931152 -0.6713867 0.27331543 -0.66778564
0.15917969 -0.6646118 0.27252197 -0.6772461
0.15142822 -0.65911865 0.2713623 -0.68481445
0.14587402 -0.65509033 0.2701416 -0.69036865
0.14227295 -0.6524658 0.26879883 -0.6940918
0.14025879 -0.6513672 0.26727295 -0.696167
0.13964844 -0.65148926 0.26550293 -0.6968384
0.14013672 -0.6525879 0.2635498 -0.69647217
0.14129639 -0.6543579 0.2616577 -0.69525146
0.1430664 -0.6565552 0.25982666 -0.6935425
0.14538574 -0.6588745 0.25787354 -0.6915283
0.14819336 -0.6613159 0.25585938 -0.68933105
0.15124512 -0.66381836 0.25402832 -0.6869507
0.15454102 -0.6663208 0.2522583 -0.68444824
0.15808105 -0.6688843 0.2506714 -0.6817627
0.16174316 -0.6713257 0.24932861 -0.6789551
0.16558838 -0.6738281 0.24822998 -0.67596436
