285.375 5.625 -77.9375
285.9375 5.6875 -78.1875
286.625 5.75 -78.5625
287.3125 5.875 -78.9375
288 6 -79.375
288.625 6.125 -79.8125
289.1875 6.3125 -80.25
289.6875 6.5625 -80.6875
290 6.75 -81.0625
290.0625 6.9375 -81.4375
289.9375 7.0625 -81.625
289.5625 7.125 -81.875
289 7 -82.1875
288.3125 6.6875 -82.75
287.3125 6.1875 -83.125
286.125 5.5625 -83.5625
284.6875 4.8125 -84
283 4 -84.5
281.0625 3.125 -85
278.875 2.25 -85.5
276.5 1.4375 -86
273.875 0.625 -86.4375
271.125 0 -87
268.1875 -0.5625 -87.5625
265.1875 -1 -88.125
262.1875 -1.1875 -88.3125
259.1875 -1.25 -88.8125
256.4375 -1.1875 -89.125
254 -1 -89.375
252.0625 -0.75 -89.875
250.625 -0.4375 -90.375
249.6875 0 -91
249.0625 0.5625 -91.625
248.8125 1.3125 -92.25
248.875 2.1875 -92.9375
249.3125 3.125 -93.5625
249.9375 4.1875 -94.1875
251 5.25 -94.75
252.25 6.375 -95.25
253.75 7.625 -95.6875
255.3125 9 -96.1875
256.875 10.4375 -96.4375
258.5625 12 -96.625
260.3125 13.625 -96.8125
261.875 15.1875 -96.6875
263.5 16.6875 -96.4375
264.875 18 -96.25
266.1875 19.1875 -96.1875
267.1875 20 -96.0625
268.125 20.5 -96.625
268.75 20.625 -97.6875
268.625 20.4375 -98
268.1875 19.9375 -98.625
267.3125 19.25 -99.5
266.0625 18.4375 -100.5625
264.375 17.5625 -101.75
262.4375 16.5625 -103
260.1875 15.5625 -104.25
257.8125 14.5625 -105.5
255.3125 13.5625 -106.75
252.6875 12.5 -108
249.9375 11.5 -108.375
247.25 10.5 -108.75
244.6875 9.6875 -109.6875
242.1875 9 -110.5
239.75 8.4375 -111.125
237.4375 8 -111.6875
235.25 7.75 -112.375
233.125 7.6875 -113
231.125 7.8125 -113.5625
229.3125 8.0625 -114.1875
227.875 8.625 -115
226.625 9.5 -115.875
225.625 10.625 -116.75
224.9375 12.125 -117.5625
224.5 13.8125 -118.375
224.25 15.8125 -119.0625
224.25 18.0625 -119.6875
224.4375 20.5 -120.25
224.8125 23.0625 -120.625
225.3125 25.75 -120.875
225.875 28.4375 -120.9375
226.5 31.25 -120.9375
227.125 33.9375 -120.8125
227.6875 36.5625 -120.625
228.125 39.1875 -120.3125
228.5 41.75 -119.9375
228.625 44.25 -119.25
239 46.625 -118.25
242.5625 48.75 -117.1875
245.75 50.625 -116.3125
248.5625 52.1875 -115.625
250.75 53.4375 -114.875
252.3125 54.375 -114.25
253.4375 55.0625 -113.875
254.125 55.4375 -113.625
