0.97 -9.55 1.98
0.99 -9.56 1.93
1 -9.57 1.86
1.02 -9.58 1.79
1.05 -9.59 1.71
1.08 -9.6 1.64
1.12 -9.61 1.57
1.15 -9.62 1.5
1.18 -9.62 1.44
1.21 -9.62 1.4
1.21 -9.63 1.37
1.2 -9.64 1.31
1.14 -9.66 1.22
1.06 -9.67 1.15
0.95 -9.69 1.08
0.82 -9.71 1.01
0.68 -9.73 0.93
0.53 -9.75 0.84
0.39 -9.76 0.76
0.24 -9.77 0.68
0.11 -9.78 0.59
0 -9.79 0.51
-0.1 -9.79 0.41
-0.17 -9.79 0.31
-0.21 -9.8 0.27
-0.21 -9.8 0.19
-0.2 -9.8 0.14
-0.17 -9.8 0.09
-0.13 -9.8 0.02
-0.07 -9.8 -0.06
0 -9.8 -0.17
0.1 -9.8 -0.27
0.22 -9.79 -0.38
0.37 -9.78 -0.5
0.54 -9.77 -0.61
0.71 -9.75 -0.71
0.9 -9.73 -0.8
1.09 -9.7 -0.89
1.3 -9.67 -0.97
1.53 -9.62 -1.04
1.78 -9.58 -1.08
2.04 -9.52 -1.11
2.31 -9.46 -1.13
2.57 -9.39 -1.1
2.81 -9.33 -1.05
3.03 -9.26 -1.01
3.22 -9.2 -1
3.35 -9.16 -0.98
3.44 -9.12 -1.06
3.46 -9.09 -1.23
3.42 -9.09 -1.28
3.35 -9.11 -1.38
3.23 -9.12 -1.53
3.1 -9.14 -1.71
2.95 -9.15 -1.9
2.8 -9.15 -2.11
2.63 -9.15 -2.32
2.46 -9.14 -2.54
2.3 -9.12 -2.75
2.13 -9.1 -2.96
1.96 -9.11 -3.03
1.79 -9.12 -3.1
1.65 -9.09 -3.26
1.53 -9.06 -3.39
1.43 -9.04 -3.5
1.37 -9.02 -3.59
1.32 -8.98 -3.7
1.31 -8.94 -3.8
1.33 -8.9 -3.89
1.37 -8.85 -3.97
1.47 -8.78 -4.1
1.62 -8.69 -4.22
1.81 -8.6 -4.34
2.06 -8.49 -4.44
2.34 -8.37 -4.52
2.67 -8.24 -4.59
3.04 -8.09 -4.62
3.44 -7.93 -4.63
3.85 -7.75 -4.6
4.26 -7.57 -4.53
4.67 -7.38 -4.43
5.08 -7.18 -4.31
5.47 -6.98 -4.17
5.84 -6.77 -4.01
6.2 -6.55 -3.83
6.53 -6.33 -3.65
6.84 -6.12 -3.43
7.12 -5.92 -3.19
7.37 -5.74 -2.95
7.58 -5.57 -2.75
7.75 -5.41 -2.59
7.88 -5.29 -2.45
7.97 -5.2 -2.34
8.04 -5.13 -2.27
8.07 -5.09 -2.23
8.09 -5.07 -2.21
