0.40612793 -0.38153076 0.5006714 -0.66241455
0.40118408 -0.38000488 0.5041504 -0.6636963
0.39562988 -0.37841797 0.50823975 -0.66485596
0.3895874 -0.37695312 0.5126343 -0.6658325
0.38311768 -0.37561035 0.5172119 -0.6668091
0.37634277 -0.37445068 0.5216675 -0.6678467
0.3696289 -0.37353516 0.5258789 -0.66882324
0.36340332 -0.3729248 0.5297241 -0.6694946
0.35827637 -0.3729248 0.53289795 -0.6697998
0.35461426 -0.37390137 0.53515625 -0.66937256
0.35327148 -0.37561035 0.5358887 -0.66851807
0.35443115 -0.3781128 0.53570557 -0.666626
0.3581543 -0.38189697 0.53564453 -0.6625366
0.36419678 -0.3873291 0.5363159 -0.6555176
0.37420654 -0.39331055 0.53497314 -0.64733887
0.38690186 -0.4005127 0.53308105 -0.6369629
0.40197754 -0.40893555 0.53027344 -0.6245117
0.4185791 -0.4185791 0.5265503 -0.61016846
0.43621826 -0.42944336 0.5218506 -0.5941162
0.45446777 -0.44128418 0.5159912 -0.5765991
0.47283936 -0.4539795 0.50897217 -0.5578613
0.49084473 -0.46759033 0.5007324 -0.538208
0.5079346 -0.4819336 0.49157715 -0.51776123
0.5235596 -0.4967041 0.48168945 -0.49713135
0.53723145 -0.5117798 0.47094727 -0.47711182
0.550354 -0.5252075 0.45819092 -0.45965576
0.5601196 -0.5392456 0.44641113 -0.44293213
0.5684204 -0.55133057 0.43450928 -0.42907715
0.5749512 -0.5617676 0.42358398 -0.41760254
0.5780029 -0.571167 0.41558838 -0.40863037
0.578125 -0.57891846 0.4104004 -0.40283203
0.5753174 -0.5853882 0.40759277 -0.40026855
0.5700073 -0.5906372 0.4066162 -0.40118408
0.56225586 -0.59472656 0.40759277 -0.4050293
0.5524292 -0.5977783 0.41027832 -0.41131592
0.5408325 -0.59954834 0.41448975 -0.41986084
0.52752686 -0.5999756 0.42010498 -0.43048096
0.5126953 -0.598938 0.42730713 -0.44256592
0.49621582 -0.5965576 0.43579102 -0.4560547
0.47821045 -0.5930176 0.44488525 -0.47088623
0.45825195 -0.5888672 0.45440674 -0.48657227
0.4373169 -0.5834961 0.463562 -0.50335693
0.41503906 -0.57733154 0.47265625 -0.5206299
0.39178467 -0.57073975 0.48156738 -0.5374756
0.3696289 -0.56311035 0.48895264 -0.5541992
0.34851074 -0.5552368 0.49560547 -0.5698242
0.32836914 -0.54803467 0.5015869 -0.583313
0.31030273 -0.5419922 0.50738525 -0.59375
0.29663086 -0.5369873 0.5116577 -0.6015625
0.28485107 -0.5350952 0.5178833 -0.60357666
0.2769165 -0.5361328 0.5248413 -0.6003418
0.2786255 -0.53778076 0.52557373 -0.5974121
0.28405762 -0.54241943 0.5258789 -0.59039307
0.2925415 -0.54992676 0.5252075 -0.57977295
0.30340576 -0.5600586 0.5231323 -0.56622314
0.31604004 -0.57232666 0.5192871 -0.55041504
0.3295288 -0.58636475 0.513916 -0.53240967
0.34350586 -0.60150146 0.506897 -0.5130615
0.35736084 -0.6173706 0.4985962 -0.4925537
0.3706665 -0.6334839 0.48901367 -0.47131348
0.38311768 -0.6498413 0.4784546 -0.4494629
0.3998413 -0.6630249 0.46380615 -0.43066406
0.41503906 -0.6755371 0.44934082 -0.41168213
0.42468262 -0.68963623 0.43695068 -0.39135742
0.43322754 -0.70251465 0.4239502 -0.37280273
0.44085693 -0.71417236 0.41064453 -0.35632324
0.44726562 -0.7247925 0.3973999 -0.34161377
0.45111084 -0.7352905 0.3848877 -0.32824707
0.45343018 -0.7449951 0.3727417 -0.31695557
0.45477295 -0.7537842 0.3607788 -0.30792236
0.45446777 -0.76171875 0.35009766 -0.30108643
0.44970703 -0.76971436 0.3418579 -0.29742432
0.44274902 -0.7767334 0.33502197 -0.29730225
0.43359375 -0.7827759 0.3297119 -0.30096436
0.42236328 -0.78759766 0.32592773 -0.30822754
0.4091797 -0.7913208 0.32373047 -0.31878662
0.39422607 -0.7935791 0.32287598 -0.33251953
0.3774414 -0.79455566 0.32318115 -0.34906006
0.35882568 -0.7941284 0.32470703 -0.36761475
0.33911133 -0.7922363 0.32702637 -0.38781738
0.3187256 -0.78900146 0.32977295 -0.4088745
0.2979126 -0.78460693 0.3324585 -0.43023682
0.27600098 -0.77941895 0.33532715 -0.45159912
0.25402832 -0.7737427 0.33776855 -0.4718628
0.23242188 -0.7677002 0.3395996 -0.4911499
0.21124268 -0.7614136 0.3404541 -0.50964355
0.19000244 -0.75512695 0.34051514 -0.52697754
0.17132568 -0.7485962 0.3383789 -0.54382324
0.15490723 -0.7420654 0.33477783 -0.5596924
0.14001465 -0.7357788 0.33081055 -0.5740967
0.12585449 -0.73010254 0.32800293 -0.5861206
0.11254883 -0.72509766 0.32666016 -0.5957031
0.10223389 -0.7208252 0.32513428 -0.6035156
0.09448242 -0.7175293 0.32385254 -0.609375
0.08905029 -0.715271 0.322937 -0.61328125
0.085754395 -0.7140503 0.3223877 -0.61553955
