341.9375 55.5625 -149.1875
342.4375 56.0625 -148.9375
342.9375 56.5625 -148.6875
343.4375 57.125 -148.375
344.0625 57.625 -148.1875
344.625 58.1875 -147.9375
345.25 58.75 -147.6875
345.875 59.3125 -147.4375
346.625 59.875 -147.25
347.375 60.375 -147.125
348.125 60.875 -147.0625
348.875 61.3125 -147.1875
349.5 61.6875 -147.4375
350.0625 61.9375 -147.75
350.375 62 -148.125
350.5625 61.875 -148.5
350.5 61.5625 -148.875
350.25 60.9375 -149.25
349.9375 60.0625 -149.75
349.25 58.875 -150.25
348.1875 57.375 -150.6875
346.8125 55.5625 -151.1875
345.125 53.5 -151.6875
343.125 51.1875 -152.25
340.75 48.5625 -152.8125
337.875 45.75 -153.3125
295.5 42.75 -153.8125
295.9375 39.5625 -154.3125
296.375 36.3125 -154.75
296.6875 33 -155.3125
296.9375 29.6875 -155.875
297.125 26.4375 -156.5625
297.1875 23.3125 -157.25
297.0625 20.25 -157.875
296.9375 17.4375 -158.4375
296.6875 14.875 -159.125
296.3125 12.625 -159.5
295.875 10.6875 -160.0625
295.4375 9.1875 -160.625
295 8.1875 -161.0625
294.5625 7.6875 -161.5625
294.125 7.75 -162.1875
293.625 8.3125 -162.8125
293.0625 9.4375 -163.4375
292.5 10.9375 -164.1875
291.9375 12.75 -164.9375
291.3125 14.9375 -165.8125
290.625 17.4375 -166.75
289.9375 20.125 -167.625
289.25 23.0625 -168.625
288.5 26.1875 -169.75
287.6875 29.375 -171
286.875 32.6875 -172.4375
285.9375 36 -174.0625
285 39.25 -175.6875
284.125 42.3125 -177.625
12.3125 45.125 -179.4375
15.0625 47.625 178.5625
17.5625 49.6875 176.6875
19.0625 51.3125 175.375
20 52.375 174.5
20.875 52.875 174
20.875 52.75 174.25
20.5625 52.125 174.9375
20.125 51 175.8125
19.5625 49.4375 176.75
19.0625 47.4375 177.6875
18.4375 45.125 178.5625
286.5625 42.4375 179.375
287.375 39.5 -179.9375
288.1875 36.375 -179.5
289 33.0625 -179.25
289.6875 29.6875 -179.1875
290.25 26.25 -179.1875
290.625 22.875 -179.4375
290.8125 19.5625 -179.5
290.8125 16.3125 -179.625
290.625 13.3125 179.6875
290.25 10.4375 179.125
289.75 7.75 178.6875
289.125 5.375 178.375
288.4375 3.1875 178
287.75 1.3125 177.75
287.0625 -0.1875 177.3125
286.3125 -1.4375 176.8125
285.5 -2.375 176.1875
284.5625 -3 175.4375
283.5 -3.1875 174.6875
282.375 -3 173.875
281.1875 -2.375 173
279.9375 -1.375 172.0625
278.625 -0.0625 171
277.3125 1.5 169.9375
275.9375 3.3125 168.8125
274.625 5.375 167.625
273.375 7.5625 166.3125
272.0625 9.875 164.9375
270.6875 12.3125 163.4375
269.375 14.75 161.875
267.9375 17.25 160.125
266.4375 19.5625 158.3125
264.9375 21.6875 156.5
263.4375 23.625 154.5
261.9375 25.1875 152.5
260.5 26.5 150.75
259.1875 27.5625 149.125
258.0625 28.4375 147.75
257.125 29.125 146.625
256.3125 29.625 145.5625
345.75 29.9375 144.6875
345.9375 30.125 143.875
346.3125 30.1875 143.25
346.625 30.125 142.875
346.875 30 142.75
347 29.875 142.75
