8.13 -2.82 -4.68
8.18 -2.8 -4.61
8.23 -2.78 -4.53
8.28 -2.76 -4.45
8.33 -2.73 -4.37
8.38 -2.71 -4.29
8.43 -2.68 -4.21
8.48 -2.65 -4.13
8.52 -2.62 -4.06
8.57 -2.58 -4
8.6 -2.54 -3.95
8.63 -2.49 -3.91
8.65 -2.45 -3.9
8.66 -2.42 -3.9
8.65 -2.4 -3.93
8.62 -2.41 -3.99
8.57 -2.43 -4.09
8.49 -2.45 -4.22
8.39 -2.51 -4.39
8.26 -2.58 -4.6
8.09 -2.66 -4.85
7.88 -2.75 -5.13
7.64 -2.85 -5.43
7.35 -2.96 -5.76
7.02 -3.06 -6.11
6.65 -3.17 -6.46
6.25 -3.27 -6.81
5.81 -3.36 -7.14
5.34 -3.43 -7.46
4.86 -3.47 -7.77
4.37 -3.48 -8.05
3.88 -3.48 -8.3
3.4 -3.46 -8.52
2.94 -3.43 -8.69
2.52 -3.37 -8.85
2.15 -3.34 -8.96
1.82 -3.28 -9.05
1.57 -3.2 -9.13
1.4 -3.14 -9.18
1.31 -3.06 -9.22
1.32 -2.97 -9.25
1.42 -2.86 -9.26
1.6 -2.75 -9.27
1.86 -2.62 -9.26
2.17 -2.48 -9.23
2.53 -2.31 -9.18
2.94 -2.14 -9.1
3.38 -1.96 -8.99
3.84 -1.77 -8.84
4.32 -1.56 -8.65
4.81 -1.33 -8.43
5.3 -1.07 -8.17
5.77 -0.81 -7.88
6.2 -0.56 -7.57
6.6 -0.29 -7.24
6.95 -0.06 -6.91
7.24 0.15 -6.6
7.48 0.35 -6.32
7.65 0.49 -6.1
7.76 0.56 -5.95
7.81 0.61 -5.88
7.81 0.58 -5.89
7.74 0.52 -5.99
7.62 0.44 -6.14
7.45 0.35 -6.36
7.22 0.26 -6.62
6.95 0.16 -6.91
6.62 0.07 -7.23
6.24 0 -7.56
5.81 -0.06 -7.89
5.35 -0.1 -8.21
4.85 -0.12 -8.51
4.34 -0.11 -8.79
3.81 -0.08 -9.03
3.28 -0.07 -9.23
2.76 -0.05 -9.4
2.25 0.04 -9.54
1.77 0.14 -9.64
1.32 0.21 -9.71
0.91 0.27 -9.75
0.55 0.33 -9.78
0.23 0.37 -9.79
-0.03 0.45 -9.79
-0.24 0.54 -9.78
-0.41 0.64 -9.77
-0.51 0.77 -9.76
-0.55 0.9 -9.74
-0.51 1.04 -9.73
-0.41 1.19 -9.72
-0.24 1.35 -9.7
-0.01 1.52 -9.68
0.26 1.7 -9.65
0.57 1.88 -9.6
0.92 2.08 -9.53
1.29 2.28 -9.44
1.68 2.5 -9.32
2.09 2.72 -9.18
2.5 2.94 -9.01
2.91 3.18 -8.8
3.29 3.41 -8.58
3.63 3.63 -8.35
3.93 3.86 -8.1
4.18 4.09 -7.86
4.38 4.28 -7.65
4.54 4.45 -7.46
4.67 4.59 -7.29
4.77 4.71 -7.15
4.85 4.81 -7.03
4.89 4.9 -6.93
4.92 4.99 -6.85
4.93 5.06 -6.79
4.92 5.11 -6.76
4.91 5.13 -6.75
4.88 5.14 -6.76
4.86 5.12 -6.79
