0.2979126 0.49053955 -0.7086792 0.41033936
0.30194092 0.4887085 -0.7072754 0.41204834
0.30596924 0.48693848 -0.7056885 0.41381836
0.31018066 0.48510742 -0.70422363 0.41540527
0.3145752 0.4831543 -0.7027588 0.41687012
0.3190918 0.48132324 -0.70111084 0.41827393
0.32366943 0.47943115 -0.6994629 0.41967773
0.32843018 0.47729492 -0.697937 0.42089844
0.33337402 0.4749756 -0.6966553 0.42181396
0.33825684 0.4725952 -0.6956177 0.42230225
0.34295654 0.4706421 -0.69470215 0.4222412
0.34710693 0.46936035 -0.6937866 0.42181396
0.3505249 0.46881104 -0.6928711 0.42108154
0.35290527 0.4689331 -0.6921997 0.42004395
0.35406494 0.46929932 -0.6921387 0.4187622
0.35369873 0.4699707 -0.69281006 0.41723633
0.35168457 0.47058105 -0.69451904 0.41534424
0.3479004 0.47113037 -0.69763184 0.41271973
0.34277344 0.47131348 -0.7024536 0.40856934
0.33502197 0.47210693 -0.7081299 0.40423584
0.32470703 0.4734497 -0.7147217 0.39953613
0.31225586 0.4751587 -0.722229 0.39379883
0.2977295 0.47717285 -0.7307129 0.3869629
0.28125 0.47924805 -0.7399292 0.37902832
0.26275635 0.48150635 -0.7498169 0.36999512
0.24230957 0.4837036 -0.7600708 0.3600464
0.22045898 0.4857788 -0.77038574 0.3491211
0.19744873 0.487854 -0.7805176 0.3373413
0.17370605 0.4899292 -0.79016113 0.324646
0.14959717 0.49224854 -0.79907227 0.31115723
0.12561035 0.49475098 -0.80718994 0.2965088
0.10223389 0.49749756 -0.81433105 0.28094482
0.079589844 0.50061035 -0.82025146 0.26501465
0.057861328 0.5041504 -0.82476807 0.24951172
0.03753662 0.5079346 -0.8280029 0.2345581
0.019897461 0.51190186 -0.83026123 0.21948242
0.003479004 0.5161133 -0.8311157 0.20715332
0.010009766 -0.5204468 0.8312378 -0.19506836
0.019897461 -0.52459717 0.8309326 -0.18432617
0.026245117 -0.52838135 0.8300781 -0.1763916
0.028381348 -0.5319824 0.82891846 -0.17041016
0.025878906 -0.53582764 0.8273926 -0.1663208
0.019348145 -0.5397949 0.8253784 -0.16442871
0.008972168 -0.54364014 0.82299805 -0.16448975
0.004760742 0.5474243 -0.8201904 0.16625977
0.02142334 0.5512085 -0.8167114 0.16931152
0.04095459 0.5550537 -0.81256104 0.17315674
0.062316895 0.55859375 -0.8076172 0.17840576
0.08544922 0.5617676 -0.80181885 0.18493652
0.11053467 0.5644531 -0.79522705 0.19195557
0.13671875 0.5667114 -0.7876587 0.19946289
0.16412354 0.56866455 -0.77905273 0.20684814
0.19262695 0.57037354 -0.7692261 0.21429443
0.22113037 0.5717163 -0.75842285 0.22149658
0.24804688 0.572876 -0.7468872 0.22906494
0.27490234 0.5730591 -0.7354126 0.23492432
0.29907227 0.5727539 -0.72424316 0.24084473
0.32086182 0.5718384 -0.7139282 0.2456665
0.33996582 0.5700073 -0.70544434 0.24871826
0.35375977 0.56848145 -0.69866943 0.25195312
0.362854 0.56658936 -0.6948242 0.25402832
0.3682251 0.56359863 -0.6946411 0.25360107
0.3675537 0.56152344 -0.69677734 0.25317383
0.36260986 0.55981445 -0.70147705 0.25115967
0.35406494 0.55859375 -0.7081299 0.24731445
0.34246826 0.55792236 -0.7163086 0.24151611
0.32824707 0.55755615 -0.72576904 0.23382568
0.3116455 0.557312 -0.736145 0.22436523
0.29284668 0.557251 -0.7471924 0.2131958
0.27252197 0.55700684 -0.7585449 0.20025635
0.25097656 0.5567627 -0.7697754 0.18566895
0.22869873 0.55651855 -0.7805176 0.16973877
0.20593262 0.5564575 -0.79034424 0.15270996
0.1831665 0.55670166 -0.7989502 0.13494873
0.16070557 0.5574951 -0.8060913 0.11669922
0.13787842 0.5592041 -0.81140137 0.09967041
0.115600586 0.56170654 -0.81500244 0.08312988
0.09674072 0.56481934 -0.8170166 0.06402588
0.07897949 0.5689697 -0.81726074 0.045959473
0.061767578 0.5739136 -0.81604004 0.030212402
0.04638672 0.5790405 -0.8138428 0.01574707
0.032836914 0.5841675 -0.8109741 0.002746582
0.020996094 0.58917236 -0.8076782 -0.008483887
0.012573242 0.59417725 -0.8039551 -0.01977539
0.0064697266 0.5993042 -0.79992676 -0.029846191
0.0031738281 0.60479736 -0.79541016 -0.039123535
0.0031738281 0.6109009 -0.7902832 -0.04724121
0.0063476562 0.61779785 -0.78448486 -0.053649902
0.012817383 0.6253662 -0.77801514 -0.058044434
0.022460938 0.63342285 -0.77111816 -0.060424805
0.03503418 0.64160156 -0.76379395 -0.06085205
0.050231934 0.6498413 -0.7560425 -0.059570312
0.06768799 0.657959 -0.74786377 -0.05670166
0.08673096 0.66571045 -0.73931885 -0.052246094
0.10736084 0.67297363 -0.7303467 -0.046569824
0.1293335 0.67962646 -0.72094727 -0.040039062
0.15246582 0.68573 -0.7109375 -0.03253174
0.17626953 0.6912842 -0.7003174 -0.024047852
0.20062256 0.6963501 -0.6889038 -0.015136719
0.22558594 0.7010498 -0.67645264 -0.00592041
0.24963379 0.70532227 -0.66345215 0.0030517578
0.27197266 0.7095337 -0.6499634 0.011962891
0.29351807 0.7133179 -0.6361084 0.019348145
0.31329346 0.71673584 -0.62249756 0.02545166
0.32977295 0.7200928 -0.6097412 0.031188965
0.34387207 0.72283936 -0.59832764 0.036010742
0.35559082 0.7251587 -0.5883179 0.040283203
0.36523438 0.7270508 -0.5797119 0.043762207
0.37329102 0.7284546 -0.5725708 0.046142578
0.3798828 0.7295532 -0.56677246 0.047302246
0.3850708 0.7302246 -0.5623169 0.047302246
0.38897705 0.7307739 -0.55908203 0.046569824
0.39105225 0.7314453 -0.5567627 0.045654297
0.39160156 0.7324219 -0.5551758 0.04498291
0.3909912 0.73339844 -0.5543213 0.044433594
