0.8389282 0.02178955 -0.53082275 0.11816406
0.8381958 0.02130127 -0.5319824 0.1184082
0.8377075 0.020629883 -0.53271484 0.11853027
0.83758545 0.019836426 -0.53302 0.11834717
0.8377075 0.018981934 -0.53289795 0.11798096
0.83813477 0.018127441 -0.53234863 0.117614746
0.8388672 0.017333984 -0.53125 0.117248535
0.8399658 0.016418457 -0.5296631 0.11682129
0.8413696 0.015319824 -0.5276489 0.11627197
0.8430176 0.014160156 -0.5252075 0.115356445
0.8449707 0.013122559 -0.52233887 0.11425781
0.84710693 0.012145996 -0.51916504 0.112854004
0.8494873 0.011108398 -0.515625 0.111083984
0.85217285 0.010009766 -0.5116577 0.109191895
0.85510254 0.008911133 -0.50720215 0.107299805
0.85839844 0.0076293945 -0.50201416 0.105285645
0.86206055 0.006225586 -0.4961548 0.10321045
0.86608887 0.004760742 -0.489563 0.10095215
0.87054443 0.0033569336 -0.48217773 0.09844971
0.8753662 0.0018920898 -0.473938 0.095581055
0.88049316 0.0005493164 -0.46502686 0.09240723
0.8858032 -0.0007324219 -0.45544434 0.08892822
0.89123535 -0.0017700195 -0.4454956 0.08526611
0.8966675 -0.0024414062 -0.43518066 0.08148193
0.9020386 -0.0026245117 -0.42456055 0.077819824
0.90740967 -0.002380371 -0.41363525 0.07421875
0.9127197 -0.0020141602 -0.40246582 0.070617676
0.9179077 -0.0017089844 -0.39105225 0.06707764
0.92303467 -0.0015869141 -0.37939453 0.06347656
0.9281006 -0.0018310547 -0.3675537 0.059814453
0.9329834 -0.0020751953 -0.35559082 0.05596924
0.93774414 -0.0021972656 -0.34344482 0.05218506
0.9423218 -0.0022583008 -0.33111572 0.04852295
0.9468384 -0.002319336 -0.31848145 0.04510498
0.9511719 -0.0024414062 -0.3057251 0.041870117
0.95532227 -0.002746582 -0.2929077 0.038757324
0.95928955 -0.003112793 -0.28015137 0.035705566
0.96295166 -0.0036621094 -0.26763916 0.03253174
0.96643066 -0.0045166016 -0.255188 0.02923584
0.96972656 -0.005554199 -0.24279785 0.025878906
0.9727783 -0.0064697266 -0.23052979 0.022583008
0.975647 -0.007080078 -0.21826172 0.019592285
0.9783325 -0.0072021484 -0.20617676 0.016845703
0.9807739 -0.0071411133 -0.19433594 0.014404297
0.98309326 -0.007019043 -0.18267822 0.012390137
0.98516846 -0.0072021484 -0.17120361 0.0107421875
0.98706055 -0.007751465 -0.15979004 0.009399414
0.98883057 -0.008483887 -0.1486206 0.008239746
0.9904175 -0.009155273 -0.1375122 0.0072631836
0.9918823 -0.00970459 -0.12640381 0.0063476562
0.99328613 -0.0099487305 -0.11529541 0.0056152344
0.99450684 -0.010192871 -0.10412598 0.0048828125
0.99560547 -0.0107421875 -0.09289551 0.004211426
0.99658203 -0.011779785 -0.081726074 0.0036010742
0.9974365 -0.012634277 -0.07067871 0.0031738281
0.9981079 -0.0134887695 -0.059936523 0.0029296875
0.9986572 -0.014282227 -0.049560547 0.002746582
0.9990845 -0.014953613 -0.039855957 0.0024414062
0.99938965 -0.015258789 -0.030761719 0.0020141602
0.9996338 -0.015136719 -0.022338867 0.0014648438
0.99975586 -0.014709473 -0.0146484375 0.0008544922
0.9998779 -0.014282227 -0.0076293945 0.00036621094
0.9998779 -0.013977051 -0.0013427734 -0.00024414062
0.9998779 -0.013671875 0.0040283203 -0.00091552734
0.9998779 -0.013305664 0.008666992 -0.0017089844
0.9998169 -0.012939453 0.012451172 -0.0025634766
0.9998169 -0.012390137 0.0154418945 -0.0032958984
0.99975586 -0.01159668 0.017700195 -0.003967285
0.99975586 -0.010681152 0.01928711 -0.0045166016
0.99975586 -0.00970459 0.020263672 -0.005004883
0.99975586 -0.008850098 0.020690918 -0.005554199
0.99975586 -0.008117676 0.020690918 -0.006164551
0.99975586 -0.0075683594 0.020324707 -0.0068969727
0.99975586 -0.007446289 0.01977539 -0.0076293945
0.99975586 -0.0076293945 0.019104004 -0.008300781
0.99975586 -0.00793457 0.018371582 -0.008911133
0.99975586 -0.008178711 0.017578125 -0.009338379
0.99975586 -0.008728027 0.016784668 -0.00970459
0.99975586 -0.009399414 0.015930176 -0.010070801
0.99975586 -0.010192871 0.015014648 -0.010620117
0.99975586 -0.010986328 0.013916016 -0.011352539
0.99975586 -0.01171875 0.012573242 -0.012329102
0.99975586 -0.012329102 0.010925293 -0.01373291
0.99975586 -0.012817383 0.009033203 -0.0154418945
0.99975586 -0.013183594 0.0067749023 -0.017456055
0.9996948 -0.013549805 0.0043945312 -0.01965332
0.9996338 -0.014038086 0.0018310547 -0.022033691
0.99957275 -0.014404297 -0.00079345703 -0.024719238
0.9995117 -0.014709473 -0.003540039 -0.02758789
0.99938965 -0.014831543 -0.0064086914 -0.030761719
0.9992676 -0.014892578 -0.009399414 -0.034240723
0.9990845 -0.014831543 -0.012451172 -0.038024902
0.99890137 -0.014709473 -0.015563965 -0.042114258
0.9986572 -0.014526367 -0.018798828 -0.046569824
0.99835205 -0.014282227 -0.022094727 -0.051574707
0.9979248 -0.013977051 -0.025512695 -0.057006836
0.99749756 -0.013549805 -0.02911377 -0.06286621
0.9970093 -0.013061523 -0.03289795 -0.06903076
0.9963989 -0.012390137 -0.036743164 -0.07519531
0.9957886 -0.0115356445 -0.04071045 -0.0814209
0.9951172 -0.0107421875 -0.044677734 -0.087646484
0.99438477 -0.009887695 -0.048583984 -0.093811035
0.9935913 -0.009094238 -0.05230713 -0.099853516
0.9927368 -0.008361816 -0.055908203 -0.10595703
0.9918823 -0.007751465 -0.059265137 -0.11206055
0.99102783 -0.0072631836 -0.06237793 -0.11816406
0.99005127 -0.0067749023 -0.06518555 -0.12432861
0.98913574 -0.0064697266 -0.06781006 -0.13031006
0.9881592 -0.006225586 -0.07019043 -0.13623047
0.98620605 -0.00592041 -0.07458496 -0.14758301
0.9852295 -0.0056762695 -0.076660156 -0.15307617
0.9842529 -0.0053710938 -0.07861328 -0.15826416
0.98327637 -0.005004883 -0.08050537 -0.16314697
0.9824219 -0.004699707 -0.082214355 -0.16766357
0.9815674 -0.0043945312 -0.083740234 -0.171875
0.9807129 -0.0040893555 -0.08514404 -0.17584229
0.97991943 -0.0037841797 -0.086364746 -0.1796875
0.9790039 0.0048828125 -0.087402344 -0.184021
0.9782715 0.005493164 -0.088378906 -0.1875
0.97753906 0.0059814453 -0.08935547 -0.19067383
0.9769287 0.0064697266 -0.090148926 -0.19354248
0.97631836 0.0068969727 -0.09088135 -0.19604492
0.9758301 0.0072021484 -0.0914917 -0.19824219
0.97540283 0.007446289 -0.09197998 -0.20013428
0.97473145 0.016174316 -0.0925293 -0.20263672
0.97406006 0.024658203 -0.09295654 -0.20489502
0.9738159 0.024536133 -0.09295654 -0.20611572
0.9736328 0.024291992 -0.09277344 -0.20703125
0.97351074 0.023925781 -0.09246826 -0.2076416
0.9734497 0.023620605 -0.092163086 -0.20806885
