38.8125 13.375 18.5625
38.8125 12.625 18.4375
38.8125 11.875 18.1875
38.875 11.125 17.875
39.0625 10.4375 17.5625
39.3125 9.875 17.1875
39.625 9.4375 16.9375
40 9.1875 16.6875
40.375 9.1875 16.625
40.75 9.4375 16.6875
41.1875 10.0625 16.75
41.4375 11.0625 16.9375
41.625 12.4375 17.1875
41.625 14.1875 17.5
41.5 16.375 17.75
41.25 18.8125 18
40.9375 21.625 18.1875
40.625 24.6875 18.4375
40.3125 27.9375 18.75
39.9375 31.4375 19.0625
39.5625 35.0625 19.4375
39.25 38.75 19.75
39 42.375 20.1875
128.8125 45.9375 20.8125
128.75 49.375 21.4375
128.6875 52.5 22.4375
128.75 55.3125 23.5
128.8125 57.75 24.8125
128.9375 59.8125 26.25
129.1875 61.3125 27.5625
129.5625 62.1875 28.6875
130 62.5 29.375
130.625 62.1875 29.6875
132.125 60.125 29.25
132.125 60.125 29.25
133.125 58.375 28.5625
134.25 56.3125 27.8125
135.625 53.875 26.9375
136.9375 51.3125 26.125
138.3125 48.5 25.1875
139.625 45.5625 24.25
50.875 42.5 23.25
52.0625 39.25 22.25
53.25 35.875 21.1875
54.375 32.3125 20
55.4375 28.9375 19.0625
56.5 25.625 18.0625
57.3125 22.625 17.25
58.0625 19.9375 16.625
59.0625 16.25 15.5625
59.0625 16.25 15.5625
59.25 15.375 15.3125
59.25 15.25 15.25
59.0625 15.75 15.1875
58.75 16.9375 15.125
58.3125 18.625 15.125
57.875 20.75 15.1875
57.4375 23.25 15.3125
57 26.0625 15.4375
56.5 29.125 15.5625
56.125 32.3125 15.75
55.75 35.625 16
55.4375 39 16.25
55.1875 42.375 16.5625
145.0625 45.75 16.875
145 49.0625 17.375
145.0625 52.25 18.0625
145.25 55.25 19.125
145.3125 58.0625 20.875
145.4375 60.625 23.0625
146.0625 62.8125 25.0625
146.6875 64.5625 27.4375
147.375 65.9375 30.125
148.1875 66.75 32.75
149.25 66.9375 34.9375
150.625 66.5 36.5625
152.1875 65.5625 37.6875
153.875 64.0625 38.375
155.5625 62.125 38.625
157.375 59.8125 38.625
159.25 57.0625 38.25
161 54.1875 37.5625
162.8125 51.0625 36.6875
164.5 47.9375 35.75
76.1875 44.75 34.6875
77.8125 41.5625 33.625
79.25 38.5 32.5
80.6875 35.4375 31.125
81.9375 32.625 30
83.0625 29.9375 29.0625
84.0625 27.4375 28.25
85 25 27.4375
85.8125 22.6875 26.8125
86.6875 20.5625 26.125
87.375 18.5625 25.9375
88.0625 16.875 25.8125
88.6875 15.375 25.8125
89.125 14.25 25.8125
89.4375 13.3125 25.8125
89.625 12.75 25.875
89.625 12.4375 25.9375
89.5 12.375 26.0625
