2.14 3.02 9.07
2.01 3 9.11
1.89 2.96 9.15
1.78 2.91 9.19
1.68 2.86 9.22
1.61 2.81 9.25
1.57 2.78 9.26
1.56 2.77 9.27
1.61 2.78 9.26
1.71 2.78 9.24
1.88 2.8 9.2
2.11 2.83 9.14
2.41 2.85 9.06
2.76 2.87 8.95
3.16 2.87 8.82
3.61 2.85 8.65
4.09 2.82 8.45
4.6 2.78 8.19
5.12 2.73 7.9
5.63 2.67 7.56
6.13 2.59 7.19
6.61 2.5 6.79
7.05 2.42 6.36
7.44 2.33 5.94
7.78 2.27 5.51
8.06 2.22 5.1
8.29 2.19 4.74
8.47 2.18 4.42
8.6 2.17 4.16
8.67 2.19 4
8.7 2.22 3.94
8.67 2.26 3.96
8.61 2.32 4.07
8.5 2.38 4.26
8.35 2.46 4.5
8.16 2.53 4.8
7.92 2.62 5.14
7.65 2.69 5.5
7.34 2.76 5.87
7 2.81 6.25
6.62 2.85 6.63
6.21 2.87 7.02
5.74 2.87 7.4
5.24 2.83 7.78
4.74 2.8 8.1
4.24 2.74 8.4
3.77 2.69 8.64
3.34 2.63 8.83
2.99 2.57 8.97
2.74 2.52 9.06
2.6 2.5 9.11
2.58 2.49 9.12
2.67 2.47 9.1
2.86 2.45 9.05
3.13 2.42 8.96
3.48 2.4 8.84
3.87 2.37 8.68
4.31 2.34 8.48
4.77 2.3 8.24
5.24 2.25 7.97
5.71 2.2 7.65
6.17 2.13 7.31
6.61 2.06 6.93
7.02 1.99 6.54
7.4 1.92 6.13
7.75 1.86 5.7
8.06 1.83 5.27
8.32 1.84 4.84
8.54 1.88 4.42
8.72 1.89 4.05
8.85 1.93 3.73
8.95 2 3.45
9.01 2.09 3.25
9.02 2.2 3.14
8.99 2.32 3.13
8.92 2.48 3.2
8.82 2.66 3.35
8.67 2.86 3.57
8.47 3.07 3.85
8.23 3.29 4.17
7.95 3.5 4.54
7.63 3.68 4.93
7.28 3.83 5.33
6.9 3.96 5.72
6.51 4.06 6.1
6.1 4.12 6.46
5.69 4.12 6.83
5.29 4.13 7.14
4.9 4.13 7.41
4.51 4.12 7.66
4.14 4.09 7.88
3.78 4.08 8.07
3.44 4.05 8.23
3.13 4.06 8.35
2.85 4.09 8.44
2.61 4.12 8.5
2.41 4.14 8.55
2.26 4.16 8.58
2.16 4.17 8.6
2.11 4.19 8.6
2.1 4.21 8.6
2.12 4.23 8.58
