0.9246216 0.10992432 -0.16412354 -0.32574463
0.92541504 0.111450195 -0.1574707 -0.32611084
0.92626953 0.11212158 -0.1506958 -0.32666016
0.92700195 0.11206055 -0.14398193 -0.32763672
0.92749023 0.111328125 -0.13769531 -0.32922363
0.92767334 0.11010742 -0.13220215 -0.3314209
0.92736816 0.10876465 -0.12805176 -0.33428955
0.9266968 0.107666016 -0.12573242 -0.33740234
0.9256592 0.10662842 -0.12561035 -0.3406372
0.92419434 0.105651855 -0.12841797 -0.34381104
0.9225464 0.10369873 -0.13397217 -0.3466797
0.92071533 0.10131836 -0.14282227 -0.34881592
0.9187012 0.09838867 -0.15496826 -0.3496704
0.91674805 0.09429932 -0.17010498 -0.348938
0.9146118 0.08886719 -0.18786621 -0.3468628
0.9121094 0.082092285 -0.20806885 -0.34362793
0.9088745 0.073913574 -0.23046875 -0.33972168
0.9047241 0.06463623 -0.2548828 -0.33520508
0.89941406 0.054748535 -0.2810669 -0.3302002
0.8930664 0.044189453 -0.30847168 -0.32458496
0.88549805 0.032714844 -0.33636475 -0.31884766
0.87677 0.020568848 -0.36437988 -0.31311035
0.8670654 0.008361816 -0.39196777 -0.30743408
0.8564453 -0.0033569336 -0.4185791 -0.302063
0.8452759 -0.015014648 -0.4437256 -0.29736328
0.8338623 -0.024902344 -0.46722412 -0.2929077
0.8226929 -0.03375244 -0.4882202 -0.28930664
0.8121948 -0.040893555 -0.50653076 -0.286438
0.80285645 -0.04626465 -0.5220337 -0.2841797
0.7949829 -0.05065918 -0.53393555 -0.28344727
0.78967285 -0.053100586 -0.54119873 -0.28405762
0.7866211 -0.054382324 -0.5441284 -0.28668213
0.78582764 -0.05419922 -0.54296875 -0.2911377
0.79022217 -0.050109863 -0.5293579 -0.3046875
0.7944336 -0.046875 -0.51763916 -0.31427002
0.7994385 -0.042907715 -0.5031128 -0.3255005
0.7994385 -0.042907715 -0.5031128 -0.3255005
0.80474854 -0.03845215 -0.48602295 -0.338562
0.81036377 -0.03314209 -0.46728516 -0.35198975
0.81591797 -0.02758789 -0.44677734 -0.3659668
0.82141113 -0.02142334 -0.42492676 -0.37982178
0.82684326 -0.014831543 -0.40161133 -0.39349365
0.8374634 -0.00018310547 -0.34985352 -0.41986084
0.8421631 0.0065307617 -0.321167 -0.43310547
0.8421631 0.0065307617 -0.321167 -0.43310547
0.84588623 0.014465332 -0.29382324 -0.44488525
0.8487549 0.02142334 -0.26672363 -0.45611572
0.8508301 0.028869629 -0.24188232 -0.46551514
0.8529053 0.040100098 -0.20178223 -0.47979736
0.85339355 0.043884277 -0.18896484 -0.48376465
0.85369873 0.046142578 -0.18200684 -0.4857788
0.8539429 0.046020508 -0.18048096 -0.48583984
0.8539429 0.046020508 -0.18048096 -0.48583984
0.85424805 0.04333496 -0.184021 -0.48425293
0.85443115 0.038085938 -0.19213867 -0.48120117
0.854187 0.030822754 -0.20446777 -0.47705078
0.8532715 0.021850586 -0.22009277 -0.472229
0.8514404 0.011657715 -0.23864746 -0.46679688
0.8487549 0.000061035156 -0.25933838 -0.46087646
0.84490967 -0.012451172 -0.28155518 -0.45458984
0.84002686 -0.025634766 -0.3048706 -0.44805908
0.8339844 -0.039367676 -0.32867432 -0.44140625
0.8269043 -0.053466797 -0.3526001 -0.43475342
0.8187866 -0.0680542 -0.3762207 -0.42822266
0.80963135 -0.08276367 -0.39941406 -0.4220581
0.7994995 -0.09716797 -0.42193604 -0.41638184
0.7885132 -0.11077881 -0.44366455 -0.41125488
0.7769165 -0.12310791 -0.46453857 -0.40673828
0.7653198 -0.1315918 -0.48565674 -0.4013672
0.7537842 -0.13848877 -0.5053711 -0.39648438
0.7420654 -0.14709473 -0.52111816 -0.3951416
0.73114014 -0.15350342 -0.5349121 -0.3945923
0.7211304 -0.15765381 -0.54693604 -0.3949585
0.7128906 -0.159729 -0.55548096 -0.39715576
0.7062378 -0.16015625 -0.5602417 -0.4020996
0.7010498 -0.15911865 -0.5611572 -0.41027832
0.6973877 -0.15582275 -0.5586548 -0.4210205
0.6951904 -0.14996338 -0.55340576 -0.4335327
0.6942749 -0.14154053 -0.54559326 -0.4475708
0.6942749 -0.13079834 -0.53533936 -0.46295166
0.69488525 -0.11871338 -0.52227783 -0.4798584
0.696167 -0.105651855 -0.5070801 -0.4970703
0.69763184 -0.09222412 -0.48986816 -0.51464844
0.69903564 -0.07861328 -0.4711914 -0.5321045
0.7001343 -0.06549072 -0.45147705 -0.5493164
0.70080566 -0.05279541 -0.4312744 -0.5657959
0.701355 -0.040405273 -0.41064453 -0.5812988
0.70184326 -0.029907227 -0.38806152 -0.59661865
0.7017212 -0.01928711 -0.3678589 -0.60980225
0.701416 -0.008605957 -0.34875488 -0.62158203
0.7008667 0.0018310547 -0.33044434 -0.6321411
0.70007324 0.01171875 -0.31274414 -0.6418457
0.69903564 0.021911621 -0.2966919 -0.65026855
0.6975708 0.030883789 -0.28100586 -0.65844727
0.69555664 0.041137695 -0.26879883 -0.66503906
0.69329834 0.050720215 -0.258667 -0.67071533
0.69104004 0.0592041 -0.25042725 -0.67541504
0.689209 0.066223145 -0.24383545 -0.67907715
0.68792725 0.07165527 -0.23895264 -0.6815796
0.6873169 0.07556152 -0.23583984 -0.6828613
0.68725586 0.078063965 -0.23449707 -0.68304443
0.6878052 0.07946777 -0.23480225 -0.682251
