93 63.25 -5.3125
93.1875 62.8125 -5.125
93.3125 62.3125 -4.9375
93.4375 61.6875 -4.6875
93.5 61.0625 -4.375
93.6875 60.375 -4.0625
93.875 59.625 -3.6875
94.0625 58.8125 -3.25
94.3125 57.9375 -2.8125
94.5625 57 -2.375
94.8125 56.125 -1.875
95.0625 55.1875 -1.375
95.375 54.375 -0.875
95.6875 53.5625 -0.375
96 52.875 0.0625
96.3125 52.25 0.5625
96.625 51.75 1
96.875 51.3125 1.375
97.125 51 1.6875
97.375 50.75 1.9375
97.625 50.5 2.125
97.8125 50.375 2.3125
98 50.25 2.375
98.1875 50.125 2.375
98.375 50.0625 2.375
98.5 50.0625 2.375
98.625 50 2.3125
98.6875 49.9375 2.1875
98.75 49.875 2.125
98.8125 49.75 2.125
98.9375 49.625 2.0625
99.0625 49.4375 2.0625
99.1875 49.25 2
99.3125 49 2.0625
99.375 48.625 2.0625
99.5 48.25 2.125
99.5625 47.75 2.125
99.6875 47.25 2.1875
99.8125 46.6875 2.3125
99.9375 46 2.4375
100.125 45.3125 2.5625
10.3125 44.5 2.75
10.5625 43.6875 2.9375
10.75 42.8125 3.1875
11 41.875 3.375
11.25 40.9375 3.625
11.4375 39.9375 3.875
11.75 38.9375 4.125
12.0625 37.875 4.4375
12.4375 36.8125 4.6875
12.75 35.8125 5
13.125 34.75 5.3125
13.4375 33.6875 5.625
13.6875 32.5625 5.875
13.9375 31.4375 6.1875
14.1875 30.25 6.4375
14.375 28.9375 6.6875
14.625 27.625 6.9375
14.8125 26.3125 7.1875
15 24.9375 7.4375
15.125 23.5625 7.625
15.25 22.125 7.8125
15.375 20.6875 8
15.5 19.25 8.25
15.625 17.8125 8.5
15.6875 16.375 8.8125
15.8125 15 9.125
15.9375 13.625 9.4375
16.125 12.25 9.75
16.25 10.9375 10.0625
16.375 9.625 10.375
16.5625 8.375 10.75
16.6875 7.125 11.0625
16.9375 6 11.375
17.125 4.875 11.625
17.375 3.875 11.875
17.625 2.9375 12.125
17.8125 2 12.3125
18.0625 1.125 12.5
18.25 0.3125 12.6875
18.375 -0.375 12.75
18.5 -1.1875 12.8125
18.5 -1.875 12.875
18.5625 -2.5625 12.9375
18.5625 -3.1875 13
18.5625 -3.8125 12.9375
18.5625 -4.375 12.9375
18.625 -4.875 12.875
18.625 -5.375 12.875
18.625 -5.8125 12.9375
18.625 -6.1875 13
18.625 -6.5625 13
18.625 -6.875 13
18.625 -7.125 13.0625
18.625 -7.375 13.0625
18.6875 -7.5625 13.0625
18.6875 -7.6875 13.0625
18.75 -7.75 13
18.8125 -7.875 13
18.9375 -7.9375 12.9375
19 -8 12.875
19.125 -8.0625 12.8125
19.1875 -8.125 12.75
19.3125 -8.25 12.6875
19.375 -8.3125 12.625
19.4375 -8.375 12.5625
19.5 -8.375 12.5
19.5625 -8.4375 12.4375
19.5625 -8.4375 12.375
19.5625 -8.4375 12.3125
19.625 -8.375 12.25
19.625 -8.375 12.1875
19.625 -8.3125 12.1875
19.6875 -8.1875 12.125
19.75 -8.125 12.0625
19.875 -8.0625 12
19.9375 -8 11.9375
20.0625 -7.875 11.875
20.1875 -7.75 11.875
20.3125 -7.6875 11.75
20.5 -7.5625 11.6875
20.6875 -7.375 11.5625
20.9375 -7.25 11.4375
21.25 -7.125 11.3125
21.5625 -6.9375 11.125
21.9375 -6.6875 10.875
22.375 -6.4375 10.6875
22.8125 -6.125 10.4375
23.3125 -5.8125 10.1875
23.875 -5.4375 10
24.375 -5 9.75
24.875 -4.5625 9.5
25.375 -4.0625 9.25
25.9375 -3.5 9
26.5625 -3 8.75
27.1875 -2.4375 8.5
27.875 -1.9375 8.3125
28.625 -1.375 8.125
29.3125 -0.875 7.9375
30.0625 -0.375 7.75
30.75 0.0625 7.5625
31.5 0.5625 7.3125
32.25 1.0625 7.125
33.0625 1.5625 6.9375
33.875 2.125 6.75
34.6875 2.625 6.5625
35.5 3.1875 6.4375
36.25 3.6875 6.25
37.0625 4.25 6.0625
37.8125 4.8125 5.875
38.5625 5.3125 5.75
39.375 5.6875 5.8125
40.1875 6.0625 5.875
41 6.625 5.6875
41.8125 7.125 5.5
42.5625 7.6875 5.375
43.375 8.1875 5.1875
44.125 8.75 5.0625
44.8125 9.25 4.875
45.5 9.75 4.6875
46.125 10.1875 4.5
46.75 10.625 4.375
47.375 11 4.25
48 11.375 4.125
48.625 11.6875 4
49.1875 12 3.9375
