8.72 -0.4 4.45
8.68 -0.39 4.53
8.63 -0.38 4.62
8.58 -0.36 4.72
8.52 -0.34 4.83
8.46 -0.31 4.94
8.39 -0.29 5.06
8.31 -0.25 5.19
8.22 -0.22 5.32
8.14 -0.18 5.46
8.05 -0.13 5.58
7.97 -0.09 5.7
7.89 -0.04 5.81
7.82 0.01 5.91
7.76 0.05 5.99
7.7 0.1 6.06
7.66 0.14 6.12
7.62 0.18 6.16
7.59 0.21 6.2
7.57 0.23 6.22
7.55 0.25 6.24
7.54 0.26 6.26
7.53 0.26 6.27
7.52 0.26 6.28
7.51 0.26 6.28
7.51 0.25 6.29
7.5 0.24 6.3
7.5 0.23 6.31
7.48 0.23 6.32
7.47 0.23 6.34
7.45 0.23 6.36
7.43 0.22 6.39
7.4 0.23 6.42
7.36 0.23 6.47
7.31 0.24 6.52
7.26 0.25 6.58
7.2 0.26 6.64
7.13 0.27 6.72
7.05 0.29 6.8
6.97 0.31 6.88
6.88 0.34 6.97
6.77 0.36 7.07
6.66 0.4 7.17
6.55 0.43 7.28
6.42 0.47 7.39
6.29 0.51 7.49
6.16 0.55 7.6
6.02 0.59 7.71
5.88 0.64 7.81
5.73 0.69 7.92
5.59 0.74 8.02
5.43 0.8 8.12
5.28 0.85 8.21
5.11 0.9 8.31
4.94 0.95 8.41
4.75 1 8.51
4.55 1.05 8.61
4.35 1.1 8.71
4.13 1.15 8.81
3.92 1.19 8.9
3.69 1.24 8.99
3.46 1.28 9.08
3.23 1.33 9.16
3 1.38 9.23
2.77 1.44 9.29
2.54 1.5 9.35
2.31 1.56 9.4
2.08 1.62 9.44
1.86 1.68 9.47
1.64 1.74 9.5
1.42 1.81 9.53
1.22 1.87 9.54
1.02 1.92 9.56
0.84 1.97 9.56
0.66 2.01 9.57
0.5 2.05 9.57
0.34 2.1 9.57
0.2 2.13 9.56
0.06 2.15 9.56
-0.07 2.17 9.56
-0.2 2.18 9.55
-0.32 2.19 9.55
-0.44 2.2 9.54
-0.55 2.2 9.53
-0.65 2.2 9.53
-0.75 2.19 9.52
-0.83 2.18 9.52
-0.92 2.18 9.51
-0.99 2.18 9.5
-1.06 2.19 9.49
-1.12 2.19 9.49
-1.17 2.19 9.48
-1.22 2.2 9.47
-1.26 2.2 9.47
-1.29 2.2 9.46
-1.31 2.19 9.46
-1.33 2.19 9.46
-1.34 2.18 9.46
-1.35 2.18 9.46
-1.36 2.16 9.46
-1.38 2.15 9.46
-1.39 2.14 9.46
-1.4 2.13 9.46
-1.42 2.12 9.46
-1.43 2.11 9.46
-1.43 2.1 9.47
-1.44 2.09 9.47
-1.44 2.08 9.47
-1.44 2.07 9.47
-1.43 2.06 9.47
-1.42 2.05 9.48
-1.41 2.04 9.48
-1.4 2.04 9.48
-1.39 2.03 9.49
-1.38 2.02 9.49
-1.36 2.01 9.49
-1.35 2 9.5
-1.33 2 9.5
-1.31 1.98 9.51
-1.29 1.97 9.51
-1.26 1.95 9.52
-1.24 1.93 9.53
-1.21 1.9 9.54
-1.18 1.87 9.55
-1.14 1.84 9.56
-1.1 1.81 9.57
-1.05 1.77 9.58
-0.99 1.73 9.6
-0.93 1.69 9.61
-0.85 1.66 9.62
-0.78 1.62 9.64
-0.69 1.58 9.65
-0.6 1.53 9.66
-0.51 1.49 9.67
-0.42 1.45 9.68
-0.33 1.42 9.69
-0.24 1.38 9.7
-0.15 1.35 9.71
-0.06 1.32 9.71
0.01 1.29 9.72
0.1 1.25 9.72
0.18 1.22 9.72
0.27 1.18 9.73
0.36 1.15 9.73
0.45 1.13 9.73
0.54 1.09 9.72
0.63 1.06 9.72
0.73 1.03 9.72
0.82 1 9.71
0.91 0.97 9.71
0.97 0.99 9.7
1.04 0.99 9.69
1.13 0.96 9.69
1.22 0.94 9.68
1.31 0.91 9.67
1.4 0.88 9.66
1.49 0.85 9.65
1.58 0.82 9.64
1.66 0.79 9.63
1.73 0.76 9.62
1.8 0.73 9.61
1.87 0.71 9.59
1.93 0.69 9.58
1.99 0.67 9.57
2.04 0.66 9.56
2.08 0.64 9.56
2.11 0.61 9.55
2.14 0.59 9.54
2.17 0.56 9.54
2.19 0.54 9.54
2.21 0.52 9.53
2.23 0.5 9.53
2.24 0.48 9.53
2.23 0.47 9.53
2.22 0.44 9.54
2.2 0.41 9.54
