0.85046387 -0.038391113 -0.5241699 -0.022460938
0.852478 -0.038635254 -0.52075195 -0.023803711
0.8548584 -0.03857422 -0.51678467 -0.024902344
0.8574829 -0.038085938 -0.5124512 -0.025817871
0.86035156 -0.03729248 -0.5076294 -0.026733398
0.8634033 -0.03656006 -0.5023804 -0.027954102
0.86676025 -0.03564453 -0.49658203 -0.02947998
0.8703003 -0.034606934 -0.4902954 -0.03125
0.87402344 -0.033447266 -0.48364258 -0.033203125
0.8778076 -0.032104492 -0.47668457 -0.035217285
0.88153076 -0.030395508 -0.46966553 -0.037231445
0.88513184 -0.028625488 -0.4628296 -0.039489746
0.88842773 -0.026733398 -0.45635986 -0.041992188
0.8913574 -0.024780273 -0.45037842 -0.044555664
0.89398193 -0.022888184 -0.44500732 -0.04711914
0.89624023 -0.021057129 -0.44030762 -0.049682617
0.8980713 -0.019348145 -0.43634033 -0.052124023
0.89953613 -0.01776123 -0.43310547 -0.054382324
0.90063477 -0.016479492 -0.430542 -0.05645752
0.90148926 -0.015625 -0.42852783 -0.058410645
0.90216064 -0.015136719 -0.42694092 -0.060302734
0.9025879 -0.014953613 -0.4257202 -0.06201172
0.9029541 -0.015075684 -0.4248047 -0.06359863
0.9031372 -0.01550293 -0.42407227 -0.06506348
0.9032593 -0.016113281 -0.42358398 -0.066345215
0.90338135 -0.016784668 -0.42315674 -0.06738281
0.9035034 -0.01751709 -0.4227295 -0.06817627
0.9036865 -0.018249512 -0.4222412 -0.06878662
0.90393066 -0.018859863 -0.42163086 -0.06939697
0.90423584 -0.019348145 -0.4208374 -0.07006836
0.9046631 -0.01977539 -0.41973877 -0.07086182
0.9052124 -0.020202637 -0.418396 -0.071777344
0.9059448 -0.020568848 -0.41662598 -0.07281494
0.9067993 -0.020751953 -0.4144287 -0.073913574
0.907959 -0.020751953 -0.4118042 -0.07495117
0.90930176 -0.020507812 -0.4086914 -0.0758667
0.9108887 -0.020080566 -0.4050293 -0.076660156
0.9126587 -0.019470215 -0.40081787 -0.07745361
0.9146118 -0.018737793 -0.3961792 -0.078552246
0.916687 -0.017944336 -0.39105225 -0.079956055
0.9189453 -0.016845703 -0.385437 -0.08166504
0.9213257 -0.015563965 -0.3793335 -0.08355713
0.9238281 -0.014160156 -0.37280273 -0.08557129
0.92645264 -0.012512207 -0.3657837 -0.087646484
0.9291992 -0.010681152 -0.35845947 -0.08972168
0.93188477 -0.008728027 -0.35076904 -0.091796875
0.93463135 -0.0065307617 -0.3428955 -0.09399414
0.9373169 -0.004333496 -0.33483887 -0.09655762
0.9398804 -0.0020751953 -0.3267212 -0.099487305
0.9423828 0.00030517578 -0.3184204 -0.1027832
0.9447632 0.002746582 -0.3100586 -0.1060791
0.94714355 0.005554199 -0.30169678 -0.109069824
0.9494629 0.008483887 -0.29309082 -0.11187744
0.9517822 0.011474609 -0.28430176 -0.11444092
0.9541626 0.0146484375 -0.27520752 -0.116882324
0.95654297 0.0178833 -0.26556396 -0.11920166
0.9589844 0.021118164 -0.2553711 -0.121398926
0.96136475 0.024658203 -0.24481201 -0.12347412
0.9637451 0.028076172 -0.23376465 -0.12548828
0.96606445 0.031433105 -0.22253418 -0.12731934
0.9682617 0.03491211 -0.2111206 -0.12896729
0.970459 0.038330078 -0.19940186 -0.13043213
0.97247314 0.041992188 -0.1875 -0.1317749
0.97436523 0.045959473 -0.17559814 -0.1329956
0.9760742 0.050048828 -0.16369629 -0.13409424
0.9776001 0.05444336 -0.15203857 -0.13513184
0.97888184 0.058776855 -0.14050293 -0.1362915
0.97998047 0.06323242 -0.12915039 -0.13763428
0.980896 0.06774902 -0.11798096 -0.13897705
0.9816284 0.07220459 -0.10699463 -0.14038086
0.98217773 0.0769043 -0.09637451 -0.1416626
0.98254395 0.081726074 -0.08605957 -0.1430664
0.9827881 0.085998535 -0.07611084 -0.14465332
0.9828491 0.090026855 -0.06677246 -0.1463623
0.9827881 0.09375 -0.057922363 -0.14831543
0.982605 0.09716797 -0.049560547 -0.15032959
0.9822998 0.10040283 -0.041809082 -0.15240479
0.9819336 0.103637695 -0.034423828 -0.15441895
0.9815674 0.10638428 -0.027404785 -0.15631104
0.9812622 0.10870361 -0.020690918 -0.15789795
0.98095703 0.1105957 -0.014099121 -0.15905762
0.9807129 0.11224365 -0.0076904297 -0.15979004
0.98046875 0.11383057 -0.0015258789 -0.16021729
0.98028564 0.11517334 0.004333496 -0.16033936
0.9801636 0.11621094 0.009887695 -0.16033936
0.97998047 0.11694336 0.015014648 -0.16033936
0.9798584 0.11730957 0.019897461 -0.16052246
0.97943115 0.1184082 0.028503418 -0.16088867
0.97943115 0.1184082 0.028503418 -0.16088867
0.979187 0.11932373 0.032287598 -0.16101074
0.9790039 0.12011719 0.035705566 -0.1609497
0.9788208 0.12060547 0.038757324 -0.1607666
0.9786377 0.121276855 0.0413208 -0.1605835
0.9784546 0.12200928 0.0435791 -0.1605835
0.9783325 0.12237549 0.045532227 -0.1607666
0.9781494 0.12261963 0.04711914 -0.16101074
0.97802734 0.12261963 0.04827881 -0.16143799
0.9779053 0.122558594 0.049194336 -0.16192627
0.9777832 0.12249756 0.049804688 -0.16247559
0.97772217 0.12213135 0.05041504 -0.16314697
0.9776001 0.12164307 0.050964355 -0.16394043
0.977478 0.121154785 0.051574707 -0.16479492
0.97735596 0.120666504 0.052246094 -0.16571045
0.9772339 0.12023926 0.05291748 -0.16656494
0.9771118 0.11981201 0.053588867 -0.16729736
0.9770508 0.1194458 0.054138184 -0.16784668
0.97698975 0.11907959 0.05456543 -0.16821289
0.97698975 0.11871338 0.054870605 -0.16851807
0.97698975 0.11828613 0.05493164 -0.1687622
0.97698975 0.11785889 0.05493164 -0.16888428
0.9770508 0.117370605 0.054748535 -0.16900635
0.9771118 0.11682129 0.054382324 -0.16912842
0.97717285 0.11627197 0.053894043 -0.16931152
0.9772339 0.115722656 0.05328369 -0.16973877
0.97717285 0.115234375 0.052612305 -0.17041016
0.97717285 0.114746094 0.051879883 -0.17120361
0.9771118 0.11425781 0.05114746 -0.17211914
0.97698975 0.113708496 0.05029297 -0.17315674
0.9769287 0.113220215 0.049316406 -0.17419434
0.9768677 0.11248779 0.04827881 -0.17547607
0.9767456 0.1116333 0.047180176 -0.17694092
0.9765625 0.1105957 0.045959473 -0.17871094
0.9763794 0.109313965 0.04473877 -0.18078613
0.9761963 0.10784912 0.043395996 -0.1831665
0.9758911 0.10614014 0.041748047 -0.18597412
0.9755249 0.10424805 0.039855957 -0.18933105
0.9751587 0.10211182 0.03765869 -0.1930542
0.9746704 0.09979248 0.034973145 -0.19714355
0.9741211 0.097473145 0.031982422 -0.20147705
0.97351074 0.09503174 0.028625488 -0.20587158
0.9729614 0.09246826 0.025024414 -0.21020508
0.9723511 0.089660645 0.0211792 -0.21459961
0.9716797 0.08673096 0.017028809 -0.21917725
0.97088623 0.083740234 0.0126953125 -0.22399902
0.97003174 0.08062744 0.008178711 -0.22912598
0.9689331 0.07757568 0.0036621094 -0.23468018
0.9677124 0.074645996 -0.00091552734 -0.24066162
0.9663696 0.071899414 -0.005493164 -0.2467041
0.9649658 0.0690918 -0.0099487305 -0.25286865
0.963501 0.06628418 -0.014221191 -0.25897217
0.9619751 0.06341553 -0.018371582 -0.2649536
0.9603882 0.06036377 -0.022460938 -0.27111816
0.95861816 0.057250977 -0.026611328 -0.2775879
0.95666504 0.054138184 -0.030822754 -0.2843628
0.9546509 0.05114746 -0.03515625 -0.29125977
0.95251465 0.04815674 -0.039489746 -0.29797363
0.95043945 0.044921875 -0.043762207 -0.30456543
0.9483032 0.04168701 -0.048034668 -0.31097412
0.94610596 0.038391113 -0.05230713 -0.31726074
0.94384766 0.03515625 -0.056518555 -0.32354736
0.9415283 0.03173828 -0.06072998 -0.32989502
0.9390259 0.030883789 -0.064208984 -0.33636475
0.9364624 0.02960205 -0.06774902 -0.3428955
0.9338379 0.026123047 -0.07171631 -0.34942627
0.9312134 0.022583008 -0.07574463 -0.35583496
0.92852783 0.019042969 -0.079711914 -0.36212158
0.9258423 0.0154418945 -0.083618164 -0.36828613
0.92315674 0.0119018555 -0.087402344 -0.37420654
0.9205322 0.008239746 -0.09094238 -0.37982178
0.9180298 0.004638672 -0.09423828 -0.38513184
0.9155884 0.001159668 -0.097229004 -0.39013672
0.913208 -0.0021362305 -0.10003662 -0.39501953
0.9107666 -0.005126953 -0.1027832 -0.39990234
0.9083252 -0.0078125 -0.10534668 -0.40478516
0.9058838 -0.010437012 -0.10748291 -0.4095459
0.9036255 -0.012756348 -0.109313965 -0.41394043
0.9015503 -0.015075684 -0.11077881 -0.4179077
0.8998413 -0.01727295 -0.11193848 -0.42132568
0.8983154 -0.01953125 -0.11279297 -0.4241333
0.8970337 -0.02166748 -0.11340332 -0.4265747
0.89593506 -0.02355957 -0.1138916 -0.42871094
0.89489746 -0.025146484 -0.11431885 -0.43066406
0.89404297 -0.026489258 -0.11456299 -0.43225098
0.89349365 -0.02758789 -0.11444092 -0.43328857
0.8933716 -0.028442383 -0.1138916 -0.43371582
0.8936157 -0.02935791 -0.11273193 -0.43347168
0.894104 -0.030090332 -0.111083984 -0.4328003
0.8947754 -0.030639648 -0.10925293 -0.43188477
0.89538574 -0.030944824 -0.10748291 -0.43103027
0.89593506 -0.031066895 -0.10595703 -0.43023682
0.89642334 -0.031066895 -0.10491943 -0.4295044
0.8969116 -0.031066895 -0.10437012 -0.4286499
0.8973999 -0.031066895 -0.10430908 -0.4276123
0.8979492 -0.03137207 -0.10467529 -0.42633057
0.8986206 -0.03173828 -0.10534668 -0.42468262
0.89941406 -0.032470703 -0.10614014 -0.42285156
