247.3125 11.75 -92.1875
248.125 11.875 -92.1875
248.875 12.0625 -92.1875
249.5 12.3125 -92.3125
250.0625 12.625 -92.4375
250.5625 13 -92.5625
250.9375 13.4375 -92.75
251.25 13.875 -93
251.4375 14.3125 -93.1875
251.5625 14.75 -93.375
251.5625 15.125 -93.625
251.4375 15.4375 -93.8125
251.1875 15.6875 -94
250.75 15.8125 -94.1875
250.25 15.75 -94.5
249.6875 15.5 -94.8125
249 15 -95.1875
248.1875 14.375 -95.625
247.1875 13.5 -96.0625
246.0625 12.5625 -96.625
244.6875 11.375 -97.125
243.1875 10.0625 -97.6875
241.5 8.5625 -98.1875
239.75 6.9375 -98.6875
237.9375 5.125 -99.125
236 3.25 -99.5
234.125 1.3125 -99.875
232.25 -0.5625 -100.1875
230.375 -2.5 -100.5
228.5625 -4.3125 -100.6875
226.875 -6.0625 -100.6875
225.25 -7.625 -100.8125
223.75 -9.0625 -100.75
222.375 -10.3125 -100.8125
221.25 -11.25 -100.9375
220.375 -12 -101.0625
219.8125 -12.4375 -101.3125
219.4375 -12.5625 -101.75
219.25 -12.375 -102.3125
219.25 -11.875 -103
219.3125 -11.125 -103.75
219.5625 -10.125 -104.6875
219.875 -8.875 -105.6875
220.3125 -7.375 -106.75
220.75 -5.75 -107.75
221.3125 -3.9375 -108.8125
221.9375 -2 -109.75
222.625 0 -110.625
223.5 2.25 -111.4375
224.4375 4.5 -112.125
225.4375 6.875 -112.6875
226.5625 9.3125 -113.1875
227.625 11.8125 -113.6875
228.5 14.1875 -113.875
229.3125 16.5 -113.9375
230.0625 18.5625 -113.8125
230.6875 20.375 -113.75
231.1875 21.8125 -113.5625
231.5625 22.875 -113.5625
231.6875 23.5625 -113.5625
231.6875 23.75 -113.625
231.5 23.625 -113.8125
231.125 23.0625 -114.1875
230.5625 22.25 -114.625
229.8125 21.125 -115.1875
228.875 19.75 -115.75
227.875 18.125 -116.375
226.75 16.25 -117
225.5 14.3125 -117.625
224.25 12.25 -118.1875
222.875 10.0625 -118.6875
221.5625 7.875 -119.125
220.1875 5.6875 -119.5
218.875 3.5 -119.75
217.5625 1.375 -119.875
216.25 -0.5625 -119.8125
215.0625 -2.4375 -119.3125
213.8125 -4.125 -119.1875
212.625 -5.5625 -119.0625
211.4375 -6.75 -118.9375
210.1875 -7.625 -118.75
209 -8.25 -118.625
207.9375 -8.5625 -118.5625
207 -8.5625 -118.625
206.125 -8.25 -118.875
205.3125 -7.5625 -119.375
204.5 -6.5 -119.9375
203.6875 -5.125 -120.625
203 -3.4375 -121.3125
202.25 -1.5 -122
201.5 0.6875 -122.8125
200.8125 3 -123.5
200.0625 5.5625 -124.25
199.375 8.1875 -124.9375
198.6875 10.875 -125.8125
198 13.6875 -126.625
197.375 16.625 -127.5625
196.75 19.625 -128.5
196.0625 22.6875 -129.375
195.4375 25.9375 -130.125
194.9375 29.1875 -130.9375
194.3125 32.375 -131.375
193.75 35.375 -131.5625
193.25 38.1875 -131.75
192.875 40.8125 -131.8125
192.5 43.0625 -131.75
208.6875 45 -131.625
211.25 46.625 -131.625
213.1875 47.8125 -131.6875
214.6875 48.75 -131.875
215.6875 49.375 -132.125
216.375 49.8125 -132.5
216.8125 50.0625 -132.875
216.9375 50.125 -133.25
216.6875 50.0625 -133.5
216.1875 49.875 -133.5625
