2.02 -9.58 -0.37
2.05 -9.58 -0.37
2.09 -9.57 -0.38
2.14 -9.56 -0.41
2.2 -9.54 -0.43
2.27 -9.52 -0.46
2.35 -9.5 -0.5
2.42 -9.48 -0.53
2.49 -9.46 -0.56
2.56 -9.44 -0.6
2.61 -9.43 -0.63
2.65 -9.41 -0.66
2.67 -9.4 -0.69
2.66 -9.4 -0.74
2.62 -9.41 -0.8
2.54 -9.43 -0.86
2.43 -9.45 -0.93
2.29 -9.47 -1.01
2.13 -9.5 -1.1
1.94 -9.53 -1.2
1.72 -9.56 -1.29
1.47 -9.59 -1.39
1.18 -9.62 -1.47
0.88 -9.64 -1.55
0.56 -9.65 -1.62
0.23 -9.65 -1.68
-0.1 -9.64 -1.74
-0.42 -9.63 -1.79
-0.74 -9.6 -1.82
-1.03 -9.58 -1.81
-1.31 -9.54 -1.82
-1.55 -9.51 -1.81
-1.75 -9.47 -1.81
-1.92 -9.44 -1.82
-2.04 -9.41 -1.84
-2.11 -9.38 -1.88
-2.14 -9.36 -1.95
-2.1 -9.35 -2.04
-2.02 -9.34 -2.16
-1.89 -9.34 -2.29
-1.72 -9.33 -2.45
-1.51 -9.32 -2.62
-1.26 -9.31 -2.8
-0.98 -9.28 -2.98
-0.68 -9.26 -3.15
-0.35 -9.22 -3.31
0 -9.17 -3.45
0.38 -9.11 -3.59
0.77 -9.05 -3.68
1.17 -8.98 -3.76
1.59 -8.89 -3.81
2 -8.78 -3.86
2.41 -8.68 -3.85
2.78 -8.59 -3.81
3.12 -8.49 -3.76
3.41 -8.41 -3.7
3.64 -8.34 -3.64
3.81 -8.27 -3.61
3.92 -8.23 -3.59
3.95 -8.22 -3.59
3.93 -8.21 -3.63
3.84 -8.22 -3.69
3.71 -8.24 -3.78
3.53 -8.27 -3.89
3.31 -8.3 -4.01
3.05 -8.34 -4.14
2.75 -8.38 -4.27
2.42 -8.41 -4.4
2.08 -8.44 -4.52
1.72 -8.46 -4.64
1.35 -8.48 -4.73
0.97 -8.48 -4.8
0.6 -8.49 -4.86
0.24 -8.49 -4.89
-0.1 -8.5 -4.88
-0.42 -8.54 -4.8
-0.71 -8.53 -4.77
-0.95 -8.52 -4.75
-1.15 -8.51 -4.71
-1.3 -8.52 -4.67
-1.41 -8.51 -4.64
-1.46 -8.51 -4.64
-1.47 -8.51 -4.64
-1.41 -8.49 -4.69
-1.29 -8.46 -4.76
-1.11 -8.43 -4.86
-0.88 -8.4 -4.97
-0.59 -8.36 -5.08
-0.25 -8.3 -5.2
0.11 -8.23 -5.31
0.52 -8.16 -5.41
0.95 -8.06 -5.49
1.39 -7.95 -5.56
1.85 -7.8 -5.63
2.32 -7.63 -5.69
2.8 -7.44 -5.73
3.29 -7.22 -5.75
3.79 -6.98 -5.73
4.29 -6.73 -5.68
4.79 -6.45 -5.61
5.25 -6.21 -5.47
5.67 -5.97 -5.3
6.06 -5.74 -5.13
6.41 -5.52 -4.95
6.7 -5.34 -4.76
6.94 -5.17 -4.6
7.12 -5.03 -4.47
7.27 -4.91 -4.37
7.37 -4.81 -4.31
7.44 -4.72 -4.28
7.49 -4.66 -4.27
7.52 -4.6 -4.28
7.52 -4.57 -4.3
7.52 -4.56 -4.33
7.49 -4.57 -4.35
7.46 -4.6 -4.38
