0.48651123 -0.5994873 0.3994751 -0.4942627
0.48187256 -0.5967407 0.4036255 -0.49884033
0.4769287 -0.5942383 0.4074707 -0.50335693
0.47155762 -0.59228516 0.4111328 -0.50775146
0.46575928 -0.5908203 0.41455078 -0.5120239
0.45959473 -0.58984375 0.4175415 -0.51623535
0.45324707 -0.58935547 0.42016602 -0.5203247
0.44696045 -0.58917236 0.42236328 -0.52404785
0.44104004 -0.58935547 0.42419434 -0.5274658
0.43572998 -0.58984375 0.42547607 -0.53027344
0.43133545 -0.5907593 0.4262085 -0.5322876
0.42803955 -0.5922241 0.4262085 -0.53326416
0.42633057 -0.59417725 0.42541504 -0.53308105
0.42633057 -0.59661865 0.42388916 -0.5316162
0.42797852 -0.59973145 0.4222412 -0.52801514
0.43164062 -0.6035156 0.4202881 -0.52227783
0.4375 -0.6078491 0.4179077 -0.5142822
0.44519043 -0.612854 0.41497803 -0.5040283
0.4545288 -0.61865234 0.41125488 -0.4915161
0.46533203 -0.6253052 0.4066162 -0.4765625
0.47747803 -0.6328125 0.40093994 -0.45916748
0.49090576 -0.64086914 0.39434814 -0.43914795
0.50549316 -0.6491699 0.3866577 -0.41662598
0.52093506 -0.6574707 0.3781128 -0.39172363
0.536499 -0.66571045 0.36871338 -0.3647461
0.5516968 -0.6737671 0.3587036 -0.33618164
0.56585693 -0.68151855 0.34838867 -0.30651855
0.5786133 -0.68896484 0.33795166 -0.27624512
0.5899658 -0.6958008 0.3274536 -0.24621582
0.6000366 -0.7017822 0.3168335 -0.21697998
0.6094971 -0.7062988 0.3062744 -0.18927002
0.6166382 -0.7108154 0.29644775 -0.16308594
0.62298584 -0.71417236 0.28692627 -0.13952637
0.62713623 -0.71765137 0.27856445 -0.11871338
0.6296997 -0.7208252 0.27148438 -0.10119629
0.6309204 -0.72332764 0.2662964 -0.088256836
0.6305542 -0.7258911 0.26306152 -0.07965088
0.6282959 -0.7288208 0.26141357 -0.07562256
0.62438965 -0.73217773 0.26123047 -0.07598877
0.6190796 -0.73583984 0.26245117 -0.08026123
0.6124878 -0.739624 0.26464844 -0.088256836
0.6043091 -0.74383545 0.2678833 -0.099121094
0.5946045 -0.74823 0.2718506 -0.1126709
0.58361816 -0.75268555 0.27642822 -0.12835693
0.5715332 -0.756958 0.28137207 -0.14575195
0.5585327 -0.7606201 0.28686523 -0.16485596
0.5446167 -0.7637329 0.29278564 -0.1854248
0.52978516 -0.7659912 0.29919434 -0.20758057
0.5135498 -0.76763916 0.30633545 -0.23065186
0.49700928 -0.7678833 0.31384277 -0.2546997
0.4798584 -0.7670288 0.3215332 -0.27929688
0.4613037 -0.76538086 0.3295288 -0.3046875
0.4413452 -0.7637329 0.3371582 -0.3289795
0.4234619 -0.7607422 0.34295654 -0.3526001
0.40631104 -0.7573242 0.34802246 -0.37445068
0.39086914 -0.75354004 0.35205078 -0.39422607
0.37719727 -0.75 0.35534668 -0.41101074
0.36608887 -0.7468872 0.3577881 -0.42443848
0.3569336 -0.7449951 0.35992432 -0.4336548
0.3517456 -0.7437744 0.36065674 -0.43933105
0.3496704 -0.74383545 0.36065674 -0.4407959
0.3503418 -0.7454834 0.35998535 -0.43811035
0.3536377 -0.7484131 0.35845947 -0.43164062
0.3591919 -0.75268555 0.355896 -0.42163086
0.36676025 -0.75805664 0.35217285 -0.40844727
0.3758545 -0.76416016 0.34765625 -0.39227295
0.38616943 -0.770813 0.34240723 -0.3734131
0.39727783 -0.777771 0.3363037 -0.35229492
0.40856934 -0.7849121 0.32958984 -0.32922363
0.4197998 -0.79193115 0.32208252 -0.30474854
0.43066406 -0.7987671 0.31396484 -0.27923584
0.44104004 -0.8050537 0.305542 -0.2531128
0.45098877 -0.8106079 0.296875 -0.2267456
0.46032715 -0.8154297 0.28796387 -0.20050049
0.4691162 -0.81951904 0.27893066 -0.17486572
0.4779663 -0.82232666 0.26965332 -0.1505127
0.48864746 -0.822876 0.26000977 -0.12817383
0.49499512 -0.8249512 0.25115967 -0.10662842
0.5001831 -0.8267212 0.2421875 -0.087402344
0.5043335 -0.82836914 0.23321533 -0.07086182
0.5083008 -0.8295288 0.2241211 -0.057006836
0.5107422 -0.8310547 0.21533203 -0.045776367
0.5118408 -0.8327637 0.20751953 -0.037902832
0.51190186 -0.8345947 0.20074463 -0.033325195
0.50964355 -0.8374634 0.19458008 -0.032226562
0.5055542 -0.8411255 0.18890381 -0.034851074
0.50006104 -0.8453369 0.18359375 -0.04107666
0.49353027 -0.8496704 0.1786499 -0.05078125
0.4862671 -0.8540039 0.17388916 -0.06347656
0.47802734 -0.8583374 0.16912842 -0.07879639
0.46868896 -0.86260986 0.16418457 -0.09625244
0.45910645 -0.86639404 0.15924072 -0.11517334
0.4489746 -0.86968994 0.1541748 -0.13531494
0.4378662 -0.87268066 0.14910889 -0.1564331
0.425354 -0.8754883 0.144104 -0.17822266
0.4118042 -0.8779297 0.13928223 -0.20062256
0.39715576 -0.8798828 0.13452148 -0.22357178
0.38171387 -0.88116455 0.12982178 -0.24700928
0.36584473 -0.88153076 0.124816895 -0.27111816
0.34979248 -0.88067627 0.11981201 -0.2962036
0.3324585 -0.87908936 0.115356445 -0.3215332
0.31835938 -0.87579346 0.10998535 -0.34570312
0.30511475 -0.87158203 0.10510254 -0.3690796
0.29211426 -0.86694336 0.10107422 -0.3909912
0.28051758 -0.8619385 0.09753418 -0.4109497
0.270813 -0.85687256 0.093933105 -0.42852783
0.26239014 -0.852417 0.09057617 -0.4430542
0.2555542 -0.8488159 0.08721924 -0.45446777
0.25006104 -0.84625244 0.08404541 -0.4628296
0.24554443 -0.84472656 0.08099365 -0.46862793
0.2420044 -0.8440552 0.078063965 -0.47216797
0.23925781 -0.8440552 0.07519531 -0.47399902
0.23742676 -0.84454346 0.0725708 -0.47442627
0.23651123 -0.84539795 0.07019043 -0.47375488
0.23675537 -0.8463135 0.068237305 -0.472229
0.23828125 -0.847229 0.06677246 -0.47009277
