0.19165039 -0.40509033 -0.26068115 -0.85510254
0.19458008 -0.4099121 -0.25793457 -0.8529663
0.19958496 -0.41448975 -0.25482178 -0.8505249
0.20648193 -0.4189453 -0.25030518 -0.8480835
0.21484375 -0.42315674 -0.2444458 -0.84558105
0.22460938 -0.42700195 -0.23846436 -0.8428345
0.2355957 -0.4303589 -0.23272705 -0.8397217
0.2479248 -0.4329834 -0.22723389 -0.83636475
0.26184082 -0.43463135 -0.2208252 -0.8329468
0.27801514 -0.43463135 -0.21368408 -0.8295288
0.29638672 -0.4328003 -0.2043457 -0.8265381
0.3171997 -0.42858887 -0.19268799 -0.8237915
0.3392334 -0.42211914 -0.17816162 -0.82159424
0.36212158 -0.41345215 -0.16143799 -0.81970215
0.38482666 -0.40289307 -0.14434814 -0.81781006
0.4055786 -0.39141846 -0.12805176 -0.815979
0.42364502 -0.38006592 -0.112854004 -0.8144531
0.43914795 -0.3692627 -0.09857178 -0.8130493
0.4527588 -0.35882568 -0.08502197 -0.8117676
0.465271 -0.3482666 -0.072509766 -0.8105469
0.47705078 -0.33691406 -0.06048584 -0.80944824
0.48809814 -0.32440186 -0.04840088 -0.80877686
0.49835205 -0.3102417 -0.036132812 -0.80877686
0.5073242 -0.29437256 -0.024169922 -0.8095703
0.5145874 -0.27703857 -0.013000488 -0.81134033
0.51989746 -0.2584839 -0.0033569336 -0.81414795
0.5232544 -0.23956299 0.005065918 -0.81781006
0.5249634 -0.22064209 0.012451172 -0.82196045
0.52557373 -0.20214844 0.019226074 -0.8261719
0.52557373 -0.18359375 0.025024414 -0.83032227
0.52508545 -0.16479492 0.030212402 -0.8344116
0.5236206 -0.14624023 0.03515625 -0.838562
0.52075195 -0.12841797 0.039916992 -0.8430786
0.5164795 -0.111328125 0.044128418 -0.8479004
0.51104736 -0.095214844 0.047729492 -0.8529663
0.50476074 -0.08026123 0.050720215 -0.8580322
0.49816895 -0.06677246 0.053466797 -0.862854
0.4915161 -0.05493164 0.056274414 -0.8673096
0.48498535 -0.044555664 0.058898926 -0.8713989
0.47833252 -0.0357666 0.061584473 -0.87524414
0.47131348 -0.028808594 0.06451416 -0.87908936
0.46368408 -0.023498535 0.06726074 -0.8831177
0.45526123 -0.01928711 0.0692749 -0.8874512
0.446167 -0.01574707 0.07067871 -0.8920288
0.43658447 -0.012817383 0.071777344 -0.8966675
0.42669678 -0.010314941 0.072753906 -0.9013672
0.41674805 -0.007873535 0.07330322 -0.90600586
0.40704346 -0.0053100586 0.07293701 -0.9104614
0.39801025 -0.002746582 0.07183838 -0.9145508
0.3897705 -0.0004272461 0.070373535 -0.9182129
0.38220215 0.001159668 0.068847656 -0.9215088
0.3751831 0.001953125 0.06732178 -0.9244995
0.36883545 0.0020141602 0.06555176 -0.92718506
0.36309814 0.0014038086 0.06378174 -0.9295654
