340.125 3.125 2.75
340 2.5 2.5625
339.875 1.875 2.375
339.8125 1.25 2.25
339.75 0.625 2
339.6875 0.125 1.8125
339.5625 -0.3125 1.5625
339.5 -0.8125 1.25
339.375 -1.1875 0.9375
339.3125 -1.5625 0.625
339.25 -1.875 0.3125
339.25 -2.0625 0
339.25 -2.25 -0.25
339.25 -2.25 -0.5625
339.25 -2.1875 -0.8125
339.25 -2 -1.125
339.25 -1.75 -1.25
339.25 -1.3125 -1.375
339.25 -0.75 -1.4375
339.25 -0.0625 -1.5
339.125 0.75 -1.5
339 1.75 -1.5625
338.8125 2.9375 -1.6875
338.5625 4.25 -1.8125
338.25 5.75 -2.0625
337.875 7.4375 -2.375
337.5 9.1875 -2.75
337.0625 11.1875 -3.1875
336.5625 13.25 -3.6875
336.0625 15.5 -4.1875
335.4375 17.8125 -4.75
334.8125 20.25 -5.25
334.0625 22.75 -5.875
333.375 25.1875 -6.5
332.6875 27.6875 -7.25
332 30.125 -8.0625
331.25 32.5625 -8.9375
330.5625 34.9375 -9.875
329.875 37.1875 -10.9375
329.25 39.375 -12.125
328.5 41.4375 -13.1875
327.9375 43.375 -14.4375
57.375 45.125 -15.8125
56.875 46.6875 -17.1875
56.4375 48.0625 -18.4375
56.125 49.1875 -19.5625
55.8125 50.0625 -20.5625
55.6875 50.625 -21.375
55.625 50.9375 -21.9375
55.8125 51.0625 -22.1875
56.1875 50.9375 -22.125
56.6875 50.6875 -21.8125
57.3125 50.1875 -21.25
58.0625 49.5 -20.4375
58.8125 48.6875 -19.5625
59.6875 47.6875 -18.5625
60.5625 46.5 -17.5625
61.5 45.125 -16.5625
332.5625 43.625 -15.5
333.6875 42 -14.5
334.8125 40.25 -13.4375
336 38.375 -12.3125
337.1875 36.4375 -11.25
338.375 34.375 -10.25
339.5625 32.1875 -9.375
340.75 30 -8.5625
341.9375 27.75 -7.875
343.125 25.5625 -7.1875
344.25 23.375 -6.625
345.4375 21.1875 -6.125
346.5 19.0625 -5.75
347.5 17 -5.625
348.375 15.125 -5.625
349.0625 13.4375 -5.6875
349.5625 11.9375 -5.9375
349.9375 10.6875 -6.1875
350.1875 9.75 -6.5
350.4375 9 -6.9375
350.5 8.625 -7.125
350.5625 8.5625 -7.3125
350.5625 8.75 -7.5
350.4375 9.1875 -7.6875
350.3125 9.875 -7.875
350.0625 10.75 -8
349.8125 11.8125 -8.1875
349.5625 13 -8.3125
349.25 14.375 -8.5
348.9375 15.875 -8.6875
348.5625 17.5625 -8.9375
348.1875 19.3125 -9.1875
347.75 21.1875 -9.5625
347.3125 23.125 -9.9375
346.8125 25.125 -10.375
346.3125 27.1875 -10.8125
345.6875 29.3125 -11.3125
345.125 31.4375 -11.8125
344.5625 33.625 -12.375
343.9375 35.875 -13.0625
343.4375 38.0625 -13.8125
342.9375 40.1875 -14.625
342.4375 42.3125 -15.4375
342.0625 44.3125 -16.4375
71.75 46.125 -17.3125
71.5625 47.8125 -18.125
71.4375 49.375 -18.875
71.375 50.75 -19.4375
71.5 52 -19.875
71.8125 53 -20.1875
72.25 53.6875 -20.1875
72.875 54.1875 -19.9375
73.5625 54.375 -19.375
74.4375 54.3125 -18.5625
75.375 53.9375 -17.5
76.5 53.375 -16.25
77.75 52.5 -14.8125
79.125 51.4375 -13.25
80.5625 50.125 -11.625
82.125 48.625 -10
83.625 47 -8.4375
85.1875 45.1875 -7
356.8125 43.25 -5.8125
358.375 41.3125 -4.75
359.9375 39.1875 -3.8125
1.5 37.125 -2.9375
3 34.9375 -2.25
4.5625 32.75 -1.6875
6 30.5 -1.125
7.4375 28.3125 -0.75
8.8125 26.125 -0.4375
10.0625 24.125 -0.1875
11.25 22.3125 0
12.25 20.625 0.0625
13.25 19.1875 0.0625
14.0625 17.9375 0
14.75 16.9375 0
