0.43 0.44 9.78
0.32 0.41 9.79
0.21 0.38 9.79
0.11 0.35 9.79
0.02 0.31 9.8
-0.06 0.27 9.8
-0.14 0.22 9.8
-0.21 0.16 9.8
-0.27 0.1 9.8
-0.32 0.05 9.8
-0.36 0 9.79
-0.38 -0.04 9.79
-0.39 -0.09 9.79
-0.38 -0.14 9.79
-0.35 -0.19 9.79
-0.3 -0.22 9.79
-0.22 -0.24 9.8
-0.13 -0.25 9.8
-0.01 -0.25 9.8
0.13 -0.26 9.8
0.3 -0.27 9.79
0.5 -0.28 9.78
0.73 -0.31 9.77
0.98 -0.35 9.75
1.26 -0.4 9.71
1.57 -0.46 9.66
1.9 -0.54 9.6
2.25 -0.61 9.52
2.62 -0.69 9.42
3 -0.77 9.3
3.39 -0.84 9.15
3.79 -0.92 8.99
4.18 -1 8.81
4.56 -1.09 8.61
4.92 -1.19 8.39
5.28 -1.28 8.16
5.61 -1.38 7.91
5.93 -1.48 7.66
6.22 -1.59 7.4
6.49 -1.67 7.15
6.73 -1.78 6.9
6.94 -1.88 6.65
7.13 -1.98 6.42
7.29 -2.07 6.21
7.42 -2.15 6.03
7.51 -2.21 5.89
7.58 -2.26 5.79
7.61 -2.3 5.72
7.62 -2.32 5.7
7.61 -2.32 5.71
7.58 -2.3 5.76
7.53 -2.27 5.84
7.46 -2.22 5.95
7.36 -2.16 6.09
7.25 -2.1 6.25
7.11 -2.03 6.43
6.95 -1.97 6.62
6.76 -1.9 6.83
6.56 -1.82 7.05
6.33 -1.73 7.27
6.09 -1.64 7.5
5.82 -1.54 7.73
5.53 -1.44 7.96
5.23 -1.35 8.18
4.9 -1.26 8.39
4.57 -1.18 8.59
4.23 -1.11 8.77
3.89 -1.04 8.94
3.54 -0.97 9.08
3.21 -0.93 9.21
2.87 -0.91 9.33
2.56 -0.93 9.42
2.28 -0.95 9.48
2.03 -0.99 9.54
1.82 -1.04 9.57
1.66 -1.09 9.6
1.54 -1.17 9.61
1.47 -1.2 9.61
1.46 -1.24 9.61
1.49 -1.27 9.6
1.57 -1.29 9.59
1.68 -1.32 9.56
1.82 -1.35 9.53
2 -1.36 9.5
2.21 -1.38 9.45
2.44 -1.4 9.39
2.69 -1.42 9.32
2.96 -1.45 9.23
3.24 -1.48 9.13
3.54 -1.52 9.01
3.85 -1.56 8.88
4.16 -1.6 8.73
4.48 -1.63 8.56
4.8 -1.67 8.38
5.12 -1.71 8.18
5.43 -1.75 7.96
5.74 -1.8 7.73
6.04 -1.84 7.49
6.33 -1.89 7.24
6.6 -1.93 6.98
6.85 -1.98 6.72
7.07 -2.02 6.48
7.27 -2.05 6.25
7.44 -2.06 6.03
7.59 -2.06 5.84
7.73 -2.05 5.67
7.83 -2.03 5.53
7.9 -2 5.44
7.95 -1.95 5.39
7.97 -1.89 5.38
7.96 -1.82 5.42
7.93 -1.73 5.49
7.87 -1.64 5.61
7.78 -1.53 5.76
7.67 -1.4 5.94
7.53 -1.26 6.15
7.36 -1.12 6.37
7.17 -0.98 6.61
6.96 -0.84 6.85
6.72 -0.72 7.09
6.47 -0.61 7.34
6.2 -0.5 7.57
5.91 -0.4 7.8
5.62 -0.31 8.02
5.3 -0.24 8.24
4.98 -0.16 8.44
4.65 -0.11 8.63
4.32 -0.07 8.8
4.01 -0.03 8.94
3.72 0 9.07
3.46 0.01 9.17
3.22 0.01 9.25
3.02 0 9.32
2.86 0 9.37
2.73 -0.01 9.41
