0.984375 0.028564453 -0.023010254 0.17230225
0.984375 0.026245117 -0.017822266 0.17321777
0.984375 0.023803711 -0.012634277 0.17419434
0.98431396 0.02130127 -0.0075683594 0.17492676
0.9842529 0.018676758 -0.002746582 0.17559814
0.9841919 0.015991211 0.0016479492 0.17626953
0.98413086 0.013061523 0.0056152344 0.17694092
0.9840088 0.009887695 0.009094238 0.17773438
0.9838257 0.0064697266 0.012145996 0.17852783
0.9837036 0.0029907227 0.014770508 0.17926025
0.98358154 -0.00024414062 0.016845703 0.17974854
0.9835205 -0.0032348633 0.018249512 0.17999268
0.9834595 -0.0059814453 0.018920898 0.18005371
0.9834595 -0.008422852 0.018798828 0.1798706
0.9834595 -0.010986328 0.01776123 0.18005371
0.9834595 -0.012939453 0.015930176 0.17999268
0.9835205 -0.013916016 0.013122559 0.17980957
0.98358154 -0.014221191 0.009277344 0.1796875
0.98358154 -0.0138549805 0.0043945312 0.17974854
0.98358154 -0.013000488 -0.0017089844 0.18005371
0.98339844 -0.011962891 -0.009094238 0.1807251
0.9831543 -0.010864258 -0.0178833 0.1817627
0.982605 -0.009765625 -0.028076172 0.18322754
0.9818115 -0.0087890625 -0.039855957 0.18530273
0.9807129 -0.008239746 -0.05303955 0.18792725
0.97924805 -0.00793457 -0.06768799 0.19091797
0.97735596 -0.0078125 -0.083740234 0.19415283
0.9750366 -0.0078125 -0.10119629 0.19750977
0.97216797 -0.0076293945 -0.11987305 0.20117188
0.96868896 -0.007019043 -0.13964844 0.20526123
0.9645386 -0.0059814453 -0.16033936 0.2097168
0.9597168 -0.0045166016 -0.18164062 0.2144165
0.95428467 -0.002746582 -0.20324707 0.21923828
0.9482422 -0.0010986328 -0.22503662 0.22399902
0.9417114 0.0004272461 -0.24682617 0.22851562
0.9347534 0.0018310547 -0.26837158 0.23297119
0.9273071 0.0032958984 -0.28955078 0.23724365
0.9194946 0.0045166016 -0.3102417 0.24127197
0.911499 0.005432129 -0.33032227 0.24493408
0.90338135 0.0060424805 -0.34960938 0.24829102
0.8951416 0.0078125 -0.36761475 0.25195312
0.88708496 0.008117676 -0.38476562 0.25482178
0.8793335 0.0076904297 -0.4006958 0.25708008
0.8720093 0.007019043 -0.4152832 0.25891113
0.8654785 0.006652832 -0.42785645 0.26055908
0.8596802 0.0060424805 -0.4385376 0.2617798
0.8552246 0.005126953 -0.4467163 0.2626953
0.8521118 0.0037841797 -0.4524536 0.26293945
0.85040283 0.002380371 -0.45593262 0.26257324
0.8501587 0.0008544922 -0.4572754 0.2611084
0.8512573 -0.0007324219 -0.45654297 0.25860596
0.85375977 -0.0022583008 -0.45385742 0.255188
0.85736084 -0.0037231445 -0.4492798 0.25109863
0.8619995 -0.005065918 -0.44293213 0.246521
0.86743164 -0.0063476562 -0.43493652 0.24163818
0.87353516 -0.0076904297 -0.42547607 0.2364502
0.880188 -0.009399414 -0.41455078 0.230896
0.88739014 -0.011352539 -0.4022827 0.22485352
0.8949585 -0.0134887695 -0.38885498 0.21820068
0.90283203 -0.015563965 -0.3743286 0.2109375
0.9108887 -0.017333984 -0.3587036 0.20324707
0.9189453 -0.018615723 -0.34210205 0.19525146
0.92700195 -0.019592285 -0.3244629 0.18701172
0.9349365 -0.020507812 -0.30603027 0.17852783
0.9425659 -0.02142334 -0.28692627 0.1697998
0.94976807 -0.022705078 -0.26739502 0.16088867
0.95654297 -0.024047852 -0.24768066 0.1519165
0.9628296 -0.025146484 -0.22802734 0.14276123
0.96850586 -0.026123047 -0.2084961 0.13348389
0.9736328 -0.027160645 -0.18933105 0.12420654
0.9781494 -0.028564453 -0.17071533 0.115356445
0.9819946 -0.031066895 -0.15264893 0.107055664
0.9850464 -0.034362793 -0.1361084 0.10003662
0.9873657 -0.03753662 -0.121520996 0.09436035
0.98913574 -0.0413208 -0.10870361 0.090026855
0.99035645 -0.04510498 -0.09802246 0.08685303
0.9911499 -0.048828125 -0.089660645 0.08453369
0.99157715 -0.05328369 -0.083862305 0.08294678
0.9918213 -0.055480957 -0.08062744 0.081970215
0.9918213 -0.057250977 -0.079956055 0.08154297
0.99157715 -0.05859375 -0.08178711 0.08178711
0.99108887 -0.059631348 -0.085754395 0.08258057
0.9904175 -0.060546875 -0.09173584 0.08392334
0.9894409 -0.06097412 -0.09954834 0.085632324
0.98828125 -0.061035156 -0.10900879 0.08758545
0.98687744 -0.060791016 -0.11987305 0.08984375
0.9851074 -0.06048584 -0.13208008 0.09234619
0.9829712 -0.06011963 -0.14544678 0.09503174
0.98046875 -0.059692383 -0.15991211 0.09790039
0.97753906 -0.059326172 -0.17541504 0.10083008
0.9741211 -0.05908203 -0.1918335 0.104003906
0.97021484 -0.058898926 -0.20892334 0.107421875
0.9658203 -0.05847168 -0.22662354 0.111206055
0.96099854 -0.057556152 -0.24475098 0.11529541
0.9555664 -0.05657959 -0.2633667 0.11956787
0.94970703 -0.055358887 -0.28222656 0.12371826
0.9433594 -0.05407715 -0.30126953 0.12786865
0.9365845 -0.05303955 -0.32037354 0.13165283
0.9295044 -0.05206299 -0.33929443 0.13513184
0.92211914 -0.051330566 -0.3577881 0.1381836
0.9145508 -0.049926758 -0.37579346 0.14105225
0.9069824 -0.049621582 -0.39300537 0.14294434
0.8998413 -0.049438477 -0.4086914 0.14404297
0.8931885 -0.04852295 -0.42297363 0.14483643
0.8870239 -0.047668457 -0.43579102 0.14471436
0.8815918 -0.04638672 -0.44708252 0.144104
0.87683105 -0.04510498 -0.45690918 0.14263916
0.8734131 -0.04473877 -0.46435547 0.13964844
0.87127686 -0.04437256 -0.46954346 0.13562012
0.87054443 -0.043762207 -0.4724121 0.13092041
0.87109375 -0.04309082 -0.4729004 0.12536621
0.8730469 -0.042236328 -0.47094727 0.119140625
0.87628174 -0.04144287 -0.46679688 0.11193848
0.88061523 -0.040771484 -0.46051025 0.103759766
0.8859863 -0.039794922 -0.45220947 0.09460449
0.8922119 -0.038391113 -0.44195557 0.08459473
0.89904785 -0.036621094 -0.4300537 0.073791504
0.90618896 -0.034729004 -0.41674805 0.062316895
0.9135742 -0.03277588 -0.40222168 0.050476074
0.92089844 -0.030883789 -0.38671875 0.038269043
0.92803955 -0.029541016 -0.37042236 0.025756836
0.9349365 -0.028320312 -0.3534546 0.013183594
0.9414673 -0.02722168 -0.33605957 0.0004272461
0.9475708 -0.026123047 -0.31817627 -0.012390137
0.9533081 -0.02508545 -0.2999878 -0.02532959
0.9584961 -0.024353027 -0.28137207 -0.038269043
0.96325684 -0.022827148 -0.26275635 -0.050720215
0.9675293 -0.022033691 -0.24383545 -0.06304932
0.9711914 -0.02130127 -0.22521973 -0.07489014
0.97406006 -0.020080566 -0.20837402 -0.0859375
0.97631836 -0.018920898 -0.19274902 -0.096191406
0.9780884 -0.018310547 -0.17852783 -0.10546875
0.9793701 -0.018676758 -0.16595459 -0.1138916
0.9802246 -0.018798828 -0.1552124 -0.12109375
0.98083496 -0.019042969 -0.14642334 -0.12713623
