60.125 12.5 -1.0625
60.375 11.6875 -1.3125
60.6875 10.8125 -1.625
61 9.875 -2
61.375 8.8125 -2.3125
61.8125 7.6875 -2.625
62.1875 6.5625 -3.0625
62.625 5.3125 -3.5
63.0625 4.0625 -3.9375
63.5 2.8125 -4.375
63.9375 1.6875 -4.9375
64.4375 0.625 -5.4375
64.9375 -0.25 -5.875
65.3125 -1 -6.3125
65.625 -1.4375 -6.625
65.875 -1.6875 -6.9375
65.875 -1.5625 -7.1875
65.75 -1.125 -7.3125
65 0.8125 -7.1875
64.375 2.375 -7.0625
64.375 2.375 -7.0625
63.5625 4.3125 -7
62.6875 6.625 -6.9375
61.8125 9.1875 -6.9375
60.8125 12 -7.0625
59.8125 15.0625 -7.1875
58.75 18.3125 -7.4375
57.6875 21.625 -7.75
56.625 25.125 -8.1875
55.5625 28.625 -8.875
54.625 32.0625 -9.625
53.75 35.5 -10.4375
52.875 38.6875 -11
52.3125 41.6875 -12
51.8125 44.4375 -12.8125
141.5 46.8125 -13.6875
141.5 48.9375 -14.4375
141.6875 50.625 -15
142.125 51.75 -15.25
142.875 52.375 -15.25
143.875 52.5 -15.0625
145.125 52.1875 -14.75
146.5 51.375 -14.375
147.9375 50.1875 -13.875
149.4375 48.5625 -13.4375
151.125 46.5625 -12.9375
62.75 44.1875 -12.5625
64.4375 41.5625 -12.25
66.0625 38.75 -12.125
67.6875 35.75 -12.0625
69.3125 32.625 -12.1875
70.9375 29.4375 -12.375
72.5 26.375 -12.5
74.0625 23.375 -12.9375
75.5 20.5 -13.4375
76.6875 17.875 -13.9375
77.6875 15.625 -14.25
78.4375 13.875 -14.5625
79 12.625 -15.0625
79.25 11.875 -15.4375
79.125 11.75 -15.4375
78.75 12.1875 -15.5
78.1875 13.125 -15.5
77.375 14.5625 -15.4375
76.5 16.375 -15.4375
75.5625 18.625 -15.5
74.625 21.125 -15.75
73.6875 23.875 -16.0625
72.75 26.875 -16.5625
71.875 30 -17.125
71.0625 33.1875 -17.75
70.375 36.5 -18.625
69.75 39.8125 -19.75
69.3125 43.0625 -21.0625
158.9375 46.1875 -22.3125
158.25 49.1875 -22.8125
158.1875 51.9375 -24.25
158.1875 54.5 -25.5
158.125 56.8125 -26.4375
157.9375 58.8125 -26.8125
157.875 60.5625 -27.25
158.125 62 -27.4375
158.625 63 -27
159.5625 63.625 -26.125
160.9375 63.75 -24.6875
162.75 63.4375 -22.75
164.75 62.6875 -20.375
166.9375 61.4375 -17.75
169.25 59.8125 -15.1875
171.5625 57.875 -12.875
173.875 55.625 -10.9375
176.25 53.3125 -9.4375
178.4375 50.8125 -8.1875
180.5 48.1875 -7.3125
182.5 45.625 -6.9375
94.3125 43.125 -6.5
96 40.8125 -6.25
97.625 38.5625 -6.125
99.125 36.5 -5.9375
100.375 34.5625 -5.875
101.5625 32.75 -5.6875
102.5625 31.1875 -5.4375
103.4375 29.75 -5.3125
104.25 28.5625 -5.1875
104.9375 27.5 -5.125
105.5625 26.6875 -5.125
106.0625 26 -5.125
106.5 25.4375 -5.0625
106.8125 25.0625 -4.875
