1.99 -0.22 9.59
1.84 -0.28 9.62
1.68 -0.33 9.65
1.5 -0.39 9.68
1.32 -0.45 9.7
1.12 -0.52 9.72
0.91 -0.59 9.74
0.7 -0.67 9.75
0.48 -0.75 9.76
0.28 -0.84 9.76
0.1 -0.92 9.76
-0.04 -1.01 9.75
-0.17 -1.08 9.74
-0.25 -1.14 9.73
-0.29 -1.18 9.72
-0.27 -1.22 9.72
-0.19 -1.24 9.72
-0.06 -1.24 9.72
0.14 -1.23 9.72
0.41 -1.2 9.72
0.74 -1.19 9.7
1.13 -1.17 9.66
1.56 -1.17 9.6
2.04 -1.18 9.51
2.55 -1.19 9.39
3.08 -1.2 9.23
3.62 -1.23 9.02
4.16 -1.27 8.78
4.7 -1.32 8.5
5.21 -1.39 8.18
5.69 -1.45 7.84
6.13 -1.46 7.5
6.52 -1.52 7.15
6.86 -1.55 6.82
7.15 -1.58 6.51
7.39 -1.6 6.23
7.58 -1.61 6
7.7 -1.59 5.85
7.77 -1.57 5.77
7.78 -1.55 5.75
7.74 -1.53 5.81
7.66 -1.51 5.92
7.53 -1.51 6.09
7.35 -1.5 6.31
7.12 -1.51 6.56
6.84 -1.53 6.85
6.51 -1.56 7.16
6.14 -1.61 7.47
5.73 -1.67 7.77
5.29 -1.74 8.06
4.82 -1.83 8.33
4.36 -1.9 8.57
3.89 -2.01 8.77
3.44 -2.14 8.93
3.01 -2.24 9.05
2.65 -2.33 9.14
2.35 -2.4 9.21
2.14 -2.48 9.24
2.02 -2.55 9.24
2 -2.56 9.25
2.07 -2.56 9.23
2.23 -2.55 9.19
2.47 -2.53 9.14
2.77 -2.5 9.06
3.13 -2.49 8.95
3.53 -2.48 8.8
3.97 -2.48 8.61
4.43 -2.49 8.38
4.9 -2.5 8.11
5.37 -2.5 7.81
5.83 -2.52 7.46
6.28 -2.55 7.08
6.69 -2.57 6.68
7.07 -2.58 6.27
7.42 -2.48 5.9
7.72 -2.48 5.5
7.98 -2.44 5.13
8.2 -2.38 4.8
8.39 -2.29 4.52
8.54 -2.2 4.27
8.66 -2.12 4.08
8.74 -2.01 3.96
8.78 -1.91 3.91
8.79 -1.8 3.93
8.77 -1.69 4.03
8.71 -1.56 4.21
8.61 -1.43 4.45
8.47 -1.29 4.75
8.3 -1.16 5.08
8.1 -1.05 5.42
7.86 -0.96 5.77
7.6 -0.88 6.13
7.31 -0.83 6.48
7.01 -0.82 6.8
6.71 -0.81 7.1
6.41 -0.81 7.37
6.12 -0.81 7.61
5.83 -0.81 7.83
5.56 -0.82 8.03
5.31 -0.81 8.2
5.07 -0.8 8.35
4.87 -0.78 8.47
4.68 -0.77 8.57
4.53 -0.78 8.66
4.4 -0.79 8.72
4.3 -0.79 8.77
4.21 -0.78 8.81
4.15 -0.75 8.84
4.11 -0.72 8.87
