0.85961914 -0.061523438 -0.08251953 -0.50042725
0.85961914 -0.061523438 -0.08251953 -0.50042725
0.8590088 -0.0602417 -0.074279785 -0.5029907
0.8581543 -0.05871582 -0.06542969 -0.50579834
0.8557739 -0.054626465 -0.045959473 -0.51239014
0.8543701 -0.05255127 -0.035217285 -0.51586914
0.8543701 -0.05255127 -0.035217285 -0.51586914
0.85113525 -0.04815674 -0.012390137 -0.522583
0.85113525 -0.04815674 -0.012390137 -0.522583
0.84936523 -0.045959473 -0.00091552734 -0.5258179
0.84729004 -0.044433594 0.010314941 -0.5291748
0.8449707 -0.04309082 0.020629883 -0.53271484
0.8425293 -0.042236328 0.029785156 -0.5361328
0.84039307 -0.041809082 0.037231445 -0.53912354
0.83758545 -0.042785645 0.045532227 -0.5426636
0.8373413 -0.044921875 0.045898438 -0.5429077
0.8373413 -0.044921875 0.045898438 -0.5429077
0.8378906 -0.048034668 0.04321289 -0.5420532
0.84155273 -0.057006836 0.027709961 -0.536499
0.8444824 -0.0635376 0.015136719 -0.5316162
0.84765625 -0.07183838 -0.00024414062 -0.52563477
0.84765625 -0.07183838 -0.00024414062 -0.52563477
0.8508301 -0.08166504 -0.018066406 -0.5187378
0.8536377 -0.09301758 -0.038024902 -0.51104736
0.85595703 -0.10559082 -0.059814453 -0.5026245
0.857605 -0.11883545 -0.08343506 -0.4934082
0.85839844 -0.13275146 -0.10827637 -0.48345947
0.8583374 -0.14715576 -0.13415527 -0.4729004
0.8571167 -0.16217041 -0.16046143 -0.461792
0.8546753 -0.17773438 -0.18670654 -0.45062256
0.85095215 -0.19335938 -0.21252441 -0.43969727
0.8461304 -0.20812988 -0.23760986 -0.42926025
0.84106445 -0.21972656 -0.26263428 -0.41870117
0.83477783 -0.23272705 -0.28442383 -0.41003418
0.8282471 -0.24371338 -0.3043213 -0.40246582
0.8215332 -0.25378418 -0.32141113 -0.39678955
0.8143921 -0.2630005 -0.3361206 -0.3932495
0.80804443 -0.27008057 -0.34747314 -0.3916626
0.8026123 -0.27508545 -0.35473633 -0.39276123
0.79797363 -0.27874756 -0.35784912 -0.3968506
0.79400635 -0.28137207 -0.35681152 -0.4038086
0.7910156 -0.2826538 -0.35186768 -0.4130249
0.7888794 -0.28277588 -0.3433838 -0.42401123
0.7876587 -0.28155518 -0.33166504 -0.4362793
0.78704834 -0.27893066 -0.31695557 -0.44976807
0.78674316 -0.27496338 -0.29919434 -0.46472168
0.78674316 -0.26953125 -0.27886963 -0.4802246
0.7868042 -0.26281738 -0.2562256 -0.4961548
0.7866821 -0.25531006 -0.23175049 -0.51208496
0.7863159 -0.2467041 -0.20617676 -0.5275879
0.7852173 -0.23736572 -0.1795044 -0.5430298
0.78308105 -0.2276001 -0.15185547 -0.5584717
0.7803955 -0.21685791 -0.12591553 -0.5727539
0.7767334 -0.20733643 -0.0993042 -0.58636475
0.77282715 -0.19818115 -0.0736084 -0.5983887
0.7689209 -0.18902588 -0.05053711 -0.6086426
0.76556396 -0.18041992 -0.03125 -0.61676025
0.7626343 -0.17352295 -0.01574707 -0.62286377
0.75909424 -0.1687622 0.0037231445 -0.62872314
0.75909424 -0.1687622 0.0037231445 -0.62872314
0.7595825 -0.16833496 0.004638672 -0.62823486
0.76135254 -0.1706543 0.0010375977 -0.6254883
0.76397705 -0.17578125 -0.0064086914 -0.6208496
0.76708984 -0.1828003 -0.017822266 -0.61468506
0.7702637 -0.19158936 -0.03253174 -0.60736084
0.77282715 -0.20281982 -0.04949951 -0.5993042
0.77459717 -0.21582031 -0.06842041 -0.59051514
0.77545166 -0.23010254 -0.08892822 -0.58117676
0.7752075 -0.24560547 -0.1105957 -0.57147217
0.7738037 -0.26153564 -0.13336182 -0.56134033
0.77111816 -0.27789307 -0.15673828 -0.55096436
0.7668457 -0.29486084 -0.18017578 -0.5408325
0.7611084 -0.31237793 -0.20288086 -0.53100586
0.7541504 -0.32958984 -0.22479248 -0.52160645
0.74645996 -0.34539795 -0.24621582 -0.51275635
0.73150635 -0.3687744 -0.2886963 -0.49554443
0.7227173 -0.38012695 -0.30615234 -0.48931885
0.7147827 -0.38867188 -0.32250977 -0.4837036
0.7089844 -0.39294434 -0.33874512 -0.47766113
0.7089844 -0.39294434 -0.33874512 -0.47766113
0.70288086 -0.39727783 -0.352417 -0.47320557
0.6970215 -0.40039062 -0.3626709 -0.47149658
0.69195557 -0.40142822 -0.36999512 -0.47247314
0.6868286 -0.40167236 -0.37316895 -0.47717285
0.68151855 -0.4008789 -0.37231445 -0.48602295
0.67633057 -0.3988037 -0.3675537 -0.4984131
0.6717529 -0.39434814 -0.3600464 -0.51348877
0.6675415 -0.38757324 -0.34991455 -0.53082275
0.6635132 -0.37908936 -0.33758545 -0.5496216
0.65966797 -0.36914062 -0.32354736 -0.56915283
0.65527344 -0.35864258 -0.30767822 -0.58929443
0.65063477 -0.3475952 -0.29071045 -0.609375
0.645874 -0.33599854 -0.2730713 -0.6287842
0.6412964 -0.32354736 -0.25457764 -0.64746094
0.63616943 -0.31243896 -0.23522949 -0.6651001
0.6312866 -0.3007202 -0.2177124 -0.6809082
0.62597656 -0.28936768 -0.2006836 -0.6958008
0.6204834 -0.27838135 -0.18463135 -0.7095337
0.61517334 -0.26733398 -0.17010498 -0.7219238
0.6102905 -0.256958 -0.15649414 -0.7328491
0.6057739 -0.246521 -0.1449585 -0.74243164
0.6016846 -0.2366333 -0.1350708 -0.75079346
0.5979004 -0.22784424 -0.12658691 -0.7579956
0.59436035 -0.22015381 -0.11920166 -0.7642212
0.5910034 -0.21398926 -0.11254883 -0.7695923
0.5878906 -0.20910645 -0.10675049 -0.7741089
0.5852051 -0.20501709 -0.10223389 -0.77789307
0.58288574 -0.20141602 -0.09918213 -0.7808838
0.58117676 -0.19812012 -0.097595215 -0.7832031
