111.5625 69.9375 -5.8125
111.75 69.4375 -5.5625
111.9375 68.875 -5.1875
112.1875 68.3125 -4.6875
112.4375 67.6875 -4.1875
112.6875 66.9375 -3.6875
112.875 66.125 -3.25
113.0625 65.1875 -2.75
113.3125 64.125 -2.3125
113.5625 62.875 -1.875
113.8125 61.5625 -1.375
114.125 60.125 -0.75
114.4375 58.625 -0.125
114.75 57 0.5625
115.125 55.3125 1.375
115.5625 53.625 2.125
116 51.8125 2.875
116.4375 50 3.625
116.875 48.1875 4.375
117.375 46.3125 5.125
27.875 44.375 5.8125
28.3125 42.4375 6.4375
28.8125 40.5 7.0625
29.1875 38.5 7.6875
29.625 36.5625 8.25
30 34.625 8.6875
30.4375 32.75 9.125
30.875 30.875 9.5625
31.25 29.0625 9.9375
31.6875 27.25 10.25
32 25.5 10.625
32.25 23.8125 10.875
32.5 22.125 11.125
32.625 20.4375 11.375
32.75 18.8125 11.5625
32.8125 17.1875 11.8125
32.9375 15.5 12.0625
33.0625 13.875 12.375
33.25 12.3125 12.6875
33.3125 10.6875 13
33.3125 9.1875 13.375
33.3125 7.625 13.625
33.3125 6.125 13.875
33.3125 4.625 14.125
33.3125 3.25 14.375
33.4375 2 14.5625
33.625 0.8125 14.75
33.8125 -0.1875 14.9375
34 -1.1875 15.125
34.1875 -2.0625 15.3125
34.3125 -2.8125 15.4375
34.375 -3.5625 15.5
34.5 -4.25 15.5625
34.5625 -4.8125 15.5625
34.625 -5.3125 15.5625
34.6875 -5.75 15.5625
34.6875 -6.1875 15.5
34.6875 -6.5625 15.4375
34.6875 -6.875 15.375
34.6875 -7.1875 15.3125
34.6875 -7.4375 15.25
34.75 -7.6875 15.1875
34.75 -7.875 15.0625
34.75 -8 15
34.8125 -8.0625 14.875
34.875 -8.0625 14.8125
34.875 -8.0625 14.6875
34.9375 -8 14.5625
35 -7.875 14.5
35 -7.8125 14.375
35 -7.6875 14.25
35 -7.5625 14.1875
35 -7.5 14.0625
34.9375 -7.375 14
34.9375 -7.3125 13.875
34.875 -7.25 13.8125
34.8125 -7.25 13.75
34.8125 -7.25 13.6875
34.75 -7.1875 13.6875
34.75 -7.1875 13.625
34.75 -7.1875 13.5625
34.6875 -7.1875 13.5
34.6875 -7.1875 13.5
34.6875 -7.1875 13.4375
34.625 -7.25 13.375
34.625 -7.25 13.3125
34.5625 -7.3125 13.25
34.5625 -7.375 13.1875
34.5625 -7.4375 13.0625
34.5625 -7.5 13
34.5 -7.5 12.9375
34.5 -7.5625 12.8125
34.5625 -7.5625 12.75
34.5625 -7.5625 12.6875
34.625 -7.5625 12.5625
34.6875 -7.5625 12.4375
34.75 -7.5625 12.375
34.75 -7.5625 12.25
34.8125 -7.5625 12.125
34.875 -7.5 12
34.875 -7.5 12.375
34.9375 -7.4375 12.3125
35 -7.375 12.1875
35 -7.375 12.0625
35.0625 -7.3125 12
35.125 -7.25 11.875
35.1875 -7.1875 11.8125
35.3125 -7.1875 11.6875
35.375 -7.1875 11.625
35.5 -7.1875 11.5
35.625 -7.1875 11.4375
35.75 -7.1875 11.375
35.875 -7.3125 11.75
36 -7.3125 11.6875
36.125 -7.3125 11.5625
36.3125 -7.3125 11.4375
36.5625 -7.3125 11.3125
36.8125 -7.25 11.1875
37.1875 -7.125 11.0625
37.5625 -7 10.9375
38 -6.8125 10.8125
38.4375 -6.5625 10.6875
38.9375 -6.375 10.5
39.4375 -6.125 10.3125
40 -5.875 10.125
40.625 -5.625 10
41.1875 -5.3125 9.8125
41.875 -5.125 9.8125
42.5625 -4.8125 9.625
43.25 -4.5 9.4375
43.9375 -4.125 9.1875
44.625 -3.75 9
45.3125 -3.375 8.8125
46.0625 -2.9375 8.625
46.875 -2.5 8.4375
47.75 -2 8.25
48.625 -1.5 8.0625
49.5625 -0.9375 7.875
50.5 -0.375 7.75
51.5625 0.125 7.5625
52.5625 0.75 7.375
53.625 1.3125 7.1875
54.625 1.8125 7.0625
55.6875 2.3125 6.875
56.6875 2.75 6.75
57.625 3.125 6.5625
58.5625 3.4375 6.375
59.4375 3.75 6.1875
60.3125 4 6.0625
61.0625 4.1875 5.875
61.75 4.3125 5.75
62.375 4.375 5.5625
62.9375 4.4375 5.4375
63.4375 4.4375 5.375
63.8125 4.4375 5.25
