9.18 -0.33 3.42
9.15 -0.31 3.51
9.11 -0.29 3.6
9.07 -0.27 3.7
9.02 -0.24 3.82
8.96 -0.22 3.95
8.9 -0.2 4.1
8.82 -0.17 4.27
8.73 -0.14 4.46
8.62 -0.11 4.66
8.5 -0.06 4.87
8.37 -0.01 5.1
8.22 0.05 5.33
8.06 0.13 5.57
7.89 0.21 5.81
7.71 0.3 6.04
7.51 0.4 6.28
7.31 0.5 6.51
7.09 0.6 6.74
6.86 0.71 6.97
6.62 0.81 7.18
6.36 0.92 7.39
6.11 1.02 7.59
5.84 1.13 7.79
5.57 1.22 7.97
5.3 1.31 8.14
5.03 1.39 8.29
4.76 1.47 8.44
4.49 1.55 8.57
4.22 1.63 8.69
3.96 1.7 8.8
3.69 1.76 8.91
3.43 1.81 9
3.16 1.86 9.09
2.89 1.92 9.16
2.62 1.97 9.23
2.35 2.04 9.29
2.09 2.11 9.34
1.82 2.17 9.38
1.56 2.24 9.41
1.3 2.29 9.44
1.04 2.34 9.46
0.8 2.39 9.47
0.56 2.43 9.48
0.34 2.46 9.48
0.14 2.5 9.48
-0.03 2.53 9.47
-0.2 2.56 9.46
-0.35 2.59 9.45
-0.49 2.6 9.44
-0.61 2.61 9.43
-0.72 2.62 9.42
-0.82 2.62 9.41
-0.91 2.62 9.4
-0.98 2.62 9.39
-1.05 2.61 9.39
-1.12 2.6 9.38
-1.18 2.59 9.38
-1.23 2.57 9.38
-1.27 2.56 9.37
-1.31 2.54 9.37
-1.34 2.53 9.37
-1.36 2.51 9.37
-1.37 2.5 9.38
-1.38 2.48 9.38
-1.37 2.46 9.39
-1.36 2.45 9.39
-1.35 2.43 9.4
-1.33 2.41 9.41
-1.31 2.39 9.41
-1.29 2.38 9.42
-1.28 2.36 9.42
-1.26 2.35 9.43
-1.25 2.34 9.43
-1.24 2.32 9.44
-1.24 2.31 9.44
-1.23 2.31 9.44
-1.23 2.3 9.45
-1.23 2.29 9.45
-1.23 2.28 9.45
-1.23 2.27 9.45
-1.23 2.27 9.46
-1.23 2.26 9.46
-1.23 2.25 9.46
-1.24 2.24 9.46
-1.25 2.23 9.46
-1.26 2.21 9.46
-1.27 2.2 9.47
-1.28 2.19 9.47
-1.28 2.17 9.47
-1.29 2.16 9.47
-1.29 2.15 9.47
-1.29 2.13 9.48
-1.29 2.11 9.48
-1.29 2.1 9.49
-1.29 2.08 9.49
-1.29 2.06 9.49
-1.29 2.04 9.5
-1.28 2.03 9.5
-1.28 2.09 9.49
-1.27 2.07 9.49
-1.26 2.05 9.5
-1.25 2.04 9.5
-1.25 2.02 9.51
-1.24 2 9.51
-1.23 1.99 9.52
-1.23 1.97 9.52
-1.22 1.96 9.52
-1.22 1.94 9.53
-1.23 1.93 9.53
-1.23 1.92 9.53
-1.24 1.98 9.52
-1.25 1.97 9.52
-1.25 1.95 9.52
-1.25 1.93 9.53
-1.25 1.91 9.53
-1.24 1.89 9.54
-1.22 1.87 9.54
-1.19 1.85 9.55
-1.16 1.82 9.56
-1.12 1.8 9.57
-1.09 1.78 9.58
-1.05 1.75 9.59
-1 1.72 9.6
-0.96 1.69 9.61
-0.91 1.66 9.61
-0.88 1.66 9.62
-0.82 1.63 9.63
-0.76 1.6 9.64
-0.7 1.57 9.65
-0.64 1.53 9.66
-0.58 1.5 9.67
-0.51 1.47 9.68
-0.43 1.44 9.69
-0.34 1.41 9.69
-0.25 1.38 9.7
-0.16 1.35 9.71
-0.06 1.32 9.71
0.03 1.29 9.72
0.12 1.26 9.72
0.22 1.23 9.72
0.31 1.2 9.72
0.39 1.18 9.72
0.47 1.15 9.72
0.53 1.12 9.72
0.59 1.09 9.72
0.64 1.06 9.72
0.68 1.03 9.72
0.71 1 9.72
0.73 0.98 9.72
0.75 0.95 9.73
0.76 0.93 9.73
0.76 0.91 9.73
0.76 0.89 9.73
0.75 0.88 9.73
0.74 0.86 9.74
0.72 0.85 9.74
0.7 0.83 9.74
0.69 0.82 9.74
0.67 0.82 9.74
0.66 0.81 9.75
0.64 0.8 9.75
0.63 0.8 9.75
0.62 0.79 9.75
0.6 0.79 9.75
