0.80444336 -0.1282959 -0.55944824 -0.15319824
0.8065796 -0.12799072 -0.5559082 -0.15509033
0.8088989 -0.12738037 -0.552063 -0.15710449
0.8114624 -0.12634277 -0.5479126 -0.15930176
0.81427 -0.125 -0.54333496 -0.16168213
0.81744385 -0.12359619 -0.538147 -0.1640625
0.8210449 -0.12194824 -0.53222656 -0.16644287
0.8251953 -0.11999512 -0.5255127 -0.16882324
0.829834 -0.11773682 -0.51782227 -0.17138672
0.8348999 -0.11529541 -0.5092163 -0.17425537
0.84039307 -0.11236572 -0.4996338 -0.17749023
0.8461304 -0.10876465 -0.48931885 -0.18096924
0.85217285 -0.10437012 -0.47839355 -0.18469238
0.85821533 -0.09918213 -0.46697998 -0.18859863
0.8642578 -0.093444824 -0.45513916 -0.19281006
0.87023926 -0.08758545 -0.44281006 -0.1973877
0.8760376 -0.08148193 -0.43017578 -0.20233154
0.88165283 -0.07489014 -0.41723633 -0.20733643
0.887146 -0.06781006 -0.4039917 -0.21246338
0.8925171 -0.060546875 -0.39038086 -0.2177124
0.897583 -0.053100586 -0.37652588 -0.22296143
0.9024658 -0.04547119 -0.36254883 -0.22808838
0.9071655 -0.037719727 -0.34832764 -0.23309326
0.91156006 -0.02960205 -0.33410645 -0.2376709
0.91571045 -0.02154541 -0.31988525 -0.24224854
0.91955566 -0.014038086 -0.305542 -0.24676514
0.92297363 -0.006652832 -0.29138184 -0.25128174
0.9260864 0.00036621094 -0.27734375 -0.25579834
0.928833 0.007385254 -0.26361084 -0.26019287
0.93133545 0.014343262 -0.25006104 -0.26434326
0.93359375 0.021240234 -0.23687744 -0.26794434
0.93573 0.027893066 -0.22387695 -0.27105713
0.9378052 0.034179688 -0.2109375 -0.27349854
0.9398804 0.04034424 -0.19805908 -0.27539062
0.94177246 0.04663086 -0.18511963 -0.2767334
0.94348145 0.05303955 -0.17224121 -0.27807617
0.94488525 0.059570312 -0.15942383 -0.27960205
0.9459839 0.066467285 -0.14691162 -0.28125
0.9468384 0.07354736 -0.13458252 -0.28271484
0.94763184 0.080444336 -0.12243652 -0.28381348
0.94836426 0.08746338 -0.11047363 -0.28424072
0.94903564 0.09399414 -0.09832764 -0.28430176
0.94958496 0.10021973 -0.086364746 -0.2841797
0.9499512 0.10620117 -0.07470703 -0.2841797
0.9499512 0.111572266 -0.0637207 -0.28466797
0.94970703 0.11645508 -0.053527832 -0.2857666
0.9491577 0.12109375 -0.044311523 -0.2871704
0.9484863 0.12542725 -0.036010742 -0.28875732
0.9476929 0.12939453 -0.028564453 -0.2902832
0.9470215 0.1328125 -0.02178955 -0.29162598
0.94647217 0.13574219 -0.0154418945 -0.2925415
0.9459839 0.1381836 -0.009643555 -0.29315186
0.94555664 0.14019775 -0.004333496 -0.29364014
0.9451904 0.14172363 0.00036621094 -0.29418945
0.9448242 0.14300537 0.0045166016 -0.29467773
0.9442749 0.14483643 0.01184082 -0.29534912
0.9442749 0.14483643 0.01184082 -0.29534912
0.94415283 0.14526367 0.015136719 -0.2952881
0.9440918 0.14562988 0.018249512 -0.29522705
0.94403076 0.14581299 0.021057129 -0.29522705
0.9439087 0.14575195 0.023498535 -0.29534912
0.94384766 0.14569092 0.025634766 -0.2954712
0.9437866 0.14544678 0.027282715 -0.2956543
0.9437256 0.1449585 0.028442383 -0.2958374
0.9437256 0.14434814 0.029174805 -0.29608154
0.9437256 0.14355469 0.02947998 -0.29644775
0.9437256 0.14257812 0.02947998 -0.296875
0.9437866 0.14160156 0.02923584 -0.29730225
0.94384766 0.14050293 0.028747559 -0.2977295
0.9439087 0.13934326 0.028137207 -0.29797363
0.9440918 0.13824463 0.02746582 -0.2980957
0.9442749 0.13720703 0.026794434 -0.29803467
0.944458 0.13616943 0.026184082 -0.29785156
0.94470215 0.13519287 0.025756836 -0.29760742
0.9449463 0.13433838 0.02545166 -0.29736328
0.9451294 0.13360596 0.025268555 -0.29711914
0.94525146 0.13305664 0.02520752 -0.296875
0.9454346 0.13256836 0.025146484 -0.29663086
0.94555664 0.13214111 0.02520752 -0.29638672
0.9456787 0.13171387 0.02520752 -0.2962036
0.9458008 0.13128662 0.02532959 -0.2960205
0.94592285 0.13079834 0.02545166 -0.2958374
0.9459839 0.13043213 0.02557373 -0.2956543
0.94610596 0.13000488 0.025817871 -0.29553223
0.946167 0.12963867 0.026245117 -0.29534912
0.94628906 0.12921143 0.026794434 -0.29516602
0.94641113 0.12878418 0.027404785 -0.2949829
0.94647217 0.1282959 0.028076172 -0.2947998
0.94659424 0.12774658 0.028747559 -0.2946167
0.9466553 0.12719727 0.02935791 -0.29455566
0.9467163 0.12670898 0.029968262 -0.29449463
0.9468384 0.12609863 0.030456543 -0.29449463
0.9468384 0.12542725 0.030822754 -0.29467773
0.9468384 0.12463379 0.031066895 -0.2949829
0.94677734 0.12384033 0.031311035 -0.2954712
0.9467163 0.123046875 0.03149414 -0.29595947
0.9467163 0.12219238 0.031677246 -0.29638672
0.9466553 0.121276855 0.03173828 -0.29675293
0.9466553 0.12036133 0.031799316 -0.29718018
0.9466553 0.119384766 0.031799316 -0.29760742
0.94628906 0.12237549 0.030700684 -0.29766846
0.94628906 0.12145996 0.030578613 -0.29803467
0.94628906 0.1204834 0.030395508 -0.29840088
0.9463501 0.119506836 0.030151367 -0.2987671
0.9463501 0.11853027 0.029907227 -0.29919434
0.94628906 0.117614746 0.029663086 -0.2998047
0.946167 0.116760254 0.02947998 -0.30047607
0.9460449 0.11590576 0.029418945 -0.3012085
0.9458618 0.11517334 0.02947998 -0.30200195
0.9456177 0.11450195 0.02960205 -0.30297852
0.94537354 0.11401367 0.029785156 -0.3040161
0.94506836 0.11352539 0.030029297 -0.3050537
0.944458 0.116882324 0.02960205 -0.30578613
0.94415283 0.11627197 0.029907227 -0.30688477
0.9437866 0.11553955 0.030212402 -0.3081665
0.9434204 0.11468506 0.030395508 -0.30969238
0.9428711 0.113708496 0.030273438 -0.3116455
0.94226074 0.11248779 0.029724121 -0.31402588
0.9415283 0.111206055 0.028808594 -0.31677246
0.9406738 0.10974121 0.02746582 -0.3199463
0.93963623 0.10821533 0.025878906 -0.32354736
0.9385376 0.10656738 0.024108887 -0.3274536
0.9373169 0.10473633 0.022216797 -0.331604
0.93603516 0.1027832 0.020324707 -0.33599854
0.93463135 0.10076904 0.018310547 -0.34057617
0.93310547 0.09869385 0.016174316 -0.34539795
0.9314575 0.09661865 0.013916016 -0.3505249
0.9295654 0.09576416 0.011657715 -0.35583496
0.92767334 0.09338379 0.009094238 -0.36138916
0.9257202 0.09088135 0.0063476562 -0.36706543
0.92370605 0.0881958 0.0036010742 -0.3727417
0.92163086 0.08544922 0.0007324219 -0.378479
0.9194946 0.08258057 -0.0022583008 -0.38433838
0.9171753 0.079589844 -0.005432129 -0.39038086
0.91467285 0.076538086 -0.009094238 -0.3968506
0.91186523 0.07330322 -0.013000488 -0.4036255
0.9088745 0.06982422 -0.017150879 -0.4107666
0.90563965 0.066223145 -0.02142334 -0.41827393
0.90216064 0.062561035 -0.025817871 -0.42608643
0.8984375 0.058898926 -0.030273438 -0.43408203
0.8945923 0.05505371 -0.034606934 -0.44213867
0.890625 0.051086426 -0.03869629 -0.4501953
0.88653564 0.047302246 -0.04260254 -0.458313
0.8823242 0.043823242 -0.046203613 -0.4663086
0.87823486 0.040405273 -0.049316406 -0.47399902
0.87420654 0.037109375 -0.051879883 -0.48132324
0.8703003 0.03387451 -0.053894043 -0.4883423
0.8665161 0.030822754 -0.055603027 -0.4951172
0.862854 0.028137207 -0.056884766 -0.5014038
0.8594971 0.025756836 -0.057678223 -0.50720215
0.8563843 0.023742676 -0.058166504 -0.5124512
0.85357666 0.021911621 -0.058288574 -0.5172119
0.8510742 0.020385742 -0.05810547 -0.52142334
0.84887695 0.01928711 -0.057800293 -0.5250244
0.84716797 0.018493652 -0.057250977 -0.5279541
0.84588623 0.017822266 -0.056518555 -0.53009033
0.8449707 0.01727295 -0.055541992 -0.5316162
0.84436035 0.016967773 -0.05444336 -0.53271484
0.84399414 0.016845703 -0.05340576 -0.53344727
0.84375 0.016906738 -0.052490234 -0.5338745
0.8436279 0.016967773 -0.051574707 -0.5341797
0.8435669 0.017028809 -0.050720215 -0.5343628
0.84350586 0.017150879 -0.049987793 -0.5345459
0.84332275 0.01727295 -0.049316406 -0.5348511
0.84313965 0.017456055 -0.04864502 -0.5352173
0.8428955 0.017578125 -0.047973633 -0.53564453
0.8427124 0.017700195 -0.047302246 -0.53601074
0.8425293 0.017700195 -0.046569824 -0.53637695
0.8423462 0.017700195 -0.045959473 -0.5366821
0.8421631 0.017578125 -0.045532227 -0.5369873
0.842041 0.01739502 -0.04534912 -0.53723145
0.84191895 0.017211914 -0.04547119 -0.53741455
0.8418579 0.017089844 -0.045898438 -0.53741455
0.84191895 0.016906738 -0.046691895 -0.5372925
0.842041 0.016601562 -0.047668457 -0.53704834
