0.2539673 0.08728027 -0.044921875 -0.96221924
0.25195312 0.08721924 -0.042419434 -0.9628906
0.24951172 0.085876465 -0.040405273 -0.9637451
0.246521 0.08312988 -0.03845215 -0.9647827
0.24304199 0.07885742 -0.035949707 -0.9661255
0.2390747 0.07354736 -0.035095215 -0.96759033
0.23565674 0.06665039 -0.03491211 -0.9689331
0.23272705 0.058288574 -0.036193848 -0.9701538
0.23046875 0.04815674 -0.038330078 -0.9711304
0.22888184 0.035949707 -0.041015625 -0.9719238
0.22802734 0.021606445 -0.04437256 -0.9724121
0.22821045 0.0048828125 -0.048217773 -0.9724121
0.22973633 -0.014282227 -0.05267334 -0.9717407
0.23284912 -0.036071777 -0.05731201 -0.9701538
0.2376709 -0.060424805 -0.061401367 -0.9675293
0.24371338 -0.08709717 -0.06451416 -0.9637451
0.2506714 -0.11590576 -0.066467285 -0.95880127
0.25787354 -0.14642334 -0.06732178 -0.9526367
0.26501465 -0.17785645 -0.06750488 -0.9453125
0.2718506 -0.20935059 -0.06762695 -0.9368286
0.27825928 -0.24041748 -0.06738281 -0.92749023
0.28424072 -0.2705078 -0.066833496 -0.9173584
0.29003906 -0.2991333 -0.06585693 -0.90667725
0.2956543 -0.32598877 -0.06439209 -0.8956299
0.30047607 -0.35125732 -0.061584473 -0.8845825
0.30456543 -0.3746338 -0.0579834 -0.8737793
0.30786133 -0.39587402 -0.05456543 -0.86346436
0.3102417 -0.41485596 -0.0513916 -0.8538208
0.31243896 -0.43115234 -0.049438477 -0.84503174
0.31433105 -0.44470215 -0.048583984 -0.8373413
0.3156128 -0.45513916 -0.04876709 -0.83117676
0.31555176 -0.463562 -0.047180176 -0.82666016
0.31402588 -0.4694214 -0.045166016 -0.82403564
0.3112793 -0.47265625 -0.04321289 -0.8233032
0.30725098 -0.47338867 -0.041625977 -0.8244629
0.30187988 -0.47174072 -0.04046631 -0.8274536
0.29510498 -0.46765137 -0.039794922 -0.83221436
0.2869873 -0.46136475 -0.039489746 -0.838562
0.27789307 -0.4529419 -0.039733887 -0.8461914
0.26800537 -0.44250488 -0.040527344 -0.8548584
0.25732422 -0.43017578 -0.04144287 -0.86431885
0.24597168 -0.4161377 -0.042419434 -0.87438965
0.23425293 -0.39996338 -0.043701172 -0.88500977
0.22235107 -0.38171387 -0.045288086 -0.8959961
0.21014404 -0.3612671 -0.046691895 -0.9072876
0.19763184 -0.3388672 -0.04827881 -0.9185791
0.1843872 -0.31488037 -0.049743652 -0.92974854
0.17022705 -0.2901001 -0.050964355 -0.94036865
0.15588379 -0.26483154 -0.05267334 -0.9501343
0.14147949 -0.23962402 -0.05407715 -0.9589844
0.12731934 -0.21502686 -0.054870605 -0.96673584
0.11395264 -0.19134521 -0.056762695 -0.97320557
0.10131836 -0.16931152 -0.058410645 -0.97857666
0.08929443 -0.1494751 -0.059692383 -0.98291016
0.078063965 -0.13214111 -0.06121826 -0.9862671
0.0680542 -0.117492676 -0.06237793 -0.98876953
0.059631348 -0.105651855 -0.06298828 -0.9906006
0.05291748 -0.09674072 -0.0635376 -0.9918823
0.047668457 -0.09106445 -0.06365967 -0.9926758
0.043945312 -0.08868408 -0.06304932 -0.993103
0.042114258 -0.08996582 -0.06298828 -0.993042
0.042175293 -0.09484863 -0.062927246 -0.99261475
0.044067383 -0.103393555 -0.06237793 -0.9916992
0.047668457 -0.115356445 -0.061584473 -0.9902954
0.052978516 -0.1303711 -0.060424805 -0.9882202
0.059814453 -0.14788818 -0.058898926 -0.9854126
0.06774902 -0.16760254 -0.05670166 -0.98187256
0.076293945 -0.18927002 -0.053955078 -0.977478
0.08544922 -0.21264648 -0.050842285 -0.9720459
0.0949707 -0.23724365 -0.04748535 -0.9656372
0.10498047 -0.26263428 -0.044067383 -0.9581299
0.115234375 -0.28826904 -0.04046631 -0.94970703
0.12542725 -0.3139038 -0.036743164 -0.9404297
0.13543701 -0.3392334 -0.033081055 -0.93029785
0.14483643 -0.36419678 -0.02947998 -0.9194946
0.15356445 -0.3887329 -0.026000977 -0.90808105
0.16168213 -0.41271973 -0.022888184 -0.89611816
0.16912842 -0.4359131 -0.020141602 -0.883728
0.17565918 -0.4580078 -0.017822266 -0.87127686
0.18115234 -0.47869873 -0.015625 -0.85894775
0.18548584 -0.49768066 -0.013366699 -0.847229
0.18823242 -0.51464844 -0.011291504 -0.8364258
0.18969727 -0.5291748 -0.010620117 -0.82696533
0.19000244 -0.54119873 -0.010131836 -0.8190918
0.18988037 -0.5500488 -0.011779785 -0.8131714
0.1876831 -0.5560303 -0.013671875 -0.8095703
0.18304443 -0.5593262 -0.0154418945 -0.8083496
0.17523193 -0.55999756 -0.016235352 -0.8095703
0.16571045 -0.55773926 -0.017700195 -0.81311035
0.15472412 -0.55267334 -0.019836426 -0.81866455
0.14245605 -0.5449829 -0.022949219 -0.82592773
0.12884521 -0.5350342 -0.026977539 -0.8345337
0.11401367 -0.5231323 -0.031555176 -0.84399414
0.09790039 -0.5095215 -0.03656006 -0.85406494
0.08050537 -0.49456787 -0.041748047 -0.8643799
0.06225586 -0.47839355 -0.04748535 -0.8746948
0.04333496 -0.46118164 -0.053649902 -0.88464355
0.023864746 -0.4430542 -0.05999756 -0.89416504
0.0045166016 -0.42401123 -0.066711426 -0.90319824
0.015075684 0.40429688 0.07318115 0.91156006
0.034729004 0.38427734 0.07922363 0.9191284
0.054138184 0.36444092 0.08508301 0.92578125
0.07281494 0.34509277 0.09118652 0.9312744
0.09063721 0.32666016 0.09729004 0.93573
0.10760498 0.30932617 0.103271484 0.939209
0.123413086 0.2932129 0.10809326 0.94189453
0.13824463 0.27838135 0.11260986 0.9437866
0.15203857 0.26507568 0.117492676 0.94488525
0.16467285 0.25354004 0.12219238 0.9453125
0.17584229 0.24383545 0.12664795 0.9453125
0.18536377 0.23596191 0.1305542 0.9449463
0.19299316 0.22991943 0.13354492 0.94451904
0.19854736 0.22546387 0.13549805 0.94415283
0.2020874 0.22253418 0.13641357 0.9439087
0.20385742 0.22088623 0.13623047 0.9439697
0.2041626 0.22027588 0.13476562 0.9442749
