0.9869995 0.14666748 -0.024536133 0.061340332
0.9868164 0.14794922 -0.02355957 0.061157227
0.98669434 0.14898682 -0.022705078 0.06109619
0.98657227 0.14971924 -0.021911621 0.061157227
0.98651123 0.15020752 -0.021240234 0.06121826
0.98651123 0.15045166 -0.020629883 0.061340332
0.98651123 0.15039062 -0.019958496 0.061279297
0.98657227 0.15020752 -0.019348145 0.06097412
0.98669434 0.14984131 -0.018615723 0.06036377
0.9868164 0.1496582 -0.0178833 0.059509277
0.98687744 0.14953613 -0.017089844 0.05859375
0.9869385 0.14941406 -0.016113281 0.057617188
0.98706055 0.14929199 -0.015136719 0.056762695
0.9871826 0.14898682 -0.014099121 0.055725098
0.9873047 0.14868164 -0.013183594 0.054626465
0.98742676 0.14831543 -0.012390137 0.05328369
0.98760986 0.14764404 -0.01171875 0.051574707
0.987854 0.14678955 -0.011352539 0.049560547
0.9881592 0.14562988 -0.011413574 0.04736328
0.9884033 0.14453125 -0.012023926 0.04498291
0.9885864 0.14367676 -0.013244629 0.04272461
0.98876953 0.1430664 -0.015136719 0.04071045
0.98883057 0.14263916 -0.018066406 0.038757324
0.9888916 0.14245605 -0.022094727 0.03692627
0.98883057 0.14233398 -0.027404785 0.035095215
0.98864746 0.1427002 -0.033996582 0.03338623
0.9882202 0.14361572 -0.042053223 0.031921387
0.9876709 0.14483643 -0.051452637 0.030761719
0.98687744 0.1461792 -0.062072754 0.029907227
0.98583984 0.14782715 -0.073791504 0.02935791
0.9845581 0.1494751 -0.08648682 0.029052734
0.9830322 0.15100098 -0.100097656 0.028869629
0.9812012 0.15246582 -0.11456299 0.028930664
0.979126 0.15386963 -0.12976074 0.029296875
0.97662354 0.15509033 -0.14556885 0.030029297
0.9738159 0.15618896 -0.16210938 0.030883789
0.9706421 0.15722656 -0.17938232 0.03186035
0.9668579 0.15838623 -0.1973877 0.033203125
0.9625244 0.16033936 -0.21588135 0.03503418
0.9574585 0.16369629 -0.23474121 0.03765869
0.95233154 0.16455078 -0.2538452 0.040222168
0.94677734 0.16522217 -0.27294922 0.04296875
0.94091797 0.16534424 -0.29187012 0.04547119
0.9347534 0.16558838 -0.3106079 0.047912598
0.9283447 0.16601562 -0.32885742 0.05029297
0.9216919 0.16638184 -0.3463745 0.052612305
0.9151001 0.16705322 -0.36291504 0.05493164
0.90856934 0.16748047 -0.378479 0.05682373
0.9022827 0.16815186 -0.39276123 0.05834961
0.89642334 0.16851807 -0.40570068 0.059265137
0.89105225 0.16864014 -0.41711426 0.059570312
0.88635254 0.16888428 -0.427063 0.059265137
0.8820801 0.16949463 -0.4356079 0.05834961
0.8781738 0.17156982 -0.442688 0.057800293
0.8751831 0.17266846 -0.4484253 0.056152344
0.87286377 0.17370605 -0.45269775 0.054260254
0.8713989 0.17468262 -0.45550537 0.05218506
0.87072754 0.17547607 -0.45672607 0.049743652
0.87091064 0.17596436 -0.4564209 0.046875
0.8718872 0.17687988 -0.45458984 0.043701172
0.87384033 0.17718506 -0.4510498 0.039611816
0.876709 0.1772461 -0.44580078 0.034851074
0.8804321 0.1772461 -0.43878174 0.02960205
0.88500977 0.17706299 -0.4298706 0.023864746
0.89038086 0.17669678 -0.41918945 0.017822266
0.89624023 0.17663574 -0.40667725 0.011657715
0.90252686 0.17681885 -0.39263916 0.0051879883
0.90893555 0.17730713 -0.37731934 -0.0016479492
0.9154663 0.17785645 -0.36083984 -0.009155273
0.921875 0.17877197 -0.3433838 -0.017333984
0.9279175 0.18048096 -0.32513428 -0.025878906
0.9335327 0.18286133 -0.30645752 -0.034729004
0.93865967 0.18566895 -0.28741455 -0.043640137
0.94348145 0.18737793 -0.26837158 -0.052490234
0.947937 0.18780518 -0.24987793 -0.06109619
0.9517212 0.18804932 -0.23248291 -0.06896973
0.954895 0.18798828 -0.21679688 -0.076171875
0.9577637 0.18792725 -0.20098877 -0.08331299
0.9595947 0.18719482 -0.19030762 -0.08886719
0.9608154 0.1864624 -0.18249512 -0.093566895
0.9614868 0.18597412 -0.17755127 -0.097351074
0.9616699 0.18554688 -0.17529297 -0.10021973
0.9614868 0.1850586 -0.17547607 -0.10241699
0.9609375 0.18463135 -0.17779541 -0.10412598
0.960083 0.18426514 -0.18200684 -0.10546875
0.95892334 0.18389893 -0.1876831 -0.10668945
0.95751953 0.18353271 -0.19458008 -0.10797119
0.95581055 0.18304443 -0.20245361 -0.109191895
0.95391846 0.18231201 -0.2111206 -0.1104126
0.95184326 0.18121338 -0.22052002 -0.1116333
0.9495239 0.1798706 -0.23077393 -0.11291504
0.9468994 0.17840576 -0.24182129 -0.11419678
0.9439697 0.17694092 -0.2536621 -0.11541748
0.9406738 0.17541504 -0.26611328 -0.11657715
0.9370117 0.17382812 -0.2791748 -0.11773682
0.93304443 0.17218018 -0.29266357 -0.11907959
0.92871094 0.17041016 -0.30651855 -0.12042236
0.92407227 0.1685791 -0.3206787 -0.1217041
0.91918945 0.16668701 -0.3348999 -0.12286377
0.9140625 0.16461182 -0.34936523 -0.12408447
0.9085083 0.16241455 -0.36401367 -0.12548828
0.90252686 0.16015625 -0.3789673 -0.1272583
0.8961792 0.15826416 -0.3939209 -0.12908936
0.88952637 0.15673828 -0.4086914 -0.13085938
0.8828125 0.15557861 -0.42297363 -0.13244629
0.87615967 0.15441895 -0.4364624 -0.1340332
0.869751 0.15332031 -0.44903564 -0.13549805
0.86364746 0.15246582 -0.46051025 -0.13690186
0.8579712 0.1517334 -0.47088623 -0.1383667
0.85272217 0.1508789 -0.4800415 -0.14013672
0.84802246 0.15002441 -0.48797607 -0.14239502
0.8438721 0.14898682 -0.4946289 -0.14520264
0.84033203 0.14801025 -0.5 -0.14837646
0.8373413 0.14733887 -0.5041504 -0.15167236
0.83496094 0.14703369 -0.5071411 -0.1550293
0.8331909 0.14697266 -0.5090332 -0.1585083
0.8319702 0.14685059 -0.5097656 -0.16235352
0.83148193 0.14666748 -0.50927734 -0.16668701
0.83154297 0.14666748 -0.5075073 -0.17163086
0.8322754 0.14672852 -0.50439453 -0.17730713
0.83343506 0.14709473 -0.5 -0.18353271
0.835083 0.14801025 -0.49450684 -0.19024658
0.83709717 0.14935303 -0.487854 -0.19744873
0.8394165 0.15106201 -0.48010254 -0.20507812
0.8421631 0.15264893 -0.47106934 -0.21350098
0.8452759 0.15368652 -0.4607544 -0.22277832
0.8485718 0.15454102 -0.4492798 -0.23278809
0.8519287 0.15551758 -0.43695068 -0.2432251
0.8552246 0.15698242 -0.42364502 -0.25390625
0.8585205 0.15911865 -0.4095459 -0.26446533
0.8616333 0.1618042 -0.39471436 -0.27490234
0.86450195 0.16491699 -0.3796997 -0.28503418
0.8670044 0.16833496 -0.36486816 -0.29473877
0.8690796 0.1716919 -0.3505249 -0.30389404
0.87072754 0.1751709 -0.3371582 -0.31219482
0.8720093 0.17840576 -0.32513428 -0.319458
0.8730469 0.18096924 -0.31433105 -0.32592773
0.87384033 0.1828003 -0.30499268 -0.33154297
0.8745117 0.1842041 -0.29699707 -0.33636475
0.87493896 0.18511963 -0.29022217 -0.34051514
0.87524414 0.18579102 -0.28460693 -0.3441162
0.87542725 0.1864624 -0.27990723 -0.34716797
0.8754883 0.18719482 -0.276062 -0.34973145
0.8754883 0.18792725 -0.27288818 -0.3517456
0.8754883 0.1887207 -0.27044678 -0.35327148
0.87542725 0.1895752 -0.26867676 -0.35430908
0.8753052 0.19049072 -0.26745605 -0.3550415
0.8751221 0.19134521 -0.26678467 -0.35546875
0.87493896 0.1920166 -0.26654053 -0.35565186
0.87475586 0.19262695 -0.2668457 -0.35559082
0.87457275 0.1932373 -0.26757812 -0.3552246
0.8743286 0.19378662 -0.2689209 -0.35455322
0.8739624 0.19451904 -0.270813 -0.35351562
0.8735962 0.1954956 -0.27331543 -0.35205078
0.8731079 0.19647217 -0.2763672 -0.35021973
0.8727417 0.19708252 -0.2796631 -0.34820557
0.8724365 0.19726562 -0.28308105 -0.34606934
0.8722534 0.19696045 -0.28649902 -0.3439331
0.8721924 0.19622803 -0.28967285 -0.3418579
0.8721924 0.19519043 -0.29260254 -0.3399048
