0.8585205 0.27087402 -0.3685913 -0.23187256
0.85827637 0.2697754 -0.37054443 -0.23077393
0.85791016 0.26849365 -0.37304688 -0.22961426
0.857605 0.26690674 -0.37591553 -0.22808838
0.85736084 0.26501465 -0.37902832 -0.22595215
0.8571167 0.2631836 -0.38256836 -0.22290039
0.8569336 0.26153564 -0.3864746 -0.21881104
0.8567505 0.25994873 -0.3908081 -0.21368408
0.85668945 0.2581787 -0.39544678 -0.20733643
0.85687256 0.25604248 -0.4003296 -0.19970703
0.85736084 0.25335693 -0.40527344 -0.19085693
0.8581543 0.25006104 -0.41015625 -0.18103027
0.8590698 0.24609375 -0.414917 -0.17102051
0.85998535 0.24176025 -0.41955566 -0.16107178
0.8609009 0.23736572 -0.42382812 -0.15124512
0.8619385 0.2331543 -0.42755127 -0.14099121
0.8633423 0.22943115 -0.43029785 -0.12976074
0.8654175 0.22558594 -0.4317627 -0.11743164
0.8682251 0.22125244 -0.4317627 -0.10418701
0.871521 0.2164917 -0.430542 -0.09106445
0.8748169 0.21191406 -0.4284668 -0.07897949
0.87786865 0.20806885 -0.42596436 -0.06829834
0.88067627 0.20489502 -0.42297363 -0.05871582
0.8834839 0.20239258 -0.41949463 -0.04937744
0.88653564 0.20043945 -0.4151001 -0.039733887
0.89001465 0.19854736 -0.40942383 -0.02923584
0.89404297 0.19641113 -0.40222168 -0.0178833
0.8986206 0.19415283 -0.39343262 -0.00579834
0.9033203 0.19226074 -0.38336182 0.0064086914
0.90808105 0.1906128 -0.37249756 0.0178833
0.9127197 0.18902588 -0.36114502 0.027832031
0.9171753 0.18743896 -0.3496704 0.036254883
0.9215698 0.18597412 -0.33807373 0.04333496
0.9258423 0.1842041 -0.32617188 0.049743652
0.9301758 0.18243408 -0.31359863 0.05621338
0.9345703 0.18060303 -0.29992676 0.06329346
0.93914795 0.17816162 -0.2850952 0.07080078
0.9435425 0.17602539 -0.26953125 0.07824707
0.9472656 0.17602539 -0.2539673 0.08508301
0.9505615 0.17687988 -0.23876953 0.09051514
0.9536133 0.17718506 -0.22424316 0.09429932
0.95648193 0.17749023 -0.21038818 0.0970459
0.95910645 0.1776123 -0.19677734 0.0993042
0.9616089 0.1772461 -0.18322754 0.101501465
0.9639282 0.17687988 -0.1694336 0.1038208
0.9660034 0.1772461 -0.15551758 0.1060791
0.96777344 0.17816162 -0.1416626 0.10760498
0.96936035 0.1795044 -0.12792969 0.1081543
0.97088623 0.18084717 -0.11450195 0.107666016
0.9720459 0.18328857 -0.10119629 0.10650635
0.9729004 0.18621826 -0.088134766 0.10473633
0.97369385 0.18908691 -0.07556152 0.10253906
0.97424316 0.1918335 -0.06359863 0.09991455
0.9746704 0.19464111 -0.052246094 0.09674072
0.9750366 0.19720459 -0.041931152 0.09307861
0.97540283 0.19897461 -0.03289795 0.08880615
0.975647 0.20098877 -0.025146484 0.083984375
0.97576904 0.20355225 -0.018737793 0.07849121
0.97576904 0.20599365 -0.01361084 0.072143555
0.975708 0.20898438 -0.009643555 0.06500244
0.9755249 0.21240234 -0.006713867 0.0569458
0.9751587 0.21600342 -0.004760742 0.04815674
0.9747925 0.21960449 -0.0034179688 0.039001465
0.97436523 0.22296143 -0.0025024414 0.029785156
0.97387695 0.22619629 -0.0018310547 0.020568848
0.97320557 0.22961426 -0.0013427734 0.011474609
0.9724121 0.23339844 -0.0010375977 0.002380371
0.9713135 0.23760986 -0.0009765625 -0.0067749023
0.97021484 0.24182129 -0.0012207031 -0.01574707
0.9691162 0.24542236 -0.0017700195 -0.024597168
0.9680786 0.24853516 -0.0026855469 -0.03326416
0.9668579 0.25177002 -0.0038452148 -0.04168701
0.9655762 0.255188 -0.0052490234 -0.049804688
0.96417236 0.25878906 -0.0067749023 -0.057495117
0.9628296 0.26208496 -0.008178711 -0.06451416
0.9614868 0.26538086 -0.009460449 -0.07067871
0.96032715 0.26812744 -0.010559082 -0.076049805
0.9593506 0.2701416 -0.0115356445 -0.08062744
0.9585571 0.27178955 -0.012390137 -0.08453369
0.9578247 0.27331543 -0.013183594 -0.088012695
0.9571533 0.2746582 -0.013793945 -0.09100342
0.95654297 0.27581787 -0.014343262 -0.093566895
0.95599365 0.2769165 -0.014953613 -0.09564209
0.9555054 0.27801514 -0.015625 -0.097229004
0.95513916 0.27893066 -0.016357422 -0.09820557
0.954895 0.27954102 -0.017028809 -0.09863281
0.954834 0.27978516 -0.017700195 -0.09844971
0.95495605 0.2796631 -0.018188477 -0.097839355
0.9550171 0.27954102 -0.018676758 -0.0970459
