0.8116455 -0.3461914 -0.37322998 -0.286438
0.81311035 -0.34466553 -0.37109375 -0.28692627
0.8150635 -0.34301758 -0.36724854 -0.28833008
0.8173828 -0.34124756 -0.3616333 -0.2909546
0.82006836 -0.33880615 -0.35455322 -0.29486084
0.8230591 -0.33563232 -0.34625244 -0.30004883
0.82611084 -0.331604 -0.33703613 -0.3065796
0.82910156 -0.3267212 -0.3270874 -0.31433105
0.8320923 -0.32110596 -0.3164673 -0.32299805
0.835022 -0.31506348 -0.3048706 -0.33239746
0.8378906 -0.3085327 -0.2925415 -0.34228516
0.8406372 -0.3015747 -0.2796631 -0.352417
0.8430786 -0.2944336 -0.2662964 -0.36279297
0.8453369 -0.28692627 -0.25256348 -0.37322998
0.8474121 -0.2789917 -0.23840332 -0.383667
0.84924316 -0.27093506 -0.22375488 -0.394104
0.85095215 -0.2625122 -0.2086792 -0.40423584
0.852478 -0.25378418 -0.19335938 -0.41412354
0.8539429 -0.2442627 -0.17816162 -0.42352295
0.8552246 -0.2341919 -0.16320801 -0.43255615
0.85614014 -0.2241211 -0.1486206 -0.4411621
0.8567505 -0.21447754 -0.13446045 -0.4492798
0.85717773 -0.20507812 -0.121154785 -0.456604
0.8574829 -0.19604492 -0.10900879 -0.46307373
0.85754395 -0.18804932 -0.09802246 -0.46868896
0.8574219 -0.18109131 -0.08850098 -0.47351074
0.8571167 -0.17547607 -0.080444336 -0.47766113
0.8566284 -0.17095947 -0.07385254 -0.48114014
0.85614014 -0.1671753 -0.068725586 -0.48413086
0.8555908 -0.16400146 -0.064819336 -0.48669434
0.85498047 -0.1616211 -0.061767578 -0.48895264
0.85424805 -0.15991211 -0.059570312 -0.49102783
0.85357666 -0.15856934 -0.05810547 -0.4928589
0.85284424 -0.15771484 -0.05718994 -0.49450684
0.85217285 -0.15716553 -0.05682373 -0.4958496
0.85162354 -0.15673828 -0.05682373 -0.49694824
0.85113525 -0.15637207 -0.057006836 -0.49786377
0.85076904 -0.15625 -0.057250977 -0.49847412
0.85058594 -0.15600586 -0.057434082 -0.49890137
0.85046387 -0.15576172 -0.057617188 -0.49920654
0.85028076 -0.15557861 -0.057739258 -0.49951172
0.84991455 -0.15563965 -0.057861328 -0.50006104
0.8494873 -0.15582275 -0.057922363 -0.5006714
0.848999 -0.1560669 -0.058044434 -0.50146484
0.8483887 -0.15637207 -0.058288574 -0.5023804
0.8475952 -0.15667725 -0.058898926 -0.50354004
0.84661865 -0.15722656 -0.059814453 -0.50494385
0.84539795 -0.15802002 -0.06109619 -0.5065918
0.8438721 -0.15899658 -0.06286621 -0.5085449
0.84198 -0.15991211 -0.06530762 -0.51104736
0.83966064 -0.16101074 -0.06842041 -0.5142212
0.836792 -0.16229248 -0.072265625 -0.5178833
0.8334961 -0.16357422 -0.07702637 -0.5220337
0.8297119 -0.16497803 -0.08270264 -0.52679443
0.82525635 -0.16668701 -0.08917236 -0.5321655
0.8201904 -0.1687622 -0.096191406 -0.53808594
0.8147583 -0.17095947 -0.103515625 -0.5443115
0.80908203 -0.17321777 -0.11090088 -0.5505371
0.8032837 -0.175354 -0.1184082 -0.5567627
0.7911377 -0.17944336 -0.1329956 -0.56933594
0.7911377 -0.17944336 -0.1329956 -0.56933594
0.7849121 -0.18127441 -0.13983154 -0.5757446
0.7786865 -0.1829834 -0.14593506 -0.5820923
0.7727661 -0.18444824 -0.15118408 -0.5881958
0.76727295 -0.18566895 -0.15551758 -0.5938721
0.76239014 -0.18664551 -0.15893555 -0.59887695
0.7579956 -0.1875 -0.16168213 -0.6034546
0.75372314 -0.18835449 -0.16400146 -0.60791016
0.7494507 -0.18920898 -0.16619873 -0.6123047
0.7451782 -0.19012451 -0.16827393 -0.6166382
0.7409668 -0.19122314 -0.17010498 -0.62091064
0.7369385 -0.19244385 -0.17156982 -0.6248779
0.73327637 -0.19372559 -0.17266846 -0.628479
0.7300415 -0.19506836 -0.17333984 -0.63165283
0.7271118 -0.19647217 -0.17376709 -0.63446045
0.72436523 -0.1977539 -0.17407227 -0.63708496
0.7217407 -0.1987915 -0.17449951 -0.6395874
0.7192993 -0.19958496 -0.1749878 -0.6420288
0.71710205 -0.2000122 -0.17565918 -0.644104
