0.028320312 -0.60009766 -0.13244629 -0.7883911
0.032104492 -0.605896 -0.12878418 -0.7843628
0.03753662 -0.6112671 -0.12445068 -0.7807007
0.044555664 -0.61572266 -0.11895752 -0.7776489
0.053222656 -0.61920166 -0.11218262 -0.7753296
0.0635376 -0.62176514 -0.10473633 -0.7735596
0.075805664 -0.62335205 -0.09710693 -0.77215576
0.09008789 -0.6236572 -0.08935547 -0.77130127
0.107055664 -0.62231445 -0.0814209 -0.77111816
0.12536621 -0.6188965 -0.07116699 -0.7720947
0.14526367 -0.6130371 -0.05859375 -0.774353
0.16546631 -0.6045532 -0.042419434 -0.77801514
0.18597412 -0.5930786 -0.0234375 -0.78302
0.20568848 -0.57910156 -0.002380371 -0.7888794
0.2232666 -0.5640259 0.018066406 -0.7947998
0.23876953 -0.5484009 0.03704834 -0.8005371
0.25219727 -0.5326538 0.0546875 -0.8060303
0.26379395 -0.5171509 0.07043457 -0.8111572
0.27386475 -0.5019531 0.083740234 -0.8161011
0.2819214 -0.48712158 0.09539795 -0.82110596
0.28759766 -0.47253418 0.10595703 -0.82629395
0.29089355 -0.4580078 0.11541748 -0.83203125
0.29162598 -0.4437256 0.12384033 -0.8383179
0.29016113 -0.4295044 0.13012695 -0.84521484
0.2868042 -0.4152832 0.1340332 -0.85284424
0.28167725 -0.4013672 0.13598633 -0.86083984
0.27471924 -0.38824463 0.13665771 -0.8689575
0.26593018 -0.37615967 0.13623047 -0.8770752
0.255188 -0.36523438 0.13458252 -0.8850708
0.24267578 -0.35546875 0.13171387 -0.8930054
0.2288208 -0.34674072 0.1270752 -0.9006958
0.21398926 -0.3390503 0.12042236 -0.9081421
0.19873047 -0.3322754 0.111572266 -0.91522217
0.1831665 -0.32641602 0.10089111 -0.92181396
0.1673584 -0.32141113 0.08898926 -0.9277954
0.15100098 -0.31750488 0.07647705 -0.93304443
0.13378906 -0.31488037 0.063964844 -0.9375
0.1159668 -0.31359863 0.050598145 -0.9411011
0.09741211 -0.31384277 0.036315918 -0.9437866
0.07849121 -0.3156128 0.02166748 -0.94537354
0.05987549 -0.31878662 0.006286621 -0.94592285
0.041809082 -0.32348633 -0.010131836 -0.94525146
0.024536133 -0.32989502 -0.027160645 -0.94329834
0.0072021484 -0.33807373 -0.043762207 -0.9400635
0.010681152 0.3480835 0.058898926 0.9355469
0.028442383 0.35949707 0.07244873 0.9298706
0.044921875 0.37213135 0.08465576 0.9232178
0.059631348 0.38562012 0.0949707 0.9158325
0.071899414 0.39971924 0.103637695 0.90789795
0.081970215 0.41436768 0.11077881 0.89959717
0.09039307 0.42913818 0.11590576 0.8911743
0.09741211 0.44348145 0.11932373 0.8829346
0.1027832 0.4569702 0.121398926 0.8751221
0.10620117 0.46929932 0.12286377 0.86798096
0.10772705 0.48046875 0.1237793 0.86151123
0.10772705 0.49053955 0.12384033 0.8557739
0.10595703 0.49975586 0.123535156 0.85076904
0.10241699 0.5083618 0.1227417 0.8461914
0.0970459 0.5163574 0.12084961 0.8422241
0.089782715 0.5239258 0.11767578 0.83880615
0.0803833 0.5310669 0.113586426 0.8358154
0.06915283 0.5377197 0.108947754 0.8331909
0.056518555 0.5439453 0.103759766 0.8307495
0.04321289 0.54974365 0.09777832 0.8284302
0.029541016 0.5552368 0.091308594 0.82611084
0.015808105 0.5604248 0.084350586 0.82373047
0.0018310547 0.56518555 0.0769043 0.8213501
0.012329102 -0.56921387 -0.06866455 -0.81921387
0.026855469 -0.57214355 -0.059631348 -0.8175659
0.042053223 -0.57366943 -0.0501709 -0.8164673
0.057617188 -0.5740967 -0.041015625 -0.81573486
0.072387695 -0.5741577 -0.03265381 -0.8148804
0.08544922 -0.5743408 -0.024841309 -0.81378174
0.09649658 -0.57489014 -0.017456055 -0.8123169
0.1060791 -0.57562256 -0.010498047 -0.81073
0.11450195 -0.5761719 -0.0037841797 -0.80926514
0.12194824 -0.576416 0.0029296875 -0.80804443
0.12860107 -0.57611084 0.009643555 -0.8071289
0.13446045 -0.5753174 0.016479492 -0.8066406
0.13928223 -0.5739136 0.02319336 -0.8066406
0.14331055 -0.57214355 0.02911377 -0.80700684
0.14648438 -0.57006836 0.033996582 -0.80773926
0.14880371 -0.567749 0.037902832 -0.8087158
0.15026855 -0.5653076 0.041015625 -0.80999756
0.15112305 -0.56274414 0.04321289 -0.8115845
0.15136719 -0.5599365 0.044677734 -0.8133545
0.15118408 -0.5570679 0.045410156 -0.81536865
0.1505127 -0.5541992 0.04559326 -0.8173828
0.14941406 -0.55145264 0.045410156 -0.819458
