0.60491943 -0.5675659 -0.29968262 -0.47125244
0.6035156 -0.5703125 -0.2987671 -0.4703369
0.60443115 -0.57244873 -0.2954712 -0.46868896
0.6072998 -0.57421875 -0.289917 -0.4663086
0.61157227 -0.57598877 -0.2821045 -0.46325684
0.61724854 -0.5774536 -0.27301025 -0.4593506
0.62390137 -0.57855225 -0.26330566 -0.45465088
0.63134766 -0.5795288 -0.25299072 -0.4489746
0.63964844 -0.5803833 -0.24169922 -0.44226074
0.64904785 -0.58099365 -0.2288208 -0.43450928
0.65930176 -0.5812988 -0.21411133 -0.4260254
0.670166 -0.58135986 -0.19720459 -0.41711426
0.68133545 -0.5809326 -0.1784668 -0.40802002
0.6928711 -0.5794678 -0.15844727 -0.39886475
0.70440674 -0.57684326 -0.13800049 -0.38983154
0.71533203 -0.57373047 -0.11767578 -0.38116455
0.7250366 -0.57055664 -0.097717285 -0.3731079
0.7334595 -0.5673218 -0.07879639 -0.36602783
0.74090576 -0.56378174 -0.060668945 -0.35986328
0.7471924 -0.5604248 -0.043029785 -0.3546753
0.7524414 -0.55682373 -0.026672363 -0.35076904
0.75665283 -0.55303955 -0.011657715 -0.3484497
0.7600708 -0.54888916 0.002319336 -0.34783936
0.76293945 -0.54400635 0.01586914 -0.348938
0.76519775 -0.5383301 0.029541016 -0.3517456
0.7678833 -0.5303955 0.04309082 -0.3567505
0.7692261 -0.5220947 0.05718994 -0.3638916
0.7692871 -0.513916 0.071899414 -0.3727417
0.76885986 -0.5043335 0.085876465 -0.38360596
0.76776123 -0.4937744 0.09881592 -0.3961792
0.7661743 -0.48236084 0.11022949 -0.4100952
0.763855 -0.47070312 0.12036133 -0.4248047
0.76049805 -0.45965576 0.1295166 -0.44000244
0.7555542 -0.45013428 0.1381836 -0.4553833
0.74975586 -0.44171143 0.14605713 -0.47052002
0.7440796 -0.43328857 0.15222168 -0.48529053
0.73876953 -0.42443848 0.15625 -0.49969482
0.73339844 -0.41583252 0.15844727 -0.51397705
0.72784424 -0.40759277 0.15905762 -0.5280762
0.7215576 -0.40063477 0.15881348 -0.5418701
0.7145386 -0.39471436 0.15759277 -0.5557251
0.70703125 -0.3892212 0.15509033 -0.56970215
0.69940186 -0.38391113 0.15118408 -0.58361816
0.69158936 -0.37921143 0.14654541 -0.5970459
0.68359375 -0.37506104 0.1416626 -0.6099243
0.67541504 -0.37158203 0.13659668 -0.6221924
0.66711426 -0.36871338 0.13128662 -0.63391113
0.6588745 -0.3661499 0.12561035 -0.64501953
0.6508789 -0.36395264 0.119506836 -0.65545654
0.6433716 -0.36224365 0.113464355 -0.66485596
0.63671875 -0.3607788 0.10760498 -0.67297363
0.6310425 -0.35949707 0.10192871 -0.6798706
0.62609863 -0.35876465 0.09686279 -0.68548584
0.62176514 -0.3587036 0.0927124 -0.69000244
0.6182251 -0.35894775 0.08898926 -0.6936035
0.61535645 -0.3591919 0.08581543 -0.6963501
0.61328125 -0.35961914 0.08325195 -0.6983032
0.6119995 -0.36010742 0.08129883 -0.6994629
0.61151123 -0.36053467 0.08001709 -0.69976807
0.61169434 -0.36114502 0.0793457 -0.6993408
0.6124878 -0.36193848 0.0793457 -0.6982422
0.61364746 -0.36291504 0.079589844 -0.6967163
0.6151123 -0.3640747 0.079956055 -0.6947632
