21.6875 57.5625 -179.5625
21.4375 57.9375 -179.1875
21.125 58.3125 -178.8125
21.125 58.75 -178.5625
21.125 59.125 -178.25
21.1875 59.5625 -178.0625
21.25 60 -177.875
21.5 60.375 -177.8125
21.6875 60.75 -177.6875
22 61.125 -177.6875
22.25 61.25 -177.9375
22.5625 61.4375 -178.125
22.75 61.25 -178.3125
22.8125 60.9375 -178.375
22.75 60.3125 -178.1875
22.6875 59.6875 -178.0625
22.4375 58.5625 -177.625
22 57.125 -177.0625
21.3125 55.4375 -176.375
20.5 53.5 -175.625
19.4375 51.3125 -174.8125
18.125 48.875 -174.0625
16.75 46.3125 -173.375
300 43.625 -172.8125
300.75 40.875 -172.3125
301.5 38.1875 -172
302.25 35.4375 -171.8125
302.9375 32.8125 -171.6875
303.625 30.25 -171.6875
304.1875 27.875 -171.6875
304.625 25.6875 -171.6875
305.0625 23.6875 -171.75
305.3125 22 -171.75
305.5 20.625 -172
305.5625 19.6875 -172.25
305.5625 19.125 -172.5
305.375 19 -172.8125
305.125 19.25 -173.3125
304.6875 19.875 -173.8125
304.1875 20.875 -174.375
303.5625 22.125 -175.0625
302.875 23.5625 -175.875
302.0625 25.25 -176.8125
301.25 27.0625 -177.8125
300.3125 29 -178.9375
299.375 31.0625 179.6875
298.3125 33.3125 178.25
297.125 35.625 176.75
295.875 38 175
294.5 40.5625 173.0625
293.25 43.0625 170.75
44 45.375 168.5625
45.25 47.625 166.1875
46.3125 49.625 163.8125
47.1875 51.375 161.5
47.8125 52.8125 159.4375
48.125 53.8125 158
48.3125 54.4375 157.1875
48.375 54.6875 157
48.4375 54.5625 157.4375
48.625 54 158.25
48.875 53.0625 159.5
49.1875 51.8125 160.875
49.6875 50.125 162.3125
50.3125 48.1875 163.75
51.1875 46 165.0625
322.3125 43.625 166.3125
295.5 41.0625 167.3125
296.5625 38.4375 168.25
297.5625 35.75 169
298.4375 33 169.5625
299.25 30.1875 169.875
299.9375 27.375 170.0625
300.5 24.625 170.125
300.875 21.9375 170.125
301.125 19.3125 169.9375
301.1875 16.75 169.9375
301.0625 14.4375 169.9375
300.8125 12.375 169.625
300.5 10.5 169.4375
300.0625 9 169
299.4375 8 168.375
298.6875 7.4375 167.6875
297.75 7.25 167
296.625 7.5 166.3125
295.4375 8.0625 165.5625
294.0625 8.875 164.75
292.5625 9.9375 163.875
290.9375 11.1875 162.875
289.3125 12.5625 161.8125
287.5625 14.0625 160.625
285.8125 15.5 159.1875
284 17 157.625
282.25 18.375 156
280.4375 19.75 154.25
278.625 21.0625 152.5625
276.75 22.4375 150.75
274.9375 23.625 148.9375
273.125 24.75 147.3125
271.25 25.8125 145.75
269.5 26.8125 144
6.25 27.6875 142.5
4.5625 28.4375 141.0625
3 29.125 139.8125
1.625 29.6875 138.75
0.5 30.1875 137.8125
359.625 30.5625 136.9375
359.0625 30.8125 136.25
358.6875 31 135.75
358.625 31.0625 135.4375
358.6875 31 135.25
358.9375 30.9375 135.1875
359.3125 30.8125 135.3125
359.6875 30.625 135.5
