8.31 -0.07 -5.19
8.35 -0.1 -5.14
8.38 -0.12 -5.08
8.42 -0.14 -5.02
8.45 -0.16 -4.96
8.49 -0.17 -4.89
8.52 -0.18 -4.83
8.56 -0.18 -4.78
8.58 -0.18 -4.72
8.6 -0.16 -4.7
8.61 -0.15 -4.68
8.6 -0.13 -4.7
8.57 -0.13 -4.76
8.52 -0.14 -4.85
8.47 -0.16 -4.93
8.37 -0.2 -5.1
8.24 -0.26 -5.3
8.08 -0.34 -5.54
7.88 -0.44 -5.81
7.65 -0.54 -6.1
7.38 -0.66 -6.41
7.09 -0.77 -6.72
6.77 -0.88 -7.03
6.42 -0.98 -7.34
6.06 -1.06 -7.63
5.69 -1.13 -7.9
5.31 -1.18 -8.15
4.94 -1.21 -8.37
4.58 -1.24 -8.57
4.25 -1.27 -8.74
3.94 -1.28 -8.88
3.67 -1.29 -8.99
3.46 -1.27 -9.08
3.3 -1.24 -9.14
3.21 -1.2 -9.18
3.19 -1.15 -9.2
3.23 -1.07 -9.19
3.34 -0.98 -9.16
3.49 -0.89 -9.11
3.69 -0.77 -9.05
3.92 -0.63 -8.96
4.18 -0.48 -8.85
4.46 -0.32 -8.72
4.75 -0.15 -8.57
5.06 0.03 -8.39
5.38 0.24 -8.19
5.71 0.45 -7.95
6.04 0.67 -7.69
6.37 0.89 -7.39
6.69 1.14 -7.07
6.98 1.36 -6.74
7.24 1.57 -6.41
7.47 1.76 -6.09
7.66 1.93 -5.8
7.81 2.07 -5.55
7.91 2.16 -5.36
7.98 2.2 -5.25
8 2.2 -5.21
7.99 2.17 -5.24
7.93 2.12 -5.34
7.84 2.06 -5.51
7.7 1.98 -5.72
7.53 1.9 -5.98
7.31 1.82 -6.27
7.05 1.74 -6.58
6.76 1.67 -6.89
6.44 1.61 -7.21
6.1 1.55 -7.51
5.73 1.51 -7.81
5.34 1.48 -8.08
4.93 1.48 -8.34
4.51 1.49 -8.57
4.09 1.51 -8.78
3.66 1.55 -8.96
3.24 1.6 -9.11
2.83 1.63 -9.24
2.44 1.65 -9.35
2.1 1.71 -9.42
1.79 1.76 -9.47
1.54 1.84 -9.5
1.37 1.95 -9.51
1.27 2.06 -9.5
1.24 2.18 -9.47
1.28 2.29 -9.44
1.37 2.42 -9.4
1.51 2.54 -9.34
1.69 2.68 -9.27
1.9 2.82 -9.19
2.14 2.97 -9.09
2.38 3.15 -8.97
2.62 3.35 -8.83
2.86 3.56 -8.67
3.1 3.78 -8.49
3.32 4 -8.31
3.53 4.21 -8.12
3.74 4.42 -7.91
3.93 4.63 -7.69
4.11 4.8 -7.49
4.27 4.96 -7.29
4.42 5.13 -7.08
4.55 5.28 -6.88
4.67 5.41 -6.7
4.77 5.52 -6.54
4.86 5.61 -6.4
4.93 5.69 -6.28
4.98 5.75 -6.17
5.03 5.81 -6.08
5.05 5.85 -6.02
5.06 5.89 -5.98
5.05 5.91 -5.96
5.04 5.92 -5.97
5.02 5.92 -5.99
4.99 5.9 -6.02
4.96 5.89 -6.06
