0.3986206 0.48876953 -0.727417 0.2703247
0.4005127 0.48651123 -0.7269287 0.27294922
0.4024048 0.48425293 -0.7263794 0.27557373
0.40490723 0.48150635 -0.72613525 0.27734375
0.40734863 0.47875977 -0.7258911 0.27911377
0.41015625 0.47613525 -0.72540283 0.28070068
0.41296387 0.47351074 -0.72491455 0.28234863
0.41601562 0.47076416 -0.7246704 0.28320312
0.41906738 0.46795654 -0.72442627 0.28399658
0.421875 0.46557617 -0.7241821 0.28442383
0.42352295 0.46496582 -0.72369385 0.28399658
0.42523193 0.46435547 -0.7232666 0.28363037
0.42462158 0.46496582 -0.7237549 0.28234863
0.42248535 0.46557617 -0.72528076 0.28063965
0.4185791 0.46606445 -0.7280884 0.2783203
0.41467285 0.4664917 -0.730896 0.27600098
0.4069214 0.46679688 -0.73651123 0.2722168
0.3970337 0.46697998 -0.7434082 0.2677002
0.38494873 0.46704102 -0.7514038 0.26275635
0.37072754 0.4668579 -0.7605591 0.25720215
0.3546753 0.4663086 -0.77056885 0.2508545
0.33691406 0.46551514 -0.78118896 0.24395752
0.3180542 0.46435547 -0.7920532 0.23632812
0.29833984 0.46313477 -0.8027344 0.22827148
0.2781372 0.461792 -0.81311035 0.21966553
0.25793457 0.46038818 -0.822937 0.21051025
0.23822021 0.4586792 -0.83221436 0.2006836
0.2189331 0.45684814 -0.8408203 0.19073486
0.20043945 0.45483398 -0.84869385 0.18066406
0.18292236 0.45300293 -0.8555908 0.17114258
0.16638184 0.45147705 -0.86138916 0.16278076
0.15203857 0.45007324 -0.866272 0.15441895
0.13903809 0.44952393 -0.8699341 0.14776611
0.12963867 0.4491577 -0.87268066 0.14099121
0.123168945 0.44921875 -0.87438965 0.13580322
0.1194458 0.44995117 -0.8751831 0.1317749
0.11956787 0.45135498 -0.8748779 0.12890625
0.123168945 0.45343018 -0.8735962 0.12677002
0.1296997 0.4562378 -0.8713379 0.12579346
0.13885498 0.45959473 -0.86816406 0.12579346
0.15039062 0.4633789 -0.86413574 0.12634277
0.16400146 0.46759033 -0.8592529 0.1270752
0.17907715 0.4720459 -0.8536377 0.12817383
0.19555664 0.47662354 -0.847229 0.1296997
0.21343994 0.48132324 -0.8399658 0.13146973
0.25286865 0.49102783 -0.82250977 0.1359253
0.25286865 0.49102783 -0.82250977 0.1359253
0.27386475 0.4961548 -0.81207275 0.13909912
0.29577637 0.5013428 -0.8004761 0.14257812
0.31860352 0.5062866 -0.78778076 0.14660645
0.34210205 0.51013184 -0.7748413 0.1496582
0.3635254 0.513916 -0.76153564 0.1541748
0.38452148 0.51641846 -0.7485962 0.15814209
0.40386963 0.51812744 -0.73638916 0.16174316
0.42077637 0.51916504 -0.72540283 0.16485596
0.43469238 0.5194702 -0.7163696 0.16741943
0.44439697 0.5194092 -0.70983887 0.16986084
0.45031738 0.5185547 -0.70635986 0.17132568
0.45239258 0.51708984 -0.70599365 0.17175293
0.4508667 0.5149536 -0.70874023 0.1708374
0.44604492 0.51257324 -0.7141113 0.16833496
0.43811035 0.51031494 -0.7215576 0.16430664
0.4274292 0.5081787 -0.73065186 0.15887451
0.41430664 0.50616455 -0.7409668 0.15203857
0.39916992 0.5041504 -0.75219727 0.1439209
0.38250732 0.5019531 -0.76397705 0.13458252
0.364563 0.49938965 -0.776001 0.12432861
0.3456421 0.49664307 -0.7880249 0.113342285
0.3260498 0.49383545 -0.7996826 0.10192871
0.3059082 0.49102783 -0.81066895 0.09008789
0.28564453 0.48840332 -0.8208618 0.07757568
0.2654419 0.48608398 -0.83013916 0.06439209
0.24536133 0.4841919 -0.8383179 0.05078125
0.2255249 0.4829712 -0.8452759 0.037231445
0.20617676 0.4822998 -0.8510742 0.023498535
0.1876831 0.48242188 -0.8555298 0.0099487305
0.16937256 0.48376465 -0.8586426 -0.0017089844
0.15203857 0.48602295 -0.86053467 -0.012145996
0.13781738 0.48864746 -0.86120605 -0.0234375
0.1251831 0.49188232 -0.8609619 -0.032958984
0.1161499 0.49554443 -0.8597412 -0.04260254
0.11151123 0.5001221 -0.85723877 -0.05102539
0.11053467 0.5057373 -0.8536377 -0.057922363
0.112854004 0.5124512 -0.848938 -0.062805176
0.11828613 0.52008057 -0.84332275 -0.065979004
0.12658691 0.5285034 -0.83673096 -0.06750488
0.13720703 0.5377197 -0.8291626 -0.06762695
0.14996338 0.5474243 -0.8206177 -0.066589355
0.16442871 0.55755615 -0.8110962 -0.064575195
0.18023682 0.5678711 -0.80078125 -0.061828613
0.19726562 0.5780029 -0.7896118 -0.059265137
0.215271 0.5878296 -0.77770996 -0.0569458
0.23388672 0.597229 -0.7652588 -0.054870605
0.25268555 0.60614014 -0.7522583 -0.052856445
0.27124023 0.61468506 -0.7388916 -0.05053711
0.28930664 0.6230469 -0.7251587 -0.047729492
0.30767822 0.6310425 -0.7107544 -0.044128418
0.32543945 0.6383667 -0.69641113 -0.04071045
0.3413086 0.64575195 -0.6820679 -0.0357666
0.3564453 0.65270996 -0.66778564 -0.030517578
0.37182617 0.6586914 -0.6536255 -0.026184082
0.3850708 0.6645508 -0.6400757 -0.021118164
0.3970337 0.66967773 -0.6273804 -0.016052246
0.40740967 0.6744995 -0.6156006 -0.010864258
0.41644287 0.67852783 -0.60510254 -0.0061035156
0.4239502 0.6817627 -0.5961914 -0.0018920898
0.4303589 0.684021 -0.58898926 0.0012817383
0.43548584 0.6855469 -0.58343506 0.003479004
0.4390869 0.68670654 -0.57928467 0.0048217773
0.4413452 0.6875 -0.57666016 0.0052490234
0.44226074 0.6878662 -0.57543945 0.0048828125
0.44226074 0.6878662 -0.5755615 0.00390625
0.44110107 0.68774414 -0.5765991 0.0026245117
0.4390869 0.6875 -0.57836914 0.0010986328
