335.625 66.125 179.1875
336.375 67.0625 177.875
337.1875 68.0625 176.375
338 69.1875 174.6875
338.8125 70.25 172.6875
339.6875 71.375 170.375
340.625 72.4375 167.625
341.5625 73.4375 164.5
342.4375 74.375 161
343.4375 75.1875 157.25
344.4375 75.875 153.1875
345.375 76.4375 149.125
346.25 76.8125 145.3125
347 77 142.1875
347.625 77 140.0625
348.1875 76.75 139.25
348.5625 76.375 139.875
348.6875 75.8125 142
348.6875 75.0625 145.1875
348.5625 74 149.25
348.3125 72.6875 153.75
347.9375 71 158.3125
347.5 68.9375 162.75
346.875 66.5625 166.875
346.125 63.8125 170.4375
345.25 60.8125 173.5625
344.3125 57.5 176.125
343.3125 54.0625 178.1875
342.25 50.4375 179.875
254.5 43 -177.9375
255.625 39.1875 -177.25
256.75 35.5 -176.8125
257.8125 31.875 -176.5625
258.625 28.5 -175.9375
259.4375 25.5625 -175.875
260.125 22.875 -175.875
260.6875 20.625 -175.8125
261.125 18.9375 -175.8125
261.5 17.875 -176
261.625 17.3125 -176.375
261.625 17.3125 -176.8125
261.5 17.8125 -177.375
261.1875 18.75 -178
260.8125 20 -178.75
260.25 21.5 -179.75
259.5625 23.25 178.9375
258.6875 25.1875 177.625
257.625 27.25 176
256.5 29.4375 174.125
255.25 31.75 172.25
253.9375 34.125 170.0625
252.5625 36.5625 167.625
251.125 39.0625 164.875
249.625 41.8125 161.75
289.875 44.375 158.0625
20.4375 46.875 154.5625
21 49.1875 150.75
21.1875 51.3125 146.9375
21.3125 53.1875 143.1875
21.3125 54.6875 139.5625
21.5 55.75 136.125
21.6875 56.4375 133.375
21.75 56.8125 131.5625
22.3125 56.875 130.5
23.1875 56.75 130.3125
23.6875 56.375 131.5625
24.25 55.625 133.6875
25.125 54.625 136.25
26.25 53.125 139.125
27.5625 51.375 142.0625
29.1875 49.25 145
31.1875 46.9375 147.6875
303.5 44.375 150.0625
306.1875 41.6875 152.125
309.3125 38.875 153.8125
253.1875 36.125 155.25
254.25 33.375 156.4375
255.125 30.75 157.8125
255.6875 28.1875 160.125
256.4375 25.75 160.75
257 23.5 161.375
257.5 21.375 161.8125
257.8125 19.4375 162
258 17.625 162.125
258.0625 15.9375 162.125
258 14.4375 162
257.875 13.125 161.6875
257.625 12.0625 161.3125
257.1875 11.1875 160.8125
256.625 10.6875 160.125
255.9375 10.4375 159.3125
255 10.5 158.3125
253.875 10.8125 157.3125
252.625 11.3125 156.1875
251.1875 12 155
249.625 12.875 153.6875
247.9375 13.8125 152.25
246.125 14.875 150.6875
244.1875 16 149
242.0625 17.1875 147.125
239.8125 18.375 145.3125
237.375 19.5 143.375
234.8125 20.6875 141.375
348.9375 21.875 139.1875
345.625 23.125 136.75
343 24.125 134.1875
340.4375 25 132.3125
338.25 25.6875 130.625
336.125 26.25 128.9375
334.75 26.625 127.8125
333.375 26.9375 126.625
332.8125 26.9375 125.9375
332.25 27 125.25
332.5 26.8125 124.9375
332.9375 26.5625 124.75
333.375 26.3125 124.5625
334.0625 26 124.6875
334.8125 25.6875 124.9375
335.5625 25.3125 125.25
336.3125 25 125.5625
336.9375 24.6875 126
337.5 24.375 126.4375
338.0625 24.1875 126.875
