9.03 0.14 -3.81
9.1 0.22 -3.64
9.16 0.32 -3.46
9.23 0.41 -3.27
9.29 0.52 -3.08
9.35 0.63 -2.88
9.4 0.74 -2.69
9.44 0.85 -2.49
9.48 0.96 -2.3
9.51 1.07 -2.12
9.53 1.17 -1.96
9.54 1.26 -1.83
9.55 1.34 -1.73
9.55 1.41 -1.69
9.54 1.46 -1.69
9.53 1.48 -1.76
9.5 1.47 -1.89
9.47 1.44 -2.07
9.42 1.37 -2.31
9.36 1.28 -2.61
9.27 1.17 -2.96
9.15 1.04 -3.36
8.99 0.88 -3.79
8.8 0.71 -4.26
8.56 0.53 -4.74
8.27 0.35 -5.24
7.94 0.17 -5.75
7.56 0.01 -6.24
7.14 -0.13 -6.71
6.2 -0.35 -7.58
5.69 -0.43 -7.97
5.18 -0.49 -8.3
4.68 -0.6 -8.59
4.23 -0.62 -8.82
3.81 -0.64 -9
3.45 -0.66 -9.15
3.19 -0.66 -9.24
3.01 -0.64 -9.31
2.92 -0.59 -9.34
2.92 -0.51 -9.34
3 -0.41 -9.32
3.15 -0.31 -9.27
3.35 -0.19 -9.21
3.6 -0.03 -9.12
3.87 0.15 -9
4.18 0.36 -8.86
4.49 0.59 -8.69
4.82 0.86 -8.49
5.16 1.12 -8.26
5.5 1.39 -7.99
5.84 1.68 -7.69
6.18 1.97 -7.34
6.53 2.28 -6.94
6.86 2.61 -6.49
7.15 2.87 -6.05
7.42 3.12 -5.59
7.65 3.33 -5.13
7.85 3.51 -4.7
8 3.67 -4.31
8.11 3.81 -3.97
8.17 3.93 -3.71
8.2 4.01 -3.56
8.21 4.06 -3.47
8.2 4.09 -3.47
8.16 4.05 -3.6
8.1 3.99 -3.81
7.99 3.92 -4.1
7.85 3.84 -4.44
7.66 3.75 -4.82
7.43 3.66 -5.24
7.16 3.57 -5.66
6.86 3.49 -6.07
6.52 3.42 -6.47
6.16 3.36 -6.84
5.78 3.31 -7.19
5.4 3.26 -7.5
5.02 3.18 -7.8
4.63 2.93 -8.12
4.26 2.9 -8.33
3.91 2.86 -8.52
3.58 2.84 -8.67
3.26 2.84 -8.79
2.97 2.86 -8.89
2.69 2.88 -8.97
2.45 2.93 -9.03
2.22 2.99 -9.06
2.04 3.06 -9.08
1.91 3.15 -9.08
1.82 3.26 -9.06
1.78 3.4 -9.02
1.79 3.55 -8.96
1.84 3.71 -8.88
1.92 3.87 -8.79
2.04 4.04 -8.69
2.18 4.23 -8.57
2.35 4.42 -8.42
2.52 4.63 -8.26
2.71 4.85 -8.07
2.9 5.07 -7.87
3.09 5.29 -7.65
3.28 5.51 -7.41
3.47 5.72 -7.16
3.65 5.93 -6.89
3.85 6.17 -6.56
4.01 6.4 -6.24
4.14 6.57 -5.98
4.25 6.7 -5.75
4.34 6.83 -5.52
4.39 6.92 -5.37
4.44 7.01 -5.22
4.44 7.07 -5.13
4.45 7.12 -5.04
4.42 7.17 -5.01
4.39 7.2 -4.99
4.35 7.23 -4.98
4.3 7.24 -5.01
4.25 7.24 -5.06
4.19 7.23 -5.11
4.14 7.22 -5.17
4.09 7.2 -5.23
4.05 7.17 -5.3
4.02 7.15 -5.37
3.99 7.12 -5.42
