0.29589844 0.70684814 -0.44995117 0.45855713
0.30273438 0.70422363 -0.44555664 0.46246338
0.3102417 0.7010498 -0.440979 0.4666748
0.3180542 0.6975708 -0.4360962 0.4711914
0.32617188 0.6939697 -0.43084717 0.47583008
0.33459473 0.69018555 -0.42529297 0.48034668
0.3433838 0.68634033 -0.41973877 0.4845581
0.35217285 0.6824341 -0.41412354 0.48858643
0.36102295 0.67840576 -0.4086914 0.4923706
0.36987305 0.6742554 -0.40374756 0.49560547
0.378479 0.670166 -0.39923096 0.49822998
0.38653564 0.6664429 -0.3951416 0.5003052
0.39361572 0.6633911 -0.39178467 0.50146484
0.39935303 0.6612549 -0.38916016 0.50177
0.40344238 0.6602783 -0.3876953 0.50097656
0.40551758 0.66052246 -0.38763428 0.4989624
0.40551758 0.6621704 -0.38916016 0.4956665
0.40301514 0.6651001 -0.39245605 0.4911499
0.39819336 0.6691284 -0.39764404 0.48535156
0.39135742 0.67407227 -0.40478516 0.4781494
0.38250732 0.67974854 -0.4138794 0.46948242
0.37164307 0.68603516 -0.42486572 0.4590454
0.34423828 0.69976807 -0.45159912 0.4335327
0.34423828 0.69976807 -0.45159912 0.4335327
0.32788086 0.7067261 -0.46673584 0.4185791
0.31011963 0.713562 -0.48272705 0.4020996
0.29125977 0.7199707 -0.49926758 0.3840332
0.27160645 0.72595215 -0.5159302 0.36468506
0.2514038 0.7313843 -0.53222656 0.34429932
0.19073486 0.7437744 -0.5776367 0.2770996
0.19073486 0.7437744 -0.5776367 0.2770996
0.17120361 0.7462158 -0.59124756 0.25360107
0.15228271 0.74780273 -0.6036377 0.23065186
0.13171387 0.7492676 -0.61376953 0.21118164
0.11621094 0.74957275 -0.6229248 0.19122314
0.10205078 0.7496338 -0.6304321 0.17382812
0.089782715 0.7493286 -0.6364746 0.15905762
0.08105469 0.7486572 -0.6411743 0.14788818
0.076293945 0.7479248 -0.6444702 0.1395874
0.075683594 0.7475586 -0.64611816 0.13415527
0.07867432 0.74768066 -0.6460571 0.13171387
0.08502197 0.7481079 -0.6447754 0.1317749
0.09375 0.74884033 -0.6422119 0.13446045
0.105163574 0.74975586 -0.6383667 0.13879395
0.11932373 0.75097656 -0.6333008 0.14398193
0.13555908 0.75250244 -0.62683105 0.14996338
0.15325928 0.7543335 -0.6187744 0.15686035
0.17260742 0.75653076 -0.6090088 0.1642456
0.19378662 0.7583618 -0.59814453 0.17175293
0.21472168 0.75994873 -0.5863037 0.1807251
0.23669434 0.7609253 -0.57336426 0.19030762
0.25994873 0.76123047 -0.55926514 0.20043945
0.28399658 0.7606201 -0.5441284 0.21154785
0.30969238 0.7585449 -0.5276489 0.22418213
0.33618164 0.7548218 -0.5114136 0.23590088
0.359375 0.75097656 -0.49468994 0.24932861
0.38208008 0.74572754 -0.47857666 0.26239014
0.40264893 0.73968506 -0.463562 0.27545166
0.42132568 0.73291016 -0.4500122 0.28771973
0.4371338 0.72698975 -0.4373169 0.29858398
0.4508667 0.72180176 -0.4262085 0.30682373
0.46105957 0.71813965 -0.4169922 0.31280518
0.46722412 0.7161255 -0.41070557 0.3164673
0.47180176 0.7141113 -0.4091797 0.3163452
0.47424316 0.7121582 -0.41253662 0.31262207
0.4708252 0.7130127 -0.4187622 0.30749512
0.46411133 0.71539307 -0.4277954 0.2998047
0.45513916 0.7185669 -0.43914795 0.28918457
0.44403076 0.7225952 -0.45220947 0.27612305
0.4309082 0.7270508 -0.46655273 0.2609253
0.4161377 0.73150635 -0.48181152 0.24414062
0.40057373 0.73547363 -0.49761963 0.22570801
0.3842163 0.73913574 -0.5132446 0.2064209
0.36767578 0.7423706 -0.52819824 0.18640137
0.35107422 0.74505615 -0.5422363 0.1661377
0.3345337 0.7472534 -0.55529785 0.14605713
0.3182373 0.74884033 -0.5673218 0.12670898
0.30041504 0.75079346 -0.5780029 0.10961914
0.27514648 0.7550049 -0.58691406 0.09906006
0.26098633 0.7554321 -0.59539795 0.08227539
0.2468872 0.7562866 -0.6021118 0.06750488
0.23449707 0.756897 -0.607666 0.053100586
0.22351074 0.7576904 -0.61187744 0.03942871
0.21398926 0.75860596 -0.61486816 0.026367188
0.20544434 0.7598877 -0.61657715 0.014404297
0.1987915 0.7612915 -0.61712646 0.0029296875
0.19378662 0.7628784 -0.61676025 -0.0076904297
0.1907959 0.7647095 -0.6152344 -0.016845703
0.19012451 0.7668457 -0.6125488 -0.024780273
0.19189453 0.76934814 -0.6085205 -0.03100586
0.19689941 0.77233887 -0.60284424 -0.0357666
0.20397949 0.7758789 -0.5957031 -0.03869629
0.21289062 0.78009033 -0.58703613 -0.039733887
0.22332764 0.78479004 -0.57684326 -0.039001465
0.23529053 0.7897339 -0.56536865 -0.036499023
0.24871826 0.79473877 -0.55267334 -0.03265381
0.26361084 0.79956055 -0.5389404 -0.027770996
0.27954102 0.80426025 -0.5239258 -0.021911621
0.29644775 0.8088989 -0.5075073 -0.015136719
0.3139038 0.8133545 -0.4897461 -0.0072021484
0.33135986 0.817688 -0.4706421 0.0020751953
0.34875488 0.82196045 -0.45013428 0.012634277
0.3661499 0.8256836 -0.4284668 0.024414062
0.383667 0.82855225 -0.40612793 0.037109375
0.40307617 0.8294678 -0.38336182 0.05065918
0.42156982 0.82910156 -0.36175537 0.062927246
0.43518066 0.8289795 -0.34332275 0.07489014
0.44628906 0.8286743 -0.32684326 0.08569336
0.45715332 0.8279419 -0.31018066 0.09637451
0.4638672 0.8277588 -0.29815674 0.103759766
0.47045898 0.82733154 -0.28607178 0.11114502
0.47436523 0.8272095 -0.2786255 0.11450195
0.4781494 0.82702637 -0.27111816 0.11785889
0.48028564 0.8269043 -0.26782227 0.117492676
0.48132324 0.8270874 -0.26617432 0.11578369
0.48236084 0.8272705 -0.26446533 0.11413574
0.48156738 0.8279419 -0.26519775 0.11077881
0.4800415 0.8288574 -0.26660156 0.1071167
0.47802734 0.82995605 -0.26837158 0.10333252
0.4755249 0.83117676 -0.27038574 0.09967041
0.47283936 0.83239746 -0.272583 0.09625244
0.46984863 0.8336792 -0.2748413 0.09320068
0.4668579 0.83483887 -0.2772827 0.0904541
