147.9375 58.75 -28.875
148 58.625 -29
148.125 58.5 -29.0625
148.1875 58.4375 -29.125
148.3125 58.4375 -29.1875
148.375 58.375 -29.25
148.4375 58.3125 -29.3125
148.4375 58.25 -29.375
148.5 58.1875 -29.4375
148.5 58.125 -29.5
148.5625 58.0625 -29.5625
148.625 58.0625 -29.5625
148.75 58.0625 -29.625
148.875 58.0625 -29.6875
148.9375 58.0625 -29.75
149.0625 58.0625 -29.75
149.125 58 -29.75
149.1875 58 -29.75
149.25 57.9375 -29.75
149.625 58.1875 -28.9375
150 58.375 -28.1875
150.0625 58.3125 -28.1875
150.1875 58.3125 -28.1875
150.3125 58.25 -28.1875
150.375 58.25 -28.125
150.5 58.1875 -28.125
150.625 58.1875 -28.0625
150.75 58.0625 -28
150.875 58 -27.875
150.9375 57.875 -27.75
151.0625 57.6875 -27.625
151.1875 57.5625 -27.5
151.3125 57.375 -27.25
151.5 57.1875 -27
151.625 56.9375 -26.75
151.8125 56.6875 -26.4375
152 56.4375 -26.125
152.125 56.125 -25.75
152.3125 55.75 -25.3125
152.5625 55.375 -24.9375
152.8125 54.875 -24.5
153.0625 54.375 -24
153.375 53.8125 -23.5
153.6875 53.125 -23
154.0625 52.3125 -22.4375
154.4375 51.4375 -21.75
154.75 50.4375 -21.0625
155.125 49.375 -20.3125
155.5 48.25 -19.5625
155.9375 47 -18.8125
156.375 45.6875 -18.125
66.875 44.3125 -17.375
67.4375 42.875 -16.75
68 41.4375 -16.125
68.5 40 -15.375
69 38.5625 -14.625
69.5 37.125 -13.875
69.9375 35.6875 -13.25
70.375 34.3125 -12.6875
70.875 32.875 -12.125
71.375 31.5625 -11.625
71.8125 30.1875 -11.125
72.25 28.875 -10.625
72.6875 27.625 -10.1875
73.125 26.3125 -9.8125
73.5625 25 -9.4375
73.9375 23.75 -9.0625
74.25 22.5 -8.75
74.5625 21.25 -8.4375
74.75 20 -8.25
75 18.6875 -8.0625
75.125 17.4375 -7.875
75.3125 16.1875 -7.6875
75.4375 14.875 -7.5625
75.5625 13.625 -7.4375
75.5625 12.3125 -7.375
75.5625 11 -7.3125
75.5625 9.6875 -7.3125
75.5 8.375 -7.3125
75.5 7.125 -7.25
75.5625 5.875 -7.25
75.625 4.75 -7.1875
75.625 3.625 -7.0625
75.6875 2.625 -7.0625
75.6875 1.625 -6.9375
75.6875 0.6875 -6.875
75.625 -0.0625 -6.8125
75.6875 -0.875 -6.75
75.6875 -1.625 -6.75
75.8125 -2.3125 -6.75
75.875 -2.875 -6.6875
75.9375 -3.4375 -6.6875
76 -4 -6.6875
76.125 -4.5 -6.625
76.1875 -4.9375 -6.5625
76.25 -5.3125 -6.5
76.3125 -5.75 -6.375
76.375 -6.125 -6.3125
76.5 -6.5 -6.3125
76.5625 -6.875 -6.25
76.5625 -7.1875 -6.25
76.625 -7.4375 -6.3125
76.625 -7.625 -6.375
76.5625 -7.75 -6.375
76.5 -7.75 -6.4375
76.4375 -7.75 -6.5625
76.375 -7.6875 -6.6875
76.3125 -7.5625 -6.8125
76.25 -7.4375 -6.9375
76.1875 -7.3125 -7.125
76.1875 -7.1875 -7.25
76.1875 -7.0625 -7.375
76.25 -6.875 -7.5625
76.3125 -6.75 -7.6875
76.4375 -6.625 -7.8125
76.625 -6.5 -7.9375
76.8125 -6.3125 -8.125
77.0625 -6.125 -8.25
77.375 -5.9375 -8.4375
77.6875 -5.75 -8.625
78 -5.5 -8.8125
78.375 -5.25 -9.0625
78.875 -5 -9.25
79.375 -4.6875 -9.4375
79.9375 -4.375 -9.625
80.5625 -4.0625 -9.75
81.1875 -3.75 -9.9375
81.8125 -3.4375 -10.125
82.5 -3.125 -10.375
83.25 -2.8125 -10.5625
84 -2.4375 -10.75
84.8125 -2.125 -10.875
85.625 -1.75 -11
86.4375 -1.375 -11.1875
87.25 -1 -11.3125
88.0625 -0.5625 -11.4375
88.9375 -0.1875 -11.5625
89.75 0.1875 -11.625
90.625 0.625 -11.6875
91.5 1.0625 -11.6875
92.25 1.5 -11.6875
93 1.875 -11.6875
93.6875 2.25 -11.6875
94.375 2.5625 -11.6875
95 2.875 -11.6875
95.5625 3.1875 -11.6875
96.125 3.4375 -11.6875
96.625 3.625 -11.75
97.0625 3.75 -11.8125
