8.37 -2.47 4.46
8.36 -2.48 4.47
8.36 -2.49 4.47
8.35 -2.5 4.47
8.35 -2.51 4.48
8.34 -2.52 4.48
8.34 -2.53 4.49
8.33 -2.54 4.5
8.32 -2.54 4.5
8.32 -2.55 4.5
8.32 -2.56 4.5
8.32 -2.56 4.5
8.32 -2.56 4.49
8.32 -2.57 4.49
8.32 -2.57 4.5
8.32 -2.57 4.5
8.31 -2.58 4.5
8.31 -2.58 4.51
8.33 -2.5 4.51
8.35 -2.42 4.52
8.34 -2.43 4.53
8.34 -2.43 4.53
8.34 -2.43 4.54
8.34 -2.43 4.54
8.33 -2.43 4.55
8.33 -2.43 4.56
8.32 -2.43 4.57
8.31 -2.43 4.59
8.3 -2.43 4.61
8.29 -2.43 4.63
8.27 -2.42 4.66
8.26 -2.42 4.69
8.24 -2.41 4.72
8.22 -2.4 4.76
8.2 -2.39 4.81
8.17 -2.38 4.86
8.14 -2.37 4.91
8.1 -2.36 4.98
8.07 -2.34 5.05
8.02 -2.33 5.12
7.97 -2.32 5.21
7.91 -2.31 5.3
7.84 -2.3 5.41
7.76 -2.28 5.53
7.67 -2.26 5.67
7.56 -2.24 5.82
7.44 -2.21 5.98
7.31 -2.18 6.15
7.17 -2.16 6.32
7.02 -2.13 6.5
6.85 -2.1 6.69
6.67 -2.07 6.87
6.49 -2.04 7.05
6.3 -1.99 7.24
6.11 -1.93 7.41
5.92 -1.87 7.58
5.72 -1.82 7.74
5.53 -1.78 7.9
5.33 -1.73 8.04
5.13 -1.68 8.18
4.93 -1.63 8.31
4.74 -1.58 8.43
4.54 -1.54 8.54
4.35 -1.5 8.65
4.15 -1.46 8.76
3.95 -1.41 8.85
3.76 -1.38 8.95
3.56 -1.34 9.03
3.35 -1.32 9.11
3.15 -1.3 9.19
2.94 -1.28 9.26
2.73 -1.26 9.33
2.52 -1.25 9.39
2.31 -1.23 9.44
2.09 -1.23 9.5
1.87 -1.22 9.54
1.65 -1.23 9.58
1.43 -1.24 9.62
1.21 -1.23 9.65
1.01 -1.23 9.67
0.81 -1.22 9.69
0.62 -1.21 9.71
0.45 -1.2 9.72
0.28 -1.19 9.72
0.12 -1.18 9.73
-0.02 -1.17 9.73
-0.15 -1.16 9.73
-0.28 -1.16 9.73
-0.39 -1.15 9.73
-0.5 -1.14 9.72
-0.59 -1.14 9.72
-0.68 -1.14 9.71
-0.76 -1.13 9.71
-0.84 -1.12 9.7
-0.91 -1.11 9.7
-0.98 -1.09 9.69
-1.05 -1.07 9.69
-1.11 -1.07 9.68
-1.17 -1.06 9.67
-1.23 -1.06 9.66
-1.27 -1.07 9.66
-1.3 -1.07 9.65
-1.32 -1.08 9.65
-1.33 -1.09 9.65
-1.32 -1.11 9.65
-1.31 -1.13 9.65
-1.29 -1.15 9.65
-1.27 -1.18 9.65
-1.25 -1.21 9.65
-1.23 -1.23 9.65
-1.2 -1.25 9.65
-1.18 -1.28 9.65
-1.16 -1.3 9.65
-1.13 -1.32 9.64
-1.11 -1.35 9.64
-1.08 -1.38 9.64
-1.05 -1.4 9.64
-1.02 -1.43 9.64
-0.98 -1.46 9.64
-0.94 -1.5 9.64
-0.9 -1.53 9.64
-0.86 -1.57 9.64
-0.81 -1.6 9.64
-0.75 -1.63 9.63
-0.7 -1.66 9.63
-0.64 -1.69 9.63
-0.59 -1.72 9.63
-0.53 -1.76 9.63
-0.48 -1.79 9.62
-0.42 -1.82 9.62
-0.36 -1.85 9.62
-0.3 -1.87 9.61
-0.24 -1.9 9.61
-0.17 -1.92 9.61
-0.1 -1.94 9.61
-0.03 -1.96 9.6
0.04 -1.98 9.6
0.11 -1.99 9.6
0.19 -1.99 9.59
0.26 -1.99 9.59
0.32 -1.99 9.59
0.38 -1.99 9.59
0.44 -1.98 9.59
0.5 -1.98 9.59
0.54 -1.98 9.58
0.58 -1.99 9.58
0.62 -1.99 9.58
0.64 -2 9.57
0.66 -2.01 9.57
0.68 -2.01 9.57
0.69 -2.02 9.56
0.69 -2.03 9.56
0.7 -2.05 9.56
0.7 -2.06 9.55
0.7 -2.08 9.55
0.71 -2.1 9.55
0.71 -2.11 9.54
0.72 -2.12 9.54
0.72 -2.14 9.54
