0.74560547 -0.3717041 -0.3675537 -0.41326904
0.7457886 -0.37225342 -0.36602783 -0.4138794
0.74572754 -0.37280273 -0.36480713 -0.41455078
0.7454834 -0.37335205 -0.36383057 -0.4152832
0.74523926 -0.37390137 -0.3630371 -0.4159546
0.7451172 -0.3743286 -0.3623047 -0.41644287
0.74505615 -0.37475586 -0.36151123 -0.41687012
0.7451172 -0.37512207 -0.36065674 -0.41711426
0.7451172 -0.37548828 -0.35992432 -0.4173584
0.7451172 -0.3758545 -0.35931396 -0.41766357
0.7449341 -0.37628174 -0.35876465 -0.4180298
0.74468994 -0.37677002 -0.3583374 -0.41845703
0.7442627 -0.37731934 -0.35791016 -0.41906738
0.7437744 -0.3779297 -0.3574829 -0.4197998
0.74328613 -0.37841797 -0.3569336 -0.42053223
0.74298096 -0.3788452 -0.3564453 -0.4212036
0.74279785 -0.37908936 -0.355896 -0.42175293
0.7426758 -0.37921143 -0.35546875 -0.42218018
0.7425537 -0.37939453 -0.3550415 -0.42266846
0.74139404 -0.3768921 -0.3571167 -0.42523193
0.7402344 -0.37457275 -0.35894775 -0.42767334
0.74005127 -0.3748169 -0.3583374 -0.4282837
0.7398071 -0.37512207 -0.35772705 -0.42895508
0.73950195 -0.3753662 -0.35723877 -0.4296875
0.7391968 -0.37554932 -0.35668945 -0.43048096
0.7388916 -0.37573242 -0.35601807 -0.43133545
0.73864746 -0.3758545 -0.35528564 -0.43225098
0.73864746 -0.37579346 -0.35437012 -0.4331665
0.7387085 -0.37554932 -0.35333252 -0.43408203
0.7388916 -0.3751831 -0.3522339 -0.43499756
0.7390747 -0.37475586 -0.35095215 -0.4360962
0.73931885 -0.37420654 -0.3494873 -0.43737793
0.73950195 -0.37353516 -0.34796143 -0.43878174
0.7398071 -0.37261963 -0.3463745 -0.44030762
0.74017334 -0.37158203 -0.34466553 -0.44195557
0.7406616 -0.37036133 -0.3427124 -0.44366455
0.741272 -0.36889648 -0.34057617 -0.4454956
0.7420044 -0.3671875 -0.3381958 -0.44750977
0.7428589 -0.36523438 -0.3355713 -0.449646
0.7437744 -0.36315918 -0.33251953 -0.45202637
0.744751 -0.3609619 -0.32910156 -0.4547119
0.7457886 -0.35858154 -0.32513428 -0.45776367
0.74694824 -0.355896 -0.32061768 -0.4611206
0.748291 -0.3527832 -0.3154297 -0.4649048
0.74975586 -0.34918213 -0.3095703 -0.4691162
0.7515869 -0.34484863 -0.3031006 -0.4736328
0.7536621 -0.3397827 -0.2962036 -0.47839355
0.75842285 -0.32788086 -0.28070068 -0.48840332
0.75842285 -0.32788086 -0.28070068 -0.48840332
0.7608032 -0.32141113 -0.27215576 -0.4937744
0.76312256 -0.3145752 -0.2631836 -0.49938965
0.7652588 -0.30749512 -0.25360107 -0.50549316
0.7670288 -0.30041504 -0.2434082 -0.5120239
0.76867676 -0.29278564 -0.23321533 -0.51867676
0.77038574 -0.2843628 -0.22357178 -0.5250244
0.77215576 -0.27539062 -0.21447754 -0.53100586
0.7737427 -0.26635742 -0.20550537 -0.53674316
0.7751465 -0.25769043 -0.19647217 -0.5423584
0.7762451 -0.24926758 -0.1873169 -0.5479126
0.77716064 -0.24078369 -0.17834473 -0.55340576
0.77789307 -0.23236084 -0.16967773 -0.5587158
0.7784424 -0.22393799 -0.16131592 -0.5638428
0.77911377 -0.20770264 -0.14471436 -0.5734863
0.77923584 -0.19970703 -0.13647461 -0.57818604
0.77923584 -0.19970703 -0.13647461 -0.57818604
0.7792969 -0.19165039 -0.12841797 -0.5826416
0.77941895 -0.18365479 -0.12060547 -0.58673096
0.779541 -0.17578125 -0.11279297 -0.5904541
0.7798462 -0.16809082 -0.1048584 -0.59375
0.7803345 -0.1605835 -0.09655762 -0.5966797
0.78082275 -0.1531372 -0.088256836 -0.5991821
0.7819214 -0.13812256 -0.07183838 -0.6036377
0.78240967 -0.13067627 -0.0635376 -0.6055908
0.78302 -0.123291016 -0.054992676 -0.6071167
0.7838745 -0.1159668 -0.04626465 -0.60821533
0.7848511 -0.10882568 -0.037353516 -0.6088867
0.78582764 -0.101989746 -0.028137207 -0.60931396
0.7866821 -0.095214844 -0.018981934 -0.6096802
0.7872925 -0.088256836 -0.010437012 -0.6101074
0.78759766 -0.08154297 -0.002319336 -0.6107788
0.7877197 -0.07495117 0.0053710938 -0.6114502
0.78778076 -0.068725586 0.012634277 -0.6119995
0.7878418 -0.062805176 0.019592285 -0.6123657
0.7880249 -0.057006836 0.025878906 -0.6124878
0.788208 -0.051635742 0.031921387 -0.61242676
0.78826904 -0.046569824 0.03753662 -0.61242676
0.788208 -0.041931152 0.04272461 -0.6124878
0.78790283 -0.037963867 0.047851562 -0.61273193
0.7874756 -0.034179688 0.05230713 -0.6131592
0.7869873 -0.030517578 0.05621338 -0.61364746
0.786438 -0.027282715 0.060058594 -0.61413574
0.7858887 -0.024353027 0.06359863 -0.614624
0.78533936 -0.021484375 0.06677246 -0.6151123
0.78479004 -0.018615723 0.06958008 -0.61553955
0.78430176 -0.015686035 0.07196045 -0.61602783
0.7838135 -0.012817383 0.07421875 -0.61639404
0.7833252 -0.010070801 0.076416016 -0.6168213
0.7827759 -0.0076293945 0.07885742 -0.6171875
0.7822876 -0.0053710938 0.08117676 -0.6175537
0.7819214 -0.0037841797 0.083496094 -0.61779785
0.78167725 -0.0026245117 0.08538818 -0.6178589
0.7816162 -0.0018310547 0.08679199 -0.6177368
0.7817383 -0.0015258789 0.087646484 -0.61743164
0.7819824 -0.0018310547 0.088256836 -0.6170044
0.78234863 -0.002746582 0.08862305 -0.6165161
0.78271484 -0.0040283203 0.08880615 -0.6159668
0.78308105 -0.005554199 0.08892822 -0.6154785
0.78344727 -0.0072631836 0.08892822 -0.61505127
0.78344727 -0.0072631836 0.08892822 -0.61505127
0.7836304 -0.009094238 0.08886719 -0.6147461
0.78375244 -0.010864258 0.08862305 -0.614624
0.7836914 -0.012512207 0.088378906 -0.61468506
0.7835083 -0.014160156 0.088134766 -0.61499023
0.78302 -0.01574707 0.08795166 -0.6154785
0.78240967 -0.01739502 0.087768555 -0.616333
0.7814331 -0.019104004 0.08758545 -0.6174927
0.7802124 -0.020874023 0.087402344 -0.61901855
0.7788086 -0.022705078 0.08709717 -0.62072754
0.7772827 -0.024719238 0.08685303 -0.62268066
0.77557373 -0.026855469 0.08654785 -0.6246948
0.77368164 -0.029174805 0.086242676 -0.6269531
0.7715454 -0.031677246 0.08581543 -0.62957764
0.76898193 -0.034240723 0.08526611 -0.6326294
0.7661133 -0.036743164 0.084472656 -0.63604736
0.7628784 -0.039245605 0.08355713 -0.6398926
0.75946045 -0.04168701 0.08258057 -0.6439209
0.7558594 -0.04425049 0.081604004 -0.6480713
0.75213623 -0.04699707 0.08087158 -0.65234375
0.74816895 -0.049804688 0.08026123 -0.6567383
0.7439575 -0.052490234 0.07965088 -0.66137695
0.7394409 -0.054992676 0.07891846 -0.6663208
0.73461914 -0.057495117 0.078063965 -0.6715088
0.72979736 -0.059936523 0.07702637 -0.6766968
0.7248535 -0.0625 0.0758667 -0.68182373
0.7199707 -0.06524658 0.074645996 -0.68688965
0.71502686 -0.067993164 0.07336426 -0.69189453
0.70996094 -0.070739746 0.07183838 -0.6970215
0.7046509 -0.07342529 0.07019043 -0.7022095
0.6993408 -0.07598877 0.068359375 -0.7074585
0.6940918 -0.078308105 0.06640625 -0.7125244
0.6890869 -0.080444336 0.06451416 -0.7173462
0.6843872 -0.082458496 0.062683105 -0.7217407
0.67993164 -0.08441162 0.060913086 -0.7258301
0.67578125 -0.086120605 0.0592041 -0.7296753
0.6717529 -0.08770752 0.057739258 -0.73327637
0.66796875 -0.08929443 0.056640625 -0.7366333
0.66430664 -0.09069824 0.055908203 -0.7398071
0.66101074 -0.09197998 0.055358887 -0.7426758
0.65802 -0.09295654 0.05505371 -0.74523926
0.65545654 -0.093811035 0.05493164 -0.7473755
0.6533203 -0.09448242 0.054992676 -0.7491455
0.65167236 -0.09503174 0.055236816 -0.7504883
0.6503296 -0.095581055 0.055603027 -0.7515259
0.649353 -0.096191406 0.056152344 -0.7522583
0.64868164 -0.09680176 0.056762695 -0.7527466
0.6481323 -0.09741211 0.057373047 -0.75305176
0.64782715 -0.098083496 0.057861328 -0.75323486
0.647522 -0.09869385 0.058288574 -0.75335693
0.6473999 -0.099365234 0.05871582 -0.75335693
0.64733887 -0.099975586 0.059143066 -0.7532959
0.6473999 -0.10058594 0.059631348 -0.7531128
0.647583 -0.10119629 0.0602417 -0.75286865
0.6477051 -0.10180664 0.060913086 -0.7525635
0.64782715 -0.10241699 0.061645508 -0.75231934
0.64801025 -0.103027344 0.06237793 -0.7520752
0.6480713 -0.103515625 0.06311035 -0.75183105
0.6480713 -0.104003906 0.06378174 -0.751709
0.6478882 -0.10449219 0.064331055 -0.75177
0.6468506 -0.10583496 0.064453125 -0.75250244
