247.0625 22.25 -110.1875
247.4375 22.3125 -110.0625
247.75 22.5 -109.9375
247.9375 22.75 -109.875
248.0625 23.0625 -109.8125
248.125 23.4375 -109.75
248.0625 23.875 -109.75
248 24.375 -109.75
247.9375 24.8125 -109.8125
247.8125 25.25 -109.9375
247.625 25.5625 -110.125
247.5 25.75 -110.375
247.25 25.8125 -110.6875
247 25.75 -111
246.6875 25.5 -111.4375
246.3125 25.0625 -111.9375
245.8125 24.375 -112.5
245.3125 23.5 -113.0625
244.8125 22.4375 -113.6875
244.1875 21.1875 -114.3125
243.5 19.6875 -115
242.6875 18.0625 -115.6875
241.8125 16.25 -116.3125
240.875 14.25 -117
239.875 12.125 -117.625
238.75 9.9375 -118.1875
237.625 7.625 -118.6875
236.5625 5.375 -119.125
235.5 3.1875 -119.5625
234.4375 1.0625 -120
233.5 -0.875 -120.25
232.625 -2.6875 -120.5
231.875 -4.25 -120.8125
231.125 -5.5625 -121.0625
230.5 -6.5 -121.3125
229.875 -7.125 -121.625
229.5 -7.3125 -121.9375
229.125 -7.1875 -122.375
228.9375 -6.75 -122.875
228.8125 -6 -123.5
228.8125 -5.0625 -124.125
228.8125 -3.9375 -124.8125
228.9375 -2.5625 -125.5
229.0625 -1 -126.25
229.1875 0.75 -127
229.3125 2.6875 -127.75
229.5 4.8125 -128.4375
229.6875 7.0625 -129.0625
229.875 9.5 -129.625
230.125 12.0625 -130.125
230.4375 14.6875 -130.5
230.8125 17.3125 -131.125
231.0625 19.8125 -131.375
231.3125 22.1875 -131.6875
231.5 24.375 -131.875
231.5625 26.375 -131.8125
231.625 28 -131.8125
231.5625 29.375 -131.75
231.4375 30.375 -131.9375
231.125 30.9375 -131.9375
230.75 31 -132.125
230.375 30.6875 -132.375
230 29.9375 -132.8125
229.5625 28.8125 -133.25
229.0625 27.25 -133.75
228.5625 25.4375 -134.3125
228.0625 23.375 -134.875
227.5 21.125 -135.5
226.9375 18.625 -136.125
226.25 16 -136.75
225.5625 13.3125 -137.375
224.875 10.4375 -137.9375
224.125 7.5 -138.4375
223.375 4.5 -138.875
222.5625 1.5 -139.375
221.6875 -1.3125 -139.75
220.75 -4.0625 -139.8125
219.75 -6.5625 -139.875
218.6875 -8.75 -140.0625
217.6875 -10.6875 -140.1875
216.625 -12.25 -140.3125
215.5625 -13.5 -140.375
214.5 -14.3125 -140.4375
213.5 -14.6875 -140.625
212.5 -14.6875 -140.875
211.5 -14.1875 -141.25
210.5625 -13.3125 -141.75
209.6875 -12 -142.375
208.75 -10.3125 -143.125
207.875 -8.3125 -143.9375
206.9375 -5.9375 -144.875
205.9375 -3.375 -145.8125
205.0625 -0.5625 -146.8125
204.1875 2.375 -147.875
203.375 5.5 -149.0625
202.5625 8.8125 -150.125
201.8125 12.25 -151.1875
201.0625 15.8125 -152.375
200.375 19.5625 -153.6875
199.625 23.375 -155
198.9375 27.0625 -156.1875
198.125 30.75 -157.125
197.3125 34.375 -158
196.4375 37.875 -158.8125
195.625 41.0625 -159.5
194.75 44 -160.1875
249.4375 46.4375 -160.9375
252 48.4375 -161.6875
253.875 50 -162.375
255.125 51.0625 -162.9375
256 51.75 -163.5
256.4375 52.0625 -163.9375
256.5625 52.125 -164.25
256.4375 51.9375 -164.5
256.0625 51.625 -164.625
255.5 51.1875 -164.5625
254.8125 50.75 -164.4375
254.0625 50.25 -164.25
