3.73 -8.51 -3.11
3.75 -8.51 -3.09
3.79 -8.5 -3.07
3.84 -8.48 -3.05
3.9 -8.46 -3.04
3.97 -8.43 -3.02
4.05 -8.4 -3.02
4.12 -8.36 -3.02
4.18 -8.33 -3.02
4.23 -8.3 -3.04
4.26 -8.27 -3.07
4.27 -8.25 -3.11
4.26 -8.24 -3.17
4.22 -8.23 -3.23
4.15 -8.23 -3.32
4.05 -8.24 -3.42
3.91 -8.26 -3.52
3.74 -8.29 -3.64
3.54 -8.32 -3.76
3.31 -8.36 -3.9
3.04 -8.4 -4.04
2.74 -8.43 -4.18
2.41 -8.46 -4.31
2.06 -8.49 -4.44
1.69 -8.51 -4.56
1.31 -8.52 -4.67
0.92 -8.52 -4.75
0.54 -8.51 -4.83
0.18 -8.48 -4.9
-0.15 -8.46 -4.94
-0.46 -8.43 -4.97
-0.73 -8.39 -5.01
-0.95 -8.35 -5.03
-1.11 -8.31 -5.07
-1.21 -8.28 -5.1
-1.25 -8.25 -5.14
-1.23 -8.21 -5.21
-1.15 -8.17 -5.29
-1.03 -8.13 -5.38
-0.87 -8.08 -5.48
-0.67 -8.03 -5.58
-0.44 -7.97 -5.69
-0.17 -7.9 -5.8
0.12 -7.82 -5.9
0.46 -7.74 -6
0.82 -7.64 -6.08
1.21 -7.55 -6.13
1.62 -7.44 -6.17
2.05 -7.33 -6.18
2.48 -7.2 -6.16
2.92 -7.05 -6.15
3.32 -6.91 -6.1
3.7 -6.77 -6.03
4.05 -6.64 -5.96
4.35 -6.54 -5.86
4.61 -6.44 -5.77
4.81 -6.36 -5.69
4.96 -6.29 -5.65
5.04 -6.25 -5.62
5.05 -6.22 -5.63
5.01 -6.22 -5.68
4.89 -6.23 -5.77
4.72 -6.25 -5.88
4.49 -6.29 -6.02
4.22 -6.33 -6.18
3.89 -6.37 -6.35
3.53 -6.41 -6.52
3.13 -6.43 -6.7
2.71 -6.45 -6.86
2.25 -6.45 -7.02
1.78 -6.45 -7.16
1.28 -6.44 -7.27
0.77 -6.42 -7.37
0.26 -6.38 -7.44
-0.23 -6.32 -7.48
-0.69 -6.3 -7.47
-1.12 -6.27 -7.44
-1.49 -6.21 -7.43
-1.81 -6.16 -7.4
-2.08 -6.11 -7.37
-2.29 -6.07 -7.34
-2.43 -6.04 -7.32
-2.49 -6 -7.33
-2.49 -5.97 -7.36
-2.41 -5.94 -7.41
-2.26 -5.9 -7.49
-2.04 -5.85 -7.59
-1.76 -5.78 -7.71
-1.42 -5.7 -7.84
-1.02 -5.6 -7.97
-0.58 -5.49 -8.1
-0.1 -5.36 -8.21
0.4 -5.2 -8.3
0.94 -5.01 -8.37
1.5 -4.82 -8.4
2.08 -4.61 -8.39
2.67 -4.36 -8.36
3.29 -4.09 -8.28
3.89 -3.8 -8.15
4.46 -3.52 -7.98
5.01 -3.26 -7.76
5.54 -3.02 -7.5
6.02 -2.79 -7.21
6.44 -2.58 -6.92
6.81 -2.38 -6.63
7.11 -2.2 -6.38
7.34 -2.04 -6.17
7.51 -1.9 -6
7.63 -1.8 -5.88
7.7 -1.72 -5.82
7.73 -1.66 -5.79
7.74 -1.63 -5.79
7.72 -1.61 -5.82
7.69 -1.61 -5.86
7.64 -1.62 -5.91
7.59 -1.65 -5.97
7.54 -1.69 -6.03
7.48 -1.75 -6.08
