0.3164673 -0.6769409 0.44909668 -0.48986816
0.31469727 -0.6750488 0.45080566 -0.49194336
0.31274414 -0.6734009 0.4520874 -0.49432373
0.31030273 -0.6720581 0.4529419 -0.4968872
0.303833 -0.6704712 0.45343018 -0.5025635
0.303833 -0.6704712 0.45343018 -0.5025635
0.30004883 -0.670166 0.453125 -0.50549316
0.29608154 -0.67022705 0.45257568 -0.50823975
0.29223633 -0.6706543 0.4519043 -0.51049805
0.2886963 -0.6713867 0.45129395 -0.51208496
0.28570557 -0.67248535 0.45080566 -0.51275635
0.28363037 -0.6739502 0.45031738 -0.51239014
0.28277588 -0.67578125 0.4498291 -0.5109253
0.28308105 -0.67822266 0.44921875 -0.5079956
0.2849121 -0.6812744 0.4484253 -0.5036621
0.28814697 -0.68499756 0.44750977 -0.49743652
0.2930298 -0.68933105 0.44647217 -0.48944092
0.29968262 -0.6940918 0.44525146 -0.4798584
0.3076172 -0.69921875 0.44384766 -0.46850586
0.31695557 -0.70477295 0.44213867 -0.45532227
0.3274536 -0.7109375 0.44000244 -0.44024658
0.3390503 -0.71746826 0.43737793 -0.4230957
0.3515625 -0.72442627 0.434021 -0.4039917
0.36486816 -0.7315674 0.4300537 -0.38305664
0.378479 -0.73876953 0.42547607 -0.36047363
0.3920288 -0.74591064 0.42022705 -0.33666992
0.40545654 -0.7525635 0.41448975 -0.3121338
0.4182129 -0.75878906 0.40838623 -0.28735352
0.42962646 -0.7645874 0.4022827 -0.26263428
0.43927002 -0.77001953 0.3965454 -0.23840332
0.4487915 -0.7741699 0.390625 -0.21600342
0.45648193 -0.77789307 0.38519287 -0.19525146
0.4616089 -0.7817383 0.3803711 -0.1765747
0.46606445 -0.784729 0.37561035 -0.16088867
0.4683838 -0.7877197 0.371521 -0.14855957
0.46929932 -0.7904053 0.36798096 -0.13983154
0.46813965 -0.7930298 0.36566162 -0.13513184
0.4649048 -0.79577637 0.36419678 -0.1338501
0.460083 -0.79852295 0.36364746 -0.13568115
0.45373535 -0.80126953 0.3638916 -0.14019775
0.44592285 -0.8040161 0.3649292 -0.14697266
0.43676758 -0.8066406 0.36645508 -0.15582275
0.42651367 -0.80908203 0.36846924 -0.16644287
0.41503906 -0.8114624 0.3706665 -0.1786499
0.4022827 -0.8137207 0.37280273 -0.19244385
0.38848877 -0.81573486 0.37487793 -0.2076416
0.37390137 -0.81726074 0.37695312 -0.22406006
0.35858154 -0.81811523 0.3789673 -0.24188232
0.3425293 -0.8182373 0.38098145 -0.26080322
0.32580566 -0.817688 0.38293457 -0.28045654
0.30847168 -0.8162842 0.38476562 -0.30078125
0.28894043 -0.8148804 0.38720703 -0.32025146
0.27197266 -0.81256104 0.38842773 -0.33892822
0.25549316 -0.8101196 0.38928223 -0.35620117
0.24029541 -0.8074951 0.38964844 -0.37194824
0.2277832 -0.8046875 0.38916016 -0.38623047
0.21704102 -0.80218506 0.3883667 -0.39813232
0.2086792 -0.80041504 0.3869629 -0.40753174
0.2019043 -0.7998657 0.38537598 -0.41351318
0.19891357 -0.8001709 0.3829956 -0.4165039
0.19854736 -0.80163574 0.38061523 -0.41601562
0.20056152 -0.8041992 0.378479 -0.41204834
0.20465088 -0.80773926 0.37670898 -0.4046631
0.2107544 -0.8121338 0.37506104 -0.394104
0.2185669 -0.8173218 0.37347412 -0.3805542
0.22766113 -0.822937 0.3717041 -0.36437988
0.23773193 -0.82891846 0.369812 -0.34588623
0.24816895 -0.835083 0.36779785 -0.3251953
0.25860596 -0.84143066 0.36541748 -0.30249023
0.26904297 -0.84783936 0.36260986 -0.2781372
0.27941895 -0.8539429 0.3591919 -0.25238037
0.28979492 -0.8596802 0.35528564 -0.2253418
0.2999878 -0.8648071 0.35095215 -0.19732666
0.30950928 -0.8694458 0.3461914 -0.16851807
0.3180542 -0.8736572 0.3408203 -0.1394043
0.32562256 -0.8773804 0.33447266 -0.11071777
0.3343506 -0.8798828 0.32702637 -0.08392334
0.3416748 -0.8820801 0.3190918 -0.058654785
0.34606934 -0.8845215 0.31085205 -0.035339355
0.34979248 -0.8864746 0.30255127 -0.014770508
0.3519287 -0.88861084 0.29418945 0.0029296875
0.3544922 -0.8925171 0.2774048 0.028686523
0.35302734 -0.89520264 0.26953125 0.0357666
0.35076904 -0.89819336 0.26208496 0.039001465
0.34710693 -0.9017334 0.25482178 0.038330078
0.34161377 -0.9058838 0.2479248 0.03387451
0.3345337 -0.9105835 0.24139404 0.025817871
0.3345337 -0.9105835 0.24139404 0.025817871
0.32598877 -0.9155884 0.23498535 0.014526367
0.315979 -0.9208374 0.22851562 0.00024414062
0.30474854 -0.9260864 0.22192383 -0.016601562
0.29248047 -0.9310913 0.21496582 -0.0357666
0.27947998 -0.9356079 0.20819092 -0.05670166
0.26538086 -0.93951416 0.20159912 -0.07910156
0.2498169 -0.94281006 0.19525146 -0.10290527
0.23468018 -0.94488525 0.18896484 -0.12817383
0.21868896 -0.9459839 0.18261719 -0.15460205
0.20141602 -0.946167 0.17626953 -0.18188477
0.1829834 -0.9451294 0.16992188 -0.21051025
0.16418457 -0.94299316 0.16351318 -0.2388916
0.14672852 -0.93951416 0.15667725 -0.2668457
0.13122559 -0.9346924 0.14923096 -0.29473877
0.11694336 -0.928772 0.14154053 -0.32196045
0.10412598 -0.9219971 0.13366699 -0.34814453
0.09307861 -0.914917 0.12554932 -0.37219238
0.08282471 -0.90808105 0.11779785 -0.3932495
0.07434082 -0.9019165 0.10998535 -0.41107178
0.06732178 -0.8966675 0.10290527 -0.42523193
0.061706543 -0.89263916 0.09674072 -0.43585205
0.057617188 -0.8898926 0.091552734 -0.44317627
0.05493164 -0.8883667 0.08721924 -0.44744873
0.053344727 -0.8878784 0.083740234 -0.4492798
0.052734375 -0.8882446 0.08081055 -0.4491577
0.05303955 -0.8892822 0.07836914 -0.44750977
0.054138184 -0.89068604 0.07635498 -0.44488525
0.05596924 -0.89227295 0.07489014 -0.44171143
0.05822754 -0.8939209 0.07409668 -0.4381714
0.06072998 -0.8955078 0.07409668 -0.4345703
