242.6875 31.0625 -119.5
242.9375 31.6875 -119.25
243.25 32.1875 -119.0625
243.5625 32.75 -119
243.875 33.25 -119
244.1875 33.6875 -119.0625
244.4375 34.1875 -119.25
244.6875 34.6875 -119.5625
244.875 35.1875 -119.875
244.875 35.75 -120.25
244.75 36.3125 -120.5625
244.5625 36.75 -120.875
244.25 37.125 -121.125
243.9375 37.25 -121.375
243.625 37.1875 -121.6875
243.375 36.875 -122
243.125 36.25 -122.375
242.875 35.25 -122.875
242.6875 33.9375 -123.375
242.5 32.3125 -124
242.3125 30.3125 -124.625
242.125 28 -125.25
241.9375 25.4375 -125.875
241.8125 22.6875 -126.5625
241.625 19.8125 -127.1875
241.4375 16.75 -127.8125
241.25 13.6875 -128.375
241 10.5625 -128.9375
240.6875 7.5 -129.4375
240.375 4.5 -129.875
240 1.6875 -130.125
239.625 -0.875 -130.1875
239.25 -3.125 -130.5
238.8125 -5.125 -130.5625
238.4375 -6.75 -130.625
238.0625 -8.0625 -130.75
237.8125 -8.875 -130.875
237.5 -9.25 -131.125
237.1875 -9.125 -131.5
236.8125 -8.625 -131.9375
236.4375 -7.75 -132.4375
235.9375 -6.5 -133.0625
235.5 -5.0625 -133.75
235 -3.3125 -134.5625
234.4375 -1.4375 -135.4375
233.9375 0.5 -136.375
233.375 2.6875 -137.3125
232.875 5.0625 -138.1875
232.375 7.625 -139.0625
231.9375 10.3125 -139.9375
231.5625 13.1875 -140.9375
231.25 16.1875 -141.875
231 19.3125 -142.875
230.75 22.375 -143.6875
230.5 25.375 -144.375
230.3125 28.25 -145.0625
230.0625 31 -145.5625
229.875 33.5 -146.125
229.6875 35.75 -146.5625
229.5 37.5 -147
229.5 38.8125 -147.5
229.4375 39.4375 -147.8125
229.5 39.4375 -148.0625
229.5625 38.8125 -148.3125
229.75 37.6875 -148.5625
229.9375 36 -148.8125
230.1875 33.9375 -149.1875
230.375 31.5625 -149.5625
230.5625 28.9375 -149.9375
230.75 26 -150.3125
230.875 22.9375 -150.6875
230.9375 19.75 -151.125
231 16.5 -151.4375
231 13.1875 -151.75
231 9.8125 -152.0625
231 6.5625 -152.3125
230.9375 3.3125 -152.625
230.8125 0.1875 -152.8125
230.625 -2.8125 -152.5
230.5 -5.6875 -152.5
230.25 -8.375 -152.5
229.9375 -10.8125 -152.4375
229.5625 -13 -152.3125
229.0625 -14.8125 -152.25
228.5 -16.4375 -152.0625
227.875 -17.625 -151.9375
227.1875 -18.375 -151.9375
226.375 -18.625 -152.0625
225.4375 -18.4375 -152.3125
224.4375 -17.75 -152.6875
223.375 -16.75 -153.125
222.25 -15.375 -153.625
221.0625 -13.625 -154.25
219.875 -11.5625 -154.9375
218.5625 -9.1875 -155.75
217.25 -6.5625 -156.6875
216 -3.75 -157.6875
214.75 -0.8125 -158.8125
213.5 2.1875 -160.125
212.25 5.375 -161.5
211 8.6875 -162.875
209.6875 12.125 -164.1875
208.25 15.8125 -165.5
206.875 19.4375 -166.875
205.375 23.125 -168.375
203.875 26.6875 -169.875
202.4375 30.0625 -171.4375
200.9375 33.125 -173
199.5625 35.9375 -174.75
198.1875 38.6875 -176.625
197.125 40.6875 -178.3125
196.1875 42.1875 -179.75
195.4375 43.3125 179
194.875 44.125 178.0625
194.5625 44.625 177.375
200.4375 44.9375 176.875
290.875 45.0625 176.5625
291.3125 45.125 176.3125
291.625 45.0625 176.1875
201.6875 44.9375 176.125
194 44.75 176.25
193.9375 44.5 176.375
193.875 44.1875 176.5625
193.8125 43.875 176.8125
193.6875 43.625 177.125
193.5625 43.3125 177.4375
193.4375 43.0625 177.75
193.375 42.75 178.1875
193.3125 42.5 178.625
193.25 42.1875 179.0625
193.25 41.875 179.5625
