5.15 -7.27 -4.08
5.23 -7.24 -4.03
5.3 -7.21 -4
5.37 -7.16 -3.98
5.44 -7.12 -3.96
5.51 -7.07 -3.96
5.58 -7.01 -3.97
5.65 -6.94 -3.99
5.73 -6.87 -4.01
5.8 -6.8 -4.02
5.87 -6.73 -4.02
5.92 -6.68 -4.04
5.94 -6.65 -4.06
5.93 -6.64 -4.1
5.88 -6.64 -4.15
5.79 -6.67 -4.23
5.66 -6.72 -4.34
5.48 -6.78 -4.48
5.24 -6.86 -4.63
4.95 -6.96 -4.81
4.61 -7.06 -4.99
4.22 -7.16 -5.19
3.78 -7.26 -5.38
3.32 -7.34 -5.57
2.83 -7.41 -5.75
2.32 -7.46 -5.91
1.8 -7.49 -6.06
1.28 -7.5 -6.18
0.77 -7.5 -6.26
0.29 -7.48 -6.32
-0.15 -7.48 -6.33
-0.54 -7.44 -6.35
-0.88 -7.41 -6.35
-1.16 -7.38 -6.34
-1.37 -7.35 -6.34
-1.52 -7.32 -6.34
-1.58 -7.28 -6.36
-1.56 -7.24 -6.41
-1.47 -7.2 -6.48
-1.32 -7.16 -6.56
-1.11 -7.11 -6.65
-0.86 -7.04 -6.76
-0.57 -6.96 -6.87
-0.25 -6.87 -6.98
0.09 -6.76 -7.1
0.46 -6.64 -7.2
0.86 -6.51 -7.28
1.3 -6.36 -7.34
1.76 -6.2 -7.38
2.24 -6.01 -7.41
2.73 -5.8 -7.41
3.25 -5.58 -7.37
3.74 -5.36 -7.3
4.2 -5.15 -7.2
4.64 -4.94 -7.07
5.05 -4.74 -6.93
5.41 -4.55 -6.78
5.73 -4.37 -6.64
5.97 -4.23 -6.52
6.14 -4.1 -6.44
6.23 -4.02 -6.41
6.23 -3.99 -6.42
6.15 -4.01 -6.49
5.99 -4.04 -6.62
5.77 -4.09 -6.78
5.48 -4.16 -6.98
5.13 -4.22 -7.2
4.74 -4.29 -7.42
4.3 -4.36 -7.65
3.83 -4.41 -7.87
3.32 -4.45 -8.08
2.79 -4.48 -8.26
2.23 -4.51 -8.41
1.68 -4.52 -8.53
1.12 -4.51 -8.63
0.57 -4.49 -8.69
0.03 -4.47 -8.72
-0.48 -4.51 -8.69
-0.98 -4.5 -8.65
-1.43 -4.47 -8.6
-1.84 -4.45 -8.54
-2.2 -4.43 -8.46
-2.51 -4.41 -8.38
-2.77 -4.4 -8.31
-2.97 -4.39 -8.24
-3.09 -4.37 -8.21
-3.13 -4.34 -8.21
-3.1 -4.31 -8.24
-2.99 -4.28 -8.29
-2.83 -4.24 -8.37
-2.6 -4.19 -8.47
-2.31 -4.13 -8.58
-1.96 -4.06 -8.7
-1.57 -3.96 -8.82
-1.12 -3.85 -8.94
-0.64 -3.71 -9.05
-0.14 -3.53 -9.14
0.38 -3.32 -9.21
0.92 -3.09 -9.25
1.48 -2.85 -9.26
2.06 -2.6 -9.22
2.67 -2.35 -9.13
3.27 -2.09 -9
3.85 -1.81 -8.83
4.4 -1.53 -8.62
4.91 -1.25 -8.39
5.36 -0.99 -8.14
5.76 -0.72 -7.9
6.13 -0.44 -7.63
6.39 -0.21 -7.43
6.58 -0.03 -7.26
6.73 0.11 -7.13
6.82 0.23 -7.03
6.89 0.31 -6.96
6.93 0.37 -6.92
6.94 0.4 -6.9
6.95 0.43 -6.9
6.94 0.45 -6.9
6.92 0.46 -6.92
6.9 0.45 -6.94
6.87 0.43 -6.98
6.83 0.41 -7.01
6.8 0.38 -7.05
6.76 0.35 -7.08
6.73 0.31 -7.12
6.69 0.27 -7.15
6.66 0.22 -7.19
6.62 0.17 -7.22
6.59 0.11 -7.26
6.54 0.05 -7.29
6.5 -0.01 -7.34
