0.2177124 -0.71984863 0.4389038 -0.49169922
0.2130127 -0.71759033 0.43945312 -0.49658203
0.20794678 -0.71533203 0.44055176 -0.50097656
0.20257568 -0.71325684 0.44195557 -0.5048218
0.19689941 -0.7114868 0.44360352 -0.5081787
0.190979 -0.70996094 0.4453125 -0.51104736
0.18475342 -0.70880127 0.44714355 -0.5133667
0.17156982 -0.70788574 0.4500122 -0.5166626
0.17156982 -0.70788574 0.4500122 -0.5166626
0.16522217 -0.7081909 0.4505005 -0.51794434
0.15966797 -0.70892334 0.44995117 -0.519104
0.15533447 -0.710022 0.44873047 -0.52001953
0.15246582 -0.7114868 0.4472046 -0.52020264
0.15118408 -0.71325684 0.4456787 -0.51934814
0.15203857 -0.7154541 0.4442749 -0.517334
0.15490723 -0.71795654 0.44335938 -0.51379395
0.159729 -0.72094727 0.44311523 -0.5083008
0.16668701 -0.72454834 0.4434204 -0.50061035
0.17578125 -0.72875977 0.44421387 -0.49053955
0.18713379 -0.7335205 0.44537354 -0.47808838
0.20050049 -0.7387085 0.44677734 -0.46313477
0.21551514 -0.74420166 0.4484253 -0.44573975
0.23156738 -0.7496948 0.45025635 -0.42608643
0.24822998 -0.755188 0.45214844 -0.40447998
0.26513672 -0.76049805 0.45391846 -0.3812256
0.2819214 -0.765625 0.45532227 -0.35650635
0.29821777 -0.7705078 0.4562378 -0.33050537
0.31396484 -0.7750244 0.456604 -0.303833
0.32891846 -0.77905273 0.45635986 -0.27685547
0.3430786 -0.7824707 0.4553833 -0.25030518
0.3562622 -0.7852173 0.45373535 -0.22491455
0.3690796 -0.7869873 0.45129395 -0.20184326
0.37854004 -0.7891846 0.44885254 -0.18011475
0.38720703 -0.7905884 0.4459839 -0.16149902
0.394104 -0.7918091 0.4432373 -0.14581299
0.39855957 -0.7932129 0.44073486 -0.1329956
0.40148926 -0.7943115 0.4387207 -0.12402344
0.40130615 -0.7960205 0.4371338 -0.119140625
0.39874268 -0.7984009 0.4356079 -0.117614746
0.39404297 -0.80133057 0.43395996 -0.119384766
0.38726807 -0.8049927 0.4321289 -0.1239624
0.3786621 -0.809021 0.43011475 -0.13079834
0.36846924 -0.8133545 0.42797852 -0.1395874
0.3564453 -0.81799316 0.4258423 -0.14978027
0.3430786 -0.8227539 0.42364502 -0.1609497
0.32867432 -0.8273926 0.42126465 -0.17303467
0.3133545 -0.8317871 0.4185791 -0.18621826
0.29730225 -0.83569336 0.41577148 -0.20092773
0.28009033 -0.83898926 0.41296387 -0.21704102
0.2614746 -0.8416748 0.41027832 -0.23425293
0.24145508 -0.8436279 0.4078369 -0.25231934
0.22039795 -0.84472656 0.40551758 -0.27105713
0.19805908 -0.84472656 0.40325928 -0.29089355
0.17669678 -0.8438721 0.40075684 -0.30999756
0.15698242 -0.84210205 0.39764404 -0.3287964
0.1373291 -0.8397827 0.39465332 -0.3466797
0.119018555 -0.83691406 0.39135742 -0.36358643
0.10211182 -0.8339844 0.3880005 -0.3788452
0.0871582 -0.8310547 0.38476562 -0.3920288
0.074645996 -0.8284912 0.38232422 -0.40234375
0.06439209 -0.8265991 0.3812256 -0.40893555
0.05871582 -0.82580566 0.38067627 -0.41186523
0.057250977 -0.8261719 0.38104248 -0.41107178
0.059265137 -0.8276367 0.38250732 -0.4064331
0.06390381 -0.8302002 0.38519287 -0.39788818
0.07080078 -0.8336792 0.38861084 -0.3859253
0.07946777 -0.8378296 0.3925171 -0.37091064
0.089660645 -0.8425293 0.39660645 -0.35321045
0.10101318 -0.84747314 0.40063477 -0.33325195
0.11315918 -0.852478 0.40447998 -0.3112793
0.12561035 -0.8574219 0.40795898 -0.28753662
0.13824463 -0.86206055 0.41088867 -0.26245117
0.15130615 -0.866272 0.41326904 -0.23638916
0.16430664 -0.869812 0.41522217 -0.2097168
0.17706299 -0.8727417 0.416687 -0.18273926
0.18908691 -0.87506104 0.4175415 -0.15557861
0.20037842 -0.87683105 0.4177246 -0.12860107
0.21142578 -0.8779907 0.41711426 -0.10235596
0.22528076 -0.87768555 0.4156494 -0.07836914
0.23590088 -0.8774414 0.4140625 -0.05432129
0.24505615 -0.87713623 0.4118042 -0.031555176
0.25378418 -0.8765869 0.4086914 -0.010803223
0.26141357 -0.87628174 0.40460205 0.007751465
0.26776123 -0.87615967 0.40008545 0.024047852
0.27337646 -0.8762207 0.39501953 0.038208008
0.27752686 -0.87677 0.3895874 0.049560547
0.2789917 -0.87835693 0.38391113 0.057556152
0.2781372 -0.8810425 0.37750244 0.06213379
0.2753296 -0.8847046 0.3706665 0.06335449
0.27062988 -0.8892822 0.3635254 0.061340332
0.26428223 -0.89453125 0.35601807 0.056274414
0.25628662 -0.9003906 0.3482666 0.048217773
0.24682617 -0.90667725 0.3400879 0.03753662
0.23571777 -0.91326904 0.33129883 0.024353027
0.22302246 -0.9199829 0.32208252 0.008911133
0.20922852 -0.9265137 0.31262207 -0.008544922
0.19403076 -0.93255615 0.30316162 -0.02758789
0.17718506 -0.9381714 0.2935791 -0.047668457
0.15930176 -0.94299316 0.2838745 -0.068725586
0.1404419 -0.9470825 0.27398682 -0.09057617
0.12158203 -0.9501343 0.26367188 -0.11364746
0.1027832 -0.95214844 0.25268555 -0.13787842
0.0847168 -0.95288086 0.24029541 -0.16461182
0.066589355 -0.95251465 0.22766113 -0.19110107
0.048339844 -0.95098877 0.2144165 -0.21765137
0.031188965 -0.9483032 0.20098877 -0.24353027
0.014709473 -0.94488525 0.1875 -0.26800537
0.00012207031 -0.94085693 0.17401123 -0.29077148
0.014343262 0.93640137 -0.16168213 0.31121826
0.028808594 0.9312134 -0.14916992 0.33135986
0.040283203 0.92700195 -0.13989258 0.3456421
0.0491333 0.923584 -0.1315918 0.35681152
0.05609131 0.9208374 -0.12512207 0.3651123
0.061462402 0.9187622 -0.12042236 0.37091064
0.06549072 0.9173584 -0.117248535 0.37469482
0.068115234 0.9165039 -0.115112305 0.37695312
0.06976318 0.91607666 -0.11383057 0.3781128
0.07128906 0.9159546 -0.11340332 0.37823486
0.07220459 0.9161377 -0.113220215 0.3776245
0.072143555 0.916687 -0.11303711 0.37652588
0.07128906 0.9173584 -0.11273193 0.375
0.070007324 0.9182739 -0.11248779 0.3731079
0.06829834 0.9193115 -0.11206055 0.37097168
0.066223145 0.92041016 -0.11151123 0.36883545
0.06378174 0.9215088 -0.110839844 0.36676025
0.06109619 0.9225464 -0.11004639 0.36480713
0.05810547 0.923584 -0.10925293 0.36291504
0.054870605 0.92456055 -0.10858154 0.36108398
0.051452637 0.9255371 -0.10803223 0.3591919
0.047729492 0.9265747 -0.107788086 0.35717773
0.044128418 0.9276123 -0.10797119 0.3548584
