0.13024902 0.4298706 0.091796875 0.8887329
0.13140869 0.43841553 0.09082031 0.88446045
0.13140869 0.4477539 0.08947754 0.8798828
0.12994385 0.4578247 0.08770752 0.8751221
0.12640381 0.4683838 0.08569336 0.87023926
0.12054443 0.479187 0.08343506 0.86535645
0.11279297 0.48968506 0.079711914 0.8609009
0.10345459 0.4996338 0.07446289 0.8568115
0.09277344 0.5090332 0.06842041 0.8529663
0.08068848 0.51776123 0.06225586 0.84942627
0.06726074 0.5253906 0.056030273 0.8463135
0.052001953 0.5317383 0.049987793 0.8438721
0.0345459 0.53619385 0.044189453 0.8422241
0.015197754 0.538147 0.037353516 0.84191895
0.0060424805 -0.53704834 -0.028747559 -0.8430786
0.028015137 -0.53253174 -0.016601562 -0.84576416
0.05102539 -0.52471924 -0.002319336 -0.84973145
0.0748291 -0.513916 0.012512207 -0.8544922
0.09838867 -0.5008545 0.026611328 -0.8594971
0.121032715 -0.48620605 0.03930664 -0.864563
0.1427002 -0.46990967 0.050720215 -0.8696289
0.16296387 -0.45220947 0.06201172 -0.8746948
0.18127441 -0.43347168 0.07342529 -0.8796997
0.19763184 -0.41363525 0.084472656 -0.8847046
0.21185303 -0.39294434 0.09423828 -0.88983154
0.22332764 -0.37176514 0.103149414 -0.8951416
0.2319336 -0.3503418 0.11102295 -0.90063477
0.2374878 -0.328125 0.1171875 -0.9067383
0.23999023 -0.30517578 0.121520996 -0.9135132
0.23950195 -0.28167725 0.12420654 -0.92077637
0.23608398 -0.2578125 0.12536621 -0.9284668
0.2298584 -0.23382568 0.12536621 -0.93634033
0.22106934 -0.21020508 0.12548828 -0.94403076
0.21008301 -0.1873169 0.1260376 -0.95129395
0.1973877 -0.16540527 0.12554932 -0.95806885
0.18359375 -0.14489746 0.12219238 -0.9645386
0.16882324 -0.12634277 0.11743164 -0.970459
0.1529541 -0.11004639 0.11230469 -0.975647
0.13598633 -0.096191406 0.107055664 -0.9801636
0.11816406 -0.08459473 0.101135254 -0.9841919
0.099853516 -0.07507324 0.09423828 -0.9876709
0.08117676 -0.06774902 0.08685303 -0.9906006
0.062316895 -0.06262207 0.07891846 -0.99298096
0.043640137 -0.059631348 0.070007324 -0.994812
0.02532959 -0.058776855 0.06036377 -0.99609375
0.007507324 -0.060058594 0.05065918 -0.9968872
0.010009766 0.06347656 -0.041748047 0.9970703
0.027160645 0.06878662 -0.033935547 0.9967041
0.044006348 0.0758667 -0.026916504 0.9957886
0.060546875 0.08465576 -0.020507812 0.99438477
0.07672119 0.095214844 -0.014709473 0.9923706
0.0925293 0.10723877 -0.009643555 0.98986816
0.107299805 0.1204834 -0.005554199 0.98687744
0.12017822 0.13452148 -0.0024414062 0.98358154
0.13104248 0.1494751 0.00036621094 0.9800415
0.13970947 0.16546631 0.0022583008 0.9762573
0.14593506 0.18237305 0.0031738281 0.9723511
0.14978027 0.20025635 0.003479004 0.9682007
0.15100098 0.21862793 0.0031738281 0.9640503
0.14971924 0.23687744 0.0017700195 0.95996094
0.14611816 0.25439453 -0.00048828125 0.95599365
0.14056396 0.27062988 -0.0036621094 0.95233154
0.13305664 0.2852173 -0.0076904297 0.9491577
0.12390137 0.2980957 -0.012145996 0.94641113
0.11328125 0.30944824 -0.016540527 0.9439697
0.10144043 0.31958008 -0.020507812 0.94189453
0.08850098 0.3284912 -0.023742676 0.9400635
0.07434082 0.3363037 -0.026245117 0.9384155
0.05895996 0.3428955 -0.028381348 0.93707275
0.04248047 0.34814453 -0.03100586 0.9359741
0.025512695 0.35211182 -0.035461426 0.9349365
0.008178711 0.3546753 -0.041259766 0.934021
0.009277344 -0.35614014 0.047912598 -0.9331665
0.026306152 -0.3569336 0.05505371 -0.9321289
0.0423584 -0.35766602 0.062194824 -0.93078613
0.05706787 -0.35876465 0.06915283 -0.9291382
0.07055664 -0.36016846 0.075805664 -0.927124
0.08325195 -0.3616333 0.082458496 -0.92492676
0.0949707 -0.362854 0.08935547 -0.92266846
0.105651855 -0.36383057 0.09674072 -0.92041016
0.11517334 -0.36437988 0.10394287 -0.9182129
0.123535156 -0.36444092 0.11029053 -0.91638184
0.13104248 -0.36401367 0.11590576 -0.9147949
0.1375122 -0.36309814 0.120666504 -0.91363525
0.14282227 -0.36175537 0.124938965 -0.91278076
0.14715576 -0.35992432 0.12866211 -0.9122925
0.1505127 -0.35772705 0.13214111 -0.9121094
0.152771 -0.3554077 0.13531494 -0.9121704
