242.375 4.125 -76.3125
243.1875 4.1875 -76.5625
244.125 4.3125 -76.875
245.0625 4.375 -77.25
245.9375 4.5 -77.5625
246.75 4.75 -77.875
247.4375 5 -78.125
248.0625 5.375 -78.4375
248.625 5.75 -78.6875
249.125 6.125 -78.9375
249.625 6.5625 -79.25
250 6.9375 -79.5625
250.25 7.375 -79.9375
250.3125 7.875 -80.25
249.9375 8.25 -80.4375
249.5625 8.5625 -80.625
249.125 8.75 -80.8125
248.5 8.875 -81.0625
247.5 8.8125 -81.25
246.5625 8.75 -81.5
245.25 8.5 -81.6875
243.9375 8.1875 -81.9375
242.4375 7.6875 -82.125
240.8125 7.0625 -82.375
239 6.375 -82.6875
236.9375 5.6875 -83
234.875 4.9375 -83.25
232.5 4.1875 -83.625
229.9375 3.375 -84
227.375 2.5625 -84.4375
224.75 1.75 -84.9375
222.1875 0.9375 -85.4375
219.5625 0.1875 -86
217.0625 -0.4375 -86.5625
214.625 -1.0625 -86.9375
212.4375 -1.5625 -87.125
210.4375 -2 -87.5
208.75 -2.3125 -87.75
207.375 -2.5 -88.0625
206.5 -2.5 -88.375
205.9375 -2.375 -88.75
205.6875 -2 -89.1875
205.8125 -1.5 -89.625
206.25 -0.8125 -90.0625
206.875 0 -90.4375
207.75 0.875 -90.875
208.75 1.9375 -91.375
209.875 3.125 -91.875
211 4.4375 -92.4375
212.0625 5.9375 -92.9375
213.125 7.4375 -93.5
214.1875 9.0625 -94.0625
215.3125 10.6875 -94.5625
216.5 12.375 -95.125
217.625 13.9375 -95.5
218.75 15.5 -95.875
219.9375 16.875 -96.0625
221 18.125 -96.0625
222.0625 19.1875 -96.125
222.9375 20.125 -96.125
223.6875 20.875 -96.1875
224.0625 21.375 -96.25
224.1875 21.75 -96.3125
223.9375 21.875 -96.5
223.4375 21.6875 -96.8125
222.75 21.3125 -97.25
221.8125 20.6875 -97.6875
220.75 19.875 -98.25
219.5 18.9375 -98.875
218.0625 17.9375 -99.5625
216.5 16.875 -100.3125
214.8125 15.75 -101.0625
213 14.5625 -101.75
211.1875 13.3125 -102.4375
209.3125 12.0625 -103.0625
207.5 10.8125 -103.625
205.6875 9.625 -104.125
203.875 8.5 -104.625
202.125 7.5 -104.875
200.4375 6.625 -105
198.8125 5.9375 -105.25
197.1875 5.4375 -105.4375
195.5625 5.125 -105.3125
194 5.0625 -105.1875
192.5625 5.25 -105.0625
191.25 5.75 -104.9375
190.125 6.5625 -104.875
189.1875 7.625 -105
188.375 8.9375 -105.25
187.75 10.5 -105.5
187.375 12.3125 -105.75
187.0625 14.25 -106.0625
186.875 16.3125 -106.375
186.6875 18.5625 -106.625
186.5625 20.875 -106.875
186.4375 23.25 -107.125
186.3125 25.6875 -107.25
186.25 28.1875 -107.375
186.125 30.6875 -107.4375
186.125 33.125 -107.3125
186.25 35.5 -106.9375
186.625 37.8125 -106.5625
187.0625 40 -106.1875
187.375 42.0625 -105.5625
187.625 44 -104.8125
191.0625 45.75 -103.9375
193.9375 47.4375 -102.8125
196.3125 48.875 -101.625
198.25 50.0625 -100.5625
199.625 51 -99.5625
200.5625 51.75 -98.6875
