0.72 -9.51 2.26
0.73 -9.52 2.21
0.75 -9.53 2.15
0.77 -9.54 2.09
0.81 -9.55 2.04
0.86 -9.56 2
0.92 -9.56 1.95
0.98 -9.56 1.91
1.05 -9.56 1.86
1.12 -9.57 1.81
1.19 -9.57 1.75
1.26 -9.57 1.69
1.34 -9.57 1.64
1.4 -9.57 1.6
1.46 -9.56 1.57
1.5 -9.56 1.54
1.51 -9.57 1.5
1.5 -9.57 1.46
1.49 -9.58 1.42
1.44 -9.59 1.39
1.4 -9.6 1.36
1.31 -9.62 1.32
1.2 -9.64 1.28
1.09 -9.66 1.23
0.97 -9.68 1.18
0.84 -9.7 1.14
0.71 -9.72 1.08
0.58 -9.73 1.01
0.44 -9.75 0.94
0.3 -9.76 0.86
0.16 -9.77 0.77
0.03 -9.78 0.67
-0.08 -9.78 0.57
-0.18 -9.79 0.51
-0.27 -9.79 0.48
-0.34 -9.79 0.41
-0.39 -9.79 0.37
-0.42 -9.79 0.32
-0.43 -9.79 0.26
-0.4 -9.79 0.21
-0.35 -9.79 0.13
-0.26 -9.8 0.06
-0.14 -9.8 -0.01
-0.01 -9.8 -0.08
0.15 -9.8 -0.15
0.33 -9.79 -0.23
0.54 -9.78 -0.32
0.76 -9.76 -0.41
1.01 -9.74 -0.5
1.27 -9.7 -0.59
1.55 -9.65 -0.68
1.82 -9.6 -0.77
2.1 -9.53 -0.85
2.37 -9.47 -0.91
2.62 -9.39 -0.97
2.84 -9.33 -0.99
3.05 -9.26 -0.99
3.22 -9.2 -0.99
3.37 -9.15 -0.98
3.49 -9.1 -0.99
3.58 -9.07 -0.99
3.63 -9.05 -1.01
3.65 -9.04 -1.03
3.63 -9.04 -1.08
3.56 -9.06 -1.15
3.46 -9.08 -1.23
3.34 -9.12 -1.32
3.19 -9.16 -1.43
3.02 -9.19 -1.55
2.84 -9.23 -1.68
2.66 -9.26 -1.81
2.46 -9.29 -1.93
2.26 -9.31 -2.05
2.05 -9.34 -2.16
1.84 -9.35 -2.27
1.64 -9.37 -2.36
1.45 -9.38 -2.45
1.28 -9.39 -2.5
1.13 -9.4 -2.53
1.01 -9.4 -2.57
0.93 -9.41 -2.59
0.88 -9.41 -2.58
0.86 -9.42 -2.56
0.9 -9.42 -2.54
0.98 -9.42 -2.51
1.12 -9.41 -2.5
1.3 -9.38 -2.52
1.53 -9.34 -2.54
1.79 -9.28 -2.58
2.09 -9.21 -2.61
2.41 -9.13 -2.63
2.76 -9.02 -2.65
3.12 -8.9 -2.66
3.49 -8.76 -2.66
3.87 -8.6 -2.65
4.25 -8.43 -2.62
4.63 -8.24 -2.58
5 -8.04 -2.52
5.36 -7.83 -2.44
5.69 -7.63 -2.33
6.01 -7.42 -2.2
6.3 -7.21 -2.09
6.57 -7.01 -1.95
6.81 -6.81 -1.8
7.03 -6.63 -1.64
7.22 -6.46 -1.47
7.38 -6.31 -1.3
7.52 -6.18 -1.15
7.62 -6.07 -1.02
7.7 -5.99 -0.92
7.75 -5.94 -0.84
