0.6399536 -0.5288086 0.32019043 -0.45648193
0.6348877 -0.5279541 0.32507324 -0.4609375
0.6292114 -0.5272217 0.33044434 -0.46575928
0.62316895 -0.52648926 0.33599854 -0.47070312
0.6168213 -0.5258789 0.34124756 -0.47595215
0.6104126 -0.5252075 0.34606934 -0.4814453
0.60388184 -0.5246582 0.35028076 -0.48724365
0.59710693 -0.52423096 0.35412598 -0.49316406
0.59020996 -0.5239258 0.35766602 -0.49920654
0.583313 -0.5238037 0.36114502 -0.50494385
0.576355 -0.5239868 0.36450195 -0.51031494
0.569458 -0.52459717 0.36761475 -0.5151367
0.5628662 -0.52575684 0.37017822 -0.5194092
0.5571289 -0.52734375 0.371521 -0.5228882
0.5548096 -0.5296631 0.3706665 -0.5237427
0.55236816 -0.5319214 0.369812 -0.52453613
0.55181885 -0.5345459 0.3684082 -0.52349854
0.5529175 -0.5376587 0.36639404 -0.52056885
0.5570679 -0.5419922 0.36254883 -0.5142212
0.56121826 -0.5463257 0.3587036 -0.50787354
0.5683594 -0.5515137 0.35327148 -0.49804688
0.5753784 -0.55651855 0.3477173 -0.48815918
0.5852661 -0.5621948 0.3411255 -0.47436523
0.59594727 -0.5685425 0.3338623 -0.45843506
0.60736084 -0.5753174 0.3255005 -0.4406128
0.6191406 -0.58270264 0.31610107 -0.42095947
0.63049316 -0.58966064 0.30645752 -0.401062
0.64208984 -0.5980835 0.29504395 -0.3781128
0.65319824 -0.6067505 0.2828369 -0.35375977
0.66363525 -0.6154785 0.2701416 -0.32836914
0.67285156 -0.6242676 0.25732422 -0.30230713
0.680603 -0.6331787 0.24432373 -0.276062
0.68688965 -0.6419678 0.23120117 -0.25030518
0.69177246 -0.6503296 0.21813965 -0.22564697
0.69647217 -0.6569824 0.20513916 -0.203125
0.7008667 -0.66192627 0.19274902 -0.18286133
0.70288086 -0.6675415 0.18188477 -0.16516113
0.7046509 -0.6717529 0.17218018 -0.15045166
0.7050781 -0.67541504 0.16479492 -0.13970947
0.70422363 -0.678772 0.15985107 -0.13348389
0.7025757 -0.68151855 0.15710449 -0.13134766
0.69940186 -0.68444824 0.1564331 -0.13372803
0.69537354 -0.6870117 0.15777588 -0.14007568
0.69055176 -0.6890259 0.16082764 -0.15008545
0.68499756 -0.6904907 0.16534424 -0.16326904
0.6781616 -0.69189453 0.17120361 -0.17907715
0.670166 -0.69311523 0.17797852 -0.19689941
0.6609497 -0.6942749 0.18536377 -0.2163086
0.65008545 -0.6958008 0.1930542 -0.23669434
0.63848877 -0.6968384 0.20043945 -0.25793457
0.62561035 -0.69799805 0.2078247 -0.27960205
0.61157227 -0.6991577 0.21520996 -0.30133057
0.5966797 -0.69989014 0.22283936 -0.32312012
0.5807495 -0.7001953 0.23101807 -0.34509277
0.56536865 -0.6999512 0.23852539 -0.36541748
0.54992676 -0.69921875 0.24621582 -0.38476562
0.5357666 -0.6973877 0.25341797 -0.4029541
0.52282715 -0.6949463 0.26013184 -0.4196167
0.5106201 -0.69262695 0.26654053 -0.4342041
0.50042725 -0.6901245 0.27178955 -0.44659424
0.49157715 -0.68865967 0.27612305 -0.45593262
0.4854126 -0.6878052 0.2786255 -0.4621582
0.4819336 -0.68811035 0.2793579 -0.46502686
0.48101807 -0.6895752 0.27838135 -0.46435547
0.48260498 -0.6923218 0.276062 -0.4598999
0.48657227 -0.696167 0.27264404 -0.4519043
0.49261475 -0.70080566 0.2680664 -0.44085693
0.5001221 -0.70617676 0.26245117 -0.42700195
0.5081787 -0.71240234 0.25585938 -0.41082764
0.51641846 -0.71936035 0.24829102 -0.3927002
0.52453613 -0.7268677 0.2397461 -0.37286377
0.5325928 -0.7344971 0.23028564 -0.35186768
0.5406494 -0.7418823 0.2199707 -0.3300171
0.5484009 -0.74902344 0.20916748 -0.30737305
0.55548096 -0.7558594 0.19812012 -0.28430176
0.56188965 -0.7623291 0.18676758 -0.26135254
0.5675659 -0.7681885 0.17529297 -0.23895264
0.57250977 -0.77337646 0.16381836 -0.21746826
0.5773926 -0.7774658 0.15228271 -0.19750977
0.5820923 -0.7805176 0.14086914 -0.17932129
0.5848999 -0.7838745 0.12994385 -0.16308594
0.5875244 -0.78637695 0.11895752 -0.14929199
0.5907593 -0.78759766 0.10803223 -0.13806152
0.59375 -0.788208 0.0970459 -0.1293335
0.59576416 -0.7887573 0.08691406 -0.12408447
0.59698486 -0.7892456 0.070129395 -0.12567139
0.5949707 -0.7902832 0.06359863 -0.13201904
0.5949707 -0.7902832 0.06359863 -0.13201904
0.5914917 -0.79156494 0.05822754 -0.14208984
0.5866699 -0.7929077 0.05407715 -0.15551758
0.5808716 -0.79400635 0.051208496 -0.17181396
0.57385254 -0.7949219 0.04925537 -0.1906128
0.56573486 -0.7956543 0.047790527 -0.2111206
0.55688477 -0.79589844 0.04675293 -0.23278809
0.54681396 -0.7960205 0.045837402 -0.25543213
0.53570557 -0.7958374 0.045043945 -0.27868652
0.52404785 -0.79504395 0.044189453 -0.3022461
0.5116577 -0.7937622 0.043395996 -0.32592773
0.4989624 -0.7918701 0.042785645 -0.3494873
0.4862671 -0.7891846 0.04260254 -0.37280273
0.47369385 -0.78552246 0.043029785 -0.39587402
0.45996094 -0.7813721 0.045410156 -0.41931152
0.4456787 -0.77752686 0.048034668 -0.44104004
0.43286133 -0.7727661 0.050048828 -0.46154785
0.42053223 -0.76776123 0.051513672 -0.48059082
0.4099121 -0.7624512 0.051757812 -0.49798584
0.40142822 -0.75665283 0.050598145 -0.5135498
0.39465332 -0.7510376 0.048706055 -0.5270386
0.38916016 -0.7461548 0.04650879 -0.538208
0.3852539 -0.74194336 0.044128418 -0.54693604
0.38311768 -0.73846436 0.041503906 -0.5533447
