94.25 51.375 119
93.5 51.8125 117.8125
92.6875 52.25 116.5625
92.0625 52.625 115.1875
91.5 53 113.6875
91.125 53.3125 112.1875
90.875 53.5 110.8125
90.875 53.5 109.5625
91.125 53.4375 108.625
91.5 53.1875 108.0625
92.125 52.9375 107.8125
93.125 52.6875 107.6875
94 52.4375 108.25
94.9375 52.125 109.375
95.9375 51.8125 111
97.0625 51.5 113.0625
98.3125 51.125 115.5
99.6875 50.625 118.25
101.3125 49.9375 121.1875
103.1875 49.0625 124.375
105.25 47.9375 127.5
107.6875 46.625 130.5625
110.375 45.0625 133.5
23.4375 43.375 136.1875
26.8125 41.4375 138.625
30.4375 39.4375 140.75
34.375 37.3125 142.5625
38.875 35.1875 143.9375
43.5 33.0625 145
322.375 31.0625 145.75
323.625 29.1875 146.3125
324.6875 27.5625 146.5625
325.5 26.25 146.5
326 25.375 146.1875
326.125 24.875 145.625
326 24.6875 144.8125
325.625 24.9375 143.75
325 25.5 142.4375
68 26.25 140.875
66.6875 27.125 139.125
65.1875 28.0625 137.1875
63.5 29 135.125
61.6875 29.8125 133
60 30.5625 130.6875
58.3125 31.25 128.1875
56.6875 31.75 125.5
55 32.1875 122.625
53.0625 32.5 119.875
51.1875 32.75 116.9375
49.3125 32.8125 114.25
47.5625 32.8125 111.5
46.125 32.6875 108.6875
44.75 32.4375 106.375
43.625 32.125 104.5
42.9375 31.6875 103
42.5 31.375 101.9375
42.3125 31.0625 101.4375
42.4375 30.9375 101.4375
42.875 30.875 101.875
43.625 30.875 102.625
44.75 31 103.5625
46.25 31 104.75
48.0625 31 106.125
50.25 30.8125 107.625
52.75 30.5 109.1875
55.4375 30.125 110.875
58.3125 29.5625 112.5
61.4375 28.9375 114
64.6875 28.1875 115.4375
68.125 27.3125 116.8125
71.625 26.3125 118.0625
75.3125 25.25 119.3125
79.0625 24.0625 120.4375
82.875 22.8125 121.5
86.6875 21.5625 122.4375
90.375 20.1875 123.5625
94.25 18.8125 124.375
98.25 17.4375 124.5625
102.0625 16 124.5625
105.625 14.625 124.4375
108.875 13.25 124.125
111.5 12 123.75
113.5 10.8125 123.125
114.875 9.8125 122.375
115.6875 8.9375 121.4375
115.875 8.1875 120.3125
115.5 7.5 119.1875
114.6875 6.9375 118
113.5 6.5 116.75
112 6.0625 115.5
110.25 5.6875 114.1875
108.3125 5.25 112.875
106.25 4.8125 111.5625
104.0625 4.3125 110.1875
101.875 3.75 108.8125
99.4375 3.1875 107.4375
97.125 2.625 106.1875
94.875 2.0625 105.0625
92.6875 1.5625 103.8125
90.625 1.0625 103
88.8125 0.5625 102.375
87.1875 0.0625 101.875
85.8125 -0.375 101.5625
84.6875 -0.8125 101.375
83.8125 -1.1875 101.1875
83.25 -1.5625 101.1875
82.9375 -1.875 101.25
82.8125 -2.0625 101.375
82.875 -2.25 101.625
