7.71 5.35 -2.83
7.75 5.36 -2.68
7.79 5.37 -2.53
7.83 5.39 -2.37
7.86 5.42 -2.21
7.88 5.45 -2.07
7.88 5.48 -1.95
7.87 5.53 -1.86
7.85 5.57 -1.82
7.83 5.61 -1.81
7.8 5.65 -1.8
7.77 5.67 -1.87
7.74 5.67 -2
7.71 5.65 -2.17
7.67 5.61 -2.39
7.63 5.55 -2.65
7.58 5.47 -2.94
7.5 5.39 -3.27
7.41 5.3 -3.62
7.28 5.2 -3.99
7.13 5.1 -4.38
6.94 5.01 -4.76
6.73 4.92 -5.14
6.49 4.85 -5.51
6.23 4.78 -5.86
5.95 4.73 -6.19
5.65 4.71 -6.47
5.35 4.7 -6.73
5.06 4.72 -6.94
4.78 4.74 -7.12
4.53 4.78 -7.25
4.34 4.84 -7.33
4.2 4.92 -7.36
4.12 5.01 -7.34
4.1 5.12 -7.28
4.13 5.25 -7.17
4.22 5.39 -7.01
4.34 5.54 -6.82
4.48 5.7 -6.59
4.62 5.87 -6.34
4.75 6.04 -6.08
4.88 6.21 -5.8
4.99 6.39 -5.5
5.08 6.58 -5.18
5.16 6.78 -4.84
5.22 6.98 -4.48
5.27 7.16 -4.11
5.3 7.34 -3.74
5.32 7.5 -3.38
5.32 7.66 -3.02
5.3 7.81 -2.64
5.26 7.93 -2.33
5.21 8.03 -2.08
5.16 8.12 -1.87
5.1 8.18 -1.73
5.06 8.22 -1.67
5.04 8.24 -1.67
5.03 8.23 -1.73
5.04 8.2 -1.83
5.05 8.16 -1.97
5.05 8.12 -2.14
5.05 8.07 -2.33
5.02 8.02 -2.55
4.98 7.97 -2.78
4.92 7.92 -3.02
4.84 7.87 -3.26
4.75 7.83 -3.49
4.63 7.79 -3.71
4.5 7.77 -3.93
4.35 7.74 -4.14
4.18 7.73 -4.34
4 7.71 -4.54
3.81 7.7 -4.72
3.6 7.69 -4.89
3.39 7.66 -5.09
3.16 7.65 -5.24
2.94 7.7 -5.3
2.71 7.76 -5.34
2.47 7.82 -5.37
2.25 7.89 -5.35
2.03 7.97 -5.33
1.84 8.05 -5.27
1.67 8.15 -5.17
1.52 8.26 -5.05
1.39 8.37 -4.9
1.28 8.48 -4.74
1.19 8.59 -4.57
1.11 8.69 -4.39
1.04 8.8 -4.19
0.97 8.89 -4
0.9 8.99 -3.79
0.83 9.08 -3.59
0.74 9.17 -3.37
0.65 9.26 -3.15
0.55 9.34 -2.93
0.45 9.4 -2.73
0.36 9.46 -2.54
0.27 9.51 -2.34
0.18 9.55 -2.21
0.09 9.57 -2.1
0.01 9.59 -2.02
-0.06 9.6 -1.97
-0.14 9.61 -1.93
-0.21 9.61 -1.9
-0.27 9.61 -1.9
-0.32 9.61 -1.91
-0.36 9.6 -1.93
-0.38 9.59 -1.98
-0.39 9.58 -2.05
