0.5899658 0.4371338 -0.67852783 -0.022033691
0.59606934 0.4376831 -0.6729126 -0.018188477
0.60235596 0.4381714 -0.6669922 -0.014465332
0.60894775 0.43841553 -0.6609497 -0.011047363
0.6156616 0.43823242 -0.6548462 -0.008239746
0.62213135 0.4378662 -0.6489868 -0.006225586
0.62786865 0.4375 -0.6437378 -0.005004883
0.6326904 0.43707275 -0.6392212 -0.005126953
0.63616943 0.43701172 -0.63586426 -0.0064697266
0.6380005 0.4371338 -0.6338501 -0.008666992
0.63842773 0.43688965 -0.6335449 -0.011962891
0.63842773 0.43444824 -0.63513184 -0.017578125
0.635437 0.4329834 -0.638916 -0.022277832
0.630249 0.43121338 -0.64508057 -0.027160645
0.6231079 0.42852783 -0.6535034 -0.032592773
0.6137085 0.42523193 -0.6641846 -0.037963867
0.602478 0.42071533 -0.67681885 -0.043884277
0.58935547 0.4151001 -0.6912842 -0.050231934
0.5743408 0.40844727 -0.7070923 -0.057128906
0.5576172 0.4008789 -0.723999 -0.06451416
0.53930664 0.39239502 -0.74157715 -0.07244873
0.5196533 0.38293457 -0.75946045 -0.08099365
0.49890137 0.3725586 -0.77734375 -0.089904785
0.4772339 0.36151123 -0.79486084 -0.09906006
0.4550171 0.35003662 -0.8115845 -0.10852051
0.43249512 0.33880615 -0.8272095 -0.11785889
0.4100952 0.32788086 -0.84155273 -0.12701416
0.3885498 0.31695557 -0.85424805 -0.13726807
0.36761475 0.3071289 -0.8654175 -0.14672852
0.3484497 0.29797363 -0.8748169 -0.15649414
0.33099365 0.289917 -0.8826294 -0.16534424
0.3157959 0.28277588 -0.888855 -0.1741333
0.30474854 0.27716064 -0.89282227 -0.18225098
0.2977295 0.27349854 -0.8947754 -0.1895752
0.2947998 0.27215576 -0.89471436 -0.19628906
0.2962036 0.2727661 -0.8927002 -0.20233154
0.30181885 0.27490234 -0.888855 -0.20812988
0.3110962 0.27844238 -0.8833008 -0.2133789
0.32336426 0.28344727 -0.8760376 -0.21826172
0.33776855 0.2901001 -0.8673706 -0.22235107
0.35375977 0.2984619 -0.85705566 -0.2263794
0.37054443 0.30847168 -0.84552 -0.22943115
0.38781738 0.319458 -0.8329468 -0.23187256
0.4055786 0.33117676 -0.81915283 -0.23425293
0.42382812 0.3435669 -0.8039551 -0.23657227
0.442688 0.3564453 -0.7873535 -0.23883057
0.4621582 0.369812 -0.7692261 -0.24072266
0.48162842 0.38391113 -0.7501221 -0.24078369
0.50146484 0.39733887 -0.72998047 -0.24035645
0.5199585 0.4104004 -0.71014404 -0.2387085
0.538208 0.42175293 -0.69000244 -0.23730469
0.55584717 0.43121338 -0.670105 -0.23675537
0.5706177 0.44036865 -0.6520386 -0.23516846
0.58239746 0.4486084 -0.6364746 -0.23339844
0.59161377 0.45489502 -0.6235962 -0.23266602
0.5977783 0.45941162 -0.6144409 -0.23260498
0.60046387 0.46246338 -0.60943604 -0.23266602
0.60009766 0.463562 -0.6087036 -0.2333374
0.59698486 0.46258545 -0.6119385 -0.23474121
0.59161377 0.45947266 -0.6185913 -0.23712158
0.5842285 0.45422363 -0.6279907 -0.24072266
0.5748291 0.44732666 -0.63964844 -0.24554443
0.5635376 0.43914795 -0.6529541 -0.25152588
0.55059814 0.4298706 -0.66729736 -0.25842285
0.5361328 0.41986084 -0.682312 -0.26593018
0.5205078 0.4093628 -0.6975708 -0.2736206
0.50427246 0.39837646 -0.7125244 -0.2816162
0.4876709 0.387146 -0.7268677 -0.28979492
0.47076416 0.37573242 -0.7404785 -0.29821777
0.45343018 0.36462402 -0.7532959 -0.3065796
0.43572998 0.35394287 -0.76538086 -0.3147583
0.41766357 0.34387207 -0.7767334 -0.32250977
0.3994751 0.33441162 -0.78723145 -0.32983398
0.38146973 0.32562256 -0.796875 -0.336792
0.3637085 0.31744385 -0.805542 -0.34362793
0.3453369 0.3112793 -0.81414795 -0.3479004
0.328125 0.30529785 -0.8209839 -0.3536377
0.3133545 0.29992676 -0.82507324 -0.36212158
0.29974365 0.29632568 -0.8275757 -0.37072754
0.28723145 0.29492188 -0.8287964 -0.37902832
0.27685547 0.2956543 -0.82818604 -0.38739014
0.26861572 0.2987671 -0.8261719 -0.3949585
0.26342773 0.30419922 -0.82232666 -0.4022827
0.2612915 0.3118286 -0.81658936 -0.4095459
0.2619629 0.32128906 -0.80895996 -0.41680908
0.26531982 0.3324585 -0.79974365 -0.42370605
0.27087402 0.34490967 -0.7892456 -0.42974854
0.27844238 0.35839844 -0.777771 -0.43481445
0.2880249 0.3723755 -0.76501465 -0.43945312
0.29901123 0.3867798 -0.75128174 -0.44335938
0.31097412 0.40185547 -0.7366333 -0.4463501
0.3239746 0.41748047 -0.7207031 -0.44866943
0.33764648 0.4336548 -0.7036743 -0.45025635
0.35205078 0.45013428 -0.68530273 -0.45147705
0.36688232 0.46673584 -0.66571045 -0.45214844
0.38256836 0.48364258 -0.6447754 -0.4517212
0.39709473 0.49957275 -0.6245117 -0.4501953
0.41137695 0.51416016 -0.6047363 -0.44805908
0.4257202 0.5269165 -0.58483887 -0.44622803
0.43737793 0.5395508 -0.5671997 -0.44250488
0.44763184 0.5510864 -0.55096436 -0.43859863
0.45611572 0.5615845 -0.536499 -0.43444824
0.46276855 0.571167 -0.52386475 -0.43029785
0.472229 0.5861206 -0.5036621 -0.42407227
0.472229 0.5861206 -0.5036621 -0.42407227
0.4743042 0.5918579 -0.4968872 -0.4216919
0.47521973 0.5961914 -0.49224854 -0.42004395
0.4749756 0.5991821 -0.48968506 -0.41906738
0.4734497 0.60113525 -0.48944092 -0.4182129
