169.125 60.375 -39.4375
169.1875 60.25 -39.375
169.1875 60.125 -39.3125
169.1875 60 -39.3125
169.1875 59.9375 -39.25
169.1875 59.8125 -39.3125
169.1875 59.8125 -39.375
169.25 59.75 -39.4375
169.3125 59.75 -39.5
169.375 59.75 -39.5625
169.5 59.75 -39.625
169.5625 59.75 -39.6875
169.6875 59.8125 -39.75
169.75 59.8125 -39.8125
169.75 59.8125 -39.875
169.8125 59.8125 -39.9375
169.875 59.75 -40
170 59.75 -40.125
170.125 59.75 -40.25
170.25 59.75 -40.3125
170.375 59.75 -40.375
170.5 59.75 -40.4375
170.625 59.75 -40.4375
170.6875 59.75 -40.4375
170.8125 59.6875 -40.4375
170.875 59.625 -40.4375
171.0625 59.625 -40.4375
171.1875 59.5625 -40.4375
171.4375 59.5625 -40.375
171.625 59.5 -40.25
171.875 59.5 -40.125
172.1875 59.4375 -39.9375
172.4375 59.4375 -39.6875
172.6875 59.375 -39.4375
172.9375 59.25 -39.125
173.1875 59.0625 -38.75
173.4375 58.875 -38.3125
173.6875 58.6875 -37.9375
173.9375 58.375 -37.5
174.25 58.125 -37.0625
174.5625 57.75 -36.5
174.9375 57.375 -35.9375
175.3125 57 -35.3125
175.6875 56.5 -34.625
176.0625 55.9375 -33.9375
176.5 55.375 -33.1875
176.9375 54.6875 -32.4375
177.375 54 -31.625
177.875 53.25 -30.8125
178.375 52.4375 -30
178.875 51.5 -29.125
179.375 50.5625 -28.3125
179.9375 49.5 -27.5
180.5625 48.4375 -26.6875
181.125 47.25 -25.875
181.75 46.125 -25
92.375 44.9375 -24.125
93.0625 43.75 -23.1875
93.6875 42.5 -22.3125
94.3125 41.1875 -21.5
94.875 39.875 -20.625
95.4375 38.5625 -19.875
96 37.25 -19.125
96.625 35.9375 -18.375
97.125 34.625 -17.75
97.6875 33.3125 -17.0625
98.1875 32 -16.5625
98.6875 30.75 -16.0625
99.125 29.5 -15.625
99.5625 28.25 -15.1875
99.875 27 -14.8125
100.1875 25.75 -14.5
100.5 24.5 -14.1875
100.8125 23.25 -13.9375
101 22 -13.6875
101.1875 20.6875 -13.4375
101.375 19.375 -13.1875
101.5625 18 -12.9375
101.6875 16.625 -12.75
101.75 15.1875 -12.5
101.75 13.6875 -12.1875
101.6875 12.125 -11.8125
101.625 10.5625 -11.5
101.5625 9.0625 -11.1875
101.625 7.625 -10.875
101.75 6.25 -10.5
101.9375 4.9375 -10.25
102.0625 3.6875 -10
102.125 2.375 -9.8125
102.1875 1.125 -9.75
102.1875 0 -9.75
102.25 -1.1875 -9.8125
102.3125 -2.3125 -9.875
102.4375 -3.4375 -9.875
102.625 -4.5 -9.875
102.8125 -5.5 -9.875
103 -6.375 -9.875
103.1875 -7.25 -9.8125
103.375 -8.0625 -9.625
103.625 -8.8125 -9.625
103.875 -9.4375 -9.6875
104.125 -10.0625 -9.75
104.375 -10.5625 -9.75
104.625 -11 -9.75
104.875 -11.4375 -9.875
105 -11.8125 -10
105.125 -12.125 -10.1875
105.25 -12.375 -10.375
105.3125 -12.5625 -10.5
105.375 -12.75 -10.625
105.375 -12.875 -10.75
105.375 -12.9375 -10.8125
105.375 -13 -10.875
105.3125 -13.0625 -10.9375
105.3125 -13.0625 -11
105.25 -13.0625 -11.0625
105.25 -13.0625 -11.1875
105.1875 -13 -11.25
105.1875 -13 -11.375
105.125 -12.9375 -11.5
105.125 -12.875 -11.625
105.125 -12.875 -11.6875
105.0625 -12.8125 -11.8125
105.0625 -12.75 -11.9375
105.0625 -12.75 -12.0625
105.0625 -12.6875 -12.1875
105.125 -12.6875 -12.3125
105.125 -12.625 -12.4375
105.1875 -12.5625 -12.5625
105.1875 -12.5 -12.6875
105.25 -12.4375 -12.8125
105.3125 -12.3125 -13
105.375 -12.25 -13.125
105.5 -12.125 -13.3125
105.6875 -11.9375 -13.5
105.875 -11.75 -13.6875
106.1875 -11.5625 -13.875
106.5 -11.25 -14.125
106.9375 -10.875 -14.375
107.4375 -10.4375 -14.625
108.0625 -9.9375 -14.875
108.75 -9.375 -15.125
109.625 -8.75 -15.3125
110.5625 -8.0625 -15.5
111.5625 -7.25 -15.5625
112.6875 -6.4375 -15.6875
113.875 -5.5625 -15.75
115.0625 -4.6875 -15.8125
116.1875 -3.8125 -15.875
117.3125 -2.875 -15.9375
118.4375 -2.0625 -16.0625
119.5 -1.1875 -16.125
120.5625 -0.4375 -16.1875
121.5 0.25 -16.25
122.375 0.875 -16.3125
123.1875 1.375 -16.375
123.875 1.8125 -16.4375
124.4375 2.125 -16.4375
124.8125 2.375 -16.4375
125.1875 2.5625 -16.5
125.4375 2.625 -16.5
125.6875 2.75 -16.5625
125.9375 2.875 -16.5625
126.125 3.0625 -16.625
126.375 3.25 -16.6875
126.5625 3.375 -16.75
126.75 3.5625 -16.75
127 3.6875 -16.8125
127.1875 3.875 -16.8125
