8.51 -3.08 3.75
8.5 -3.09 3.77
8.49 -3.1 3.78
8.48 -3.1 3.79
8.48 -3.11 3.8
8.47 -3.12 3.81
8.47 -3.13 3.81
8.47 -3.14 3.8
8.47 -3.14 3.8
8.47 -3.14 3.79
8.47 -3.15 3.79
8.47 -3.15 3.78
8.47 -3.15 3.78
8.47 -3.16 3.78
8.47 -3.16 3.77
8.47 -3.17 3.77
8.47 -3.18 3.77
8.47 -3.18 3.76
8.47 -3.19 3.76
8.47 -3.19 3.75
8.47 -3.2 3.75
8.47 -3.2 3.75
8.47 -3.2 3.75
8.46 -3.2 3.76
8.46 -3.21 3.76
8.46 -3.21 3.77
8.45 -3.21 3.77
8.45 -3.22 3.78
8.45 -3.21 3.79
8.45 -3.2 3.8
8.44 -3.19 3.81
8.44 -3.18 3.83
8.43 -3.17 3.85
8.42 -3.16 3.88
8.41 -3.15 3.92
8.4 -3.14 3.96
8.37 -3.13 4.01
8.35 -3.12 4.07
8.32 -3.12 4.13
8.29 -3.11 4.19
8.26 -3.1 4.27
8.22 -3.08 4.35
8.18 -3.07 4.44
8.12 -3.06 4.55
8.07 -3.05 4.65
8 -3.03 4.77
7.93 -3.02 4.9
7.85 -3 5.03
7.77 -2.98 5.17
7.68 -2.97 5.32
7.57 -2.95 5.47
7.46 -2.93 5.64
7.33 -2.92 5.8
7.2 -2.9 5.98
7.07 -2.87 6.15
6.92 -2.83 6.33
6.78 -2.79 6.5
6.62 -2.74 6.68
6.46 -2.7 6.86
6.29 -2.65 7.03
6.11 -2.6 7.2
5.94 -2.55 7.37
5.75 -2.51 7.53
5.57 -2.45 7.68
5.39 -2.41 7.82
5.2 -2.37 7.96
5.01 -2.33 8.09
4.83 -2.3 8.21
4.64 -2.26 8.33
4.45 -2.23 8.44
4.26 -2.21 8.54
4.07 -2.19 8.64
3.87 -2.16 8.74
3.67 -2.15 8.83
3.46 -2.13 8.92
3.25 -2.11 9
3.03 -2.09 9.08
2.8 -2.07 9.16
2.56 -2.04 9.23
2.32 -2.01 9.31
2.06 -1.97 9.38
1.8 -1.92 9.44
1.55 -1.88 9.49
1.3 -1.83 9.54
1.07 -1.78 9.58
0.85 -1.74 9.61
0.63 -1.7 9.63
0.41 -1.67 9.65
0.2 -1.66 9.66
0 -1.66 9.66
-0.2 -1.67 9.66
-0.4 -1.68 9.65
-0.59 -1.68 9.64
-0.77 -1.68 9.63
-0.94 -1.67 9.61
-1.09 -1.68 9.59
-1.24 -1.66 9.58
-1.37 -1.63 9.57
-1.5 -1.62 9.55
-1.61 -1.63 9.53
-1.71 -1.64 9.51
-1.8 -1.63 9.5
-1.88 -1.63 9.48
-1.94 -1.64 9.46
-2 -1.67 9.45
-2.06 -1.7 9.43
-2.1 -1.72 9.42
-2.13 -1.74 9.4
-2.16 -1.76 9.39
-2.18 -1.78 9.39
-2.2 -1.79 9.38
-2.21 -1.81 9.37
-2.22 -1.82 9.37
-2.22 -1.83 9.37
-2.22 -1.84 9.37
-2.21 -1.85 9.37
-2.21 -1.86 9.36
-2.2 -1.88 9.36
-2.2 -1.9 9.36
-2.19 -1.92 9.36
-2.18 -1.94 9.35
-2.17 -1.96 9.35
-2.17 -1.98 9.35
-2.16 -2 9.35
-2.16 -2.02 9.34
-2.15 -2.04 9.34
-2.15 -2.07 9.34
-2.14 -2.08 9.33
-2.12 -2.1 9.33
-2.11 -2.13 9.33
-2.1 -2.15 9.33
-2.08 -2.18 9.33
-2.06 -2.21 9.32
-2.03 -2.24 9.32
-2 -2.27 9.32
-1.96 -2.3 9.32
-1.91 -2.34 9.32
-1.85 -2.39 9.32
-1.78 -2.43 9.32
-1.69 -2.48 9.33
-1.6 -2.53 9.33
-1.49 -2.56 9.34
-1.37 -2.59 9.35
-1.24 -2.61 9.36
-1.1 -2.63 9.38
-0.95 -2.65 9.39
-0.8 -2.66 9.4
-0.65 -2.68 9.4
-0.5 -2.69 9.41
-0.35 -2.71 9.41
-0.2 -2.72 9.41
-0.07 -2.73 9.41
0.04 -2.75 9.41
0.15 -2.76 9.4
0.24 -2.77 9.4
0.31 -2.77 9.4
0.37 -2.77 9.39
0.41 -2.78 9.39
0.43 -2.78 9.39
0.45 -2.78 9.39
0.47 -2.79 9.38
0.5 -2.8 9.38
0.52 -2.8 9.38
0.55 -2.81 9.37
0.58 -2.82 9.37
0.61 -2.82 9.36
0.63 -2.83 9.36
0.66 -2.83 9.36
0.68 -2.83 9.36
0.69 -2.83 9.36
0.7 -2.84 9.35
0.7 -2.84 9.35
0.7 -2.84 9.35
0.69 -2.84 9.35
0.68 -2.84 9.36
0.67 -2.83 9.36
0.66 -2.82 9.36
0.65 -2.82 9.36
0.65 -2.81 9.37
