0.64056396 -0.4788208 -0.2828369 -0.529541
0.64068604 -0.4786377 -0.28179932 -0.53009033
0.6409912 -0.47839355 -0.28082275 -0.53045654
0.6413574 -0.4781494 -0.2798462 -0.53082275
0.64160156 -0.47802734 -0.27893066 -0.5310669
0.64178467 -0.47802734 -0.2781372 -0.53125
0.64178467 -0.47821045 -0.2774048 -0.5314331
0.6416626 -0.47857666 -0.27679443 -0.5316162
0.6412964 -0.4790039 -0.27624512 -0.5319214
0.6408081 -0.47955322 -0.27581787 -0.53234863
0.64019775 -0.4800415 -0.27539062 -0.5327759
0.63964844 -0.48046875 -0.27514648 -0.5331421
0.63916016 -0.480896 -0.2748413 -0.5335083
0.63879395 -0.48132324 -0.2744751 -0.53375244
0.63848877 -0.48168945 -0.2741089 -0.53393555
0.6381836 -0.4821167 -0.27368164 -0.5341797
0.6378174 -0.48260498 -0.27313232 -0.5345459
0.63726807 -0.48321533 -0.2723999 -0.53497314
0.6365967 -0.48394775 -0.27160645 -0.53552246
0.63586426 -0.48461914 -0.27093506 -0.5361328
0.63513184 -0.48516846 -0.2703247 -0.5368042
0.6345215 -0.48565674 -0.26971436 -0.53741455
0.6340332 -0.4859619 -0.26916504 -0.53796387
0.633667 -0.48614502 -0.2685547 -0.5385132
0.6333008 -0.48632812 -0.26776123 -0.53912354
0.63287354 -0.48657227 -0.2668457 -0.539917
0.6323242 -0.4868164 -0.26586914 -0.5407715
0.63165283 -0.48706055 -0.26483154 -0.5418701
0.63079834 -0.48736572 -0.26379395 -0.5430908
0.6298828 -0.4874878 -0.26281738 -0.5444946
0.6289673 -0.48742676 -0.26190186 -0.54608154
0.62805176 -0.48724365 -0.2609253 -0.5477905
0.62719727 -0.4868164 -0.2598877 -0.5496216
0.62646484 -0.48620605 -0.25878906 -0.5515137
0.6259155 -0.48535156 -0.2574463 -0.55352783
0.6255493 -0.4841919 -0.25598145 -0.555603
0.62542725 -0.4827881 -0.25421143 -0.5578003
0.6253052 -0.4812622 -0.2520752 -0.56018066
0.6251831 -0.4796753 -0.24957275 -0.5628052
0.62506104 -0.4779663 -0.24682617 -0.5656738
0.6248779 -0.47595215 -0.24383545 -0.5687866
0.6248169 -0.47351074 -0.24072266 -0.5722656
0.6248169 -0.47070312 -0.23730469 -0.57592773
0.62493896 -0.46759033 -0.23345947 -0.579895
0.6251221 -0.46417236 -0.22930908 -0.5841675
0.6253662 -0.46032715 -0.22473145 -0.58862305
0.6256714 -0.45611572 -0.21990967 -0.5933838
0.6260376 -0.45147705 -0.21484375 -0.5983887
0.6264038 -0.44647217 -0.20941162 -0.60369873
0.626709 -0.4411621 -0.20361328 -0.6092529
0.62701416 -0.4354248 -0.19744873 -0.61499023
0.62731934 -0.42926025 -0.19085693 -0.62109375
0.6276245 -0.42260742 -0.18383789 -0.62750244
0.6278076 -0.41558838 -0.17633057 -0.63409424
0.62786865 -0.40808105 -0.1687622 -0.64086914
0.62786865 -0.40008545 -0.16143799 -0.64782715
0.6277466 -0.39154053 -0.15435791 -0.6548462
0.6274414 -0.38269043 -0.14746094 -0.66192627
0.6270752 -0.37347412 -0.1404419 -0.66900635
0.62677 -0.36383057 -0.13348389 -0.67596436
0.6265869 -0.3540039 -0.12646484 -0.6826782
0.62628174 -0.3439331 -0.119628906 -0.68927
0.6258545 -0.3338623 -0.112854004 -0.6958008
0.62524414 -0.3237915 -0.10601807 -0.70214844
0.6246338 -0.31359863 -0.09954834 -0.7081909
0.62402344 -0.30352783 -0.09313965 -0.71398926
0.62316895 -0.2939453 -0.08648682 -0.71954346
0.62231445 -0.28448486 -0.07977295 -0.7248535
0.62145996 -0.27526855 -0.07336426 -0.72979736
0.62091064 -0.26586914 -0.06719971 -0.734375
0.62054443 -0.2565918 -0.061035156 -0.73846436
0.62023926 -0.24737549 -0.054626465 -0.7423706
0.6199341 -0.23828125 -0.04827881 -0.7460327
0.61968994 -0.22918701 -0.041931152 -0.7494507
0.619751 -0.2199707 -0.03540039 -0.75250244
0.6199341 -0.21063232 -0.028564453 -0.75531006
0.6201782 -0.20080566 -0.022094727 -0.7579956
0.6203613 -0.190979 -0.015319824 -0.7605591
0.6206665 -0.1809082 -0.008300781 -0.7628784
0.62158203 -0.17010498 -0.0015869141 -0.76464844
0.6229248 -0.15887451 0.0051879883 -0.7659912
0.6245117 -0.14672852 0.0115356445 -0.7670288
0.62597656 -0.13470459 0.018249512 -0.7678833
0.6269531 -0.12310791 0.024841309 -0.76885986
0.62731934 -0.111572266 0.030578613 -0.7701416
0.6270752 -0.10046387 0.036193848 -0.77160645
0.6265259 -0.09008789 0.041931152 -0.7730713
0.6260376 -0.08001709 0.047546387 -0.77423096
0.6256714 -0.070495605 0.053466797 -0.7750244
0.62561035 -0.061645508 0.060058594 -0.7753906
0.62542725 -0.05328369 0.066711426 -0.77563477
0.625 -0.04534912 0.07330322 -0.7758179
0.62438965 -0.037841797 0.08013916 -0.776062
0.6234131 -0.030273438 0.086364746 -0.77648926
0.62213135 -0.022827148 0.09197998 -0.77716064
0.62060547 -0.015930176 0.097351074 -0.77789307
0.61743164 -0.0030517578 0.10656738 -0.7793579
0.6158447 0.0036621094 0.109436035 -0.7802124
0.6158447 0.0036621094 0.109436035 -0.7802124
0.6140137 0.008972168 0.11340332 -0.7810669
0.6119995 0.013671875 0.117126465 -0.78204346
0.6099243 0.01776123 0.120666504 -0.78302
0.60791016 0.021850586 0.12310791 -0.78411865
0.60601807 0.02520752 0.12554932 -0.7850952
0.6043091 0.027770996 0.12835693 -0.7858887
0.6029053 0.029663086 0.13128662 -0.78637695
0.60180664 0.031066895 0.13397217 -0.78674316
0.6008911 0.032165527 0.13635254 -0.78692627
0.6002197 0.03302002 0.1383667 -0.7871094
0.59973145 0.03363037 0.14007568 -0.7871704
0.59942627 0.033996582 0.14147949 -0.7871094
0.5993042 0.034240723 0.14257812 -0.7869873
0.59936523 0.034301758 0.14343262 -0.78674316
0.5994873 0.034118652 0.144104 -0.78656006
0.5996704 0.033813477 0.14459229 -0.7863159
0.59991455 0.03338623 0.1449585 -0.7861328
0.6003418 0.032165527 0.14587402 -0.78564453
0.6003418 0.032165527 0.14587402 -0.78564453
0.6005249 0.03137207 0.14648438 -0.7854614
0.600647 0.030456543 0.14709473 -0.7852783
0.60076904 0.02947998 0.14770508 -0.7850952
0.6008301 0.028564453 0.1482544 -0.78497314
0.60095215 0.027648926 0.14880371 -0.7848511
0.60095215 0.026733398 0.14941406 -0.784729
0.6008911 0.025878906 0.15014648 -0.78466797
0.60076904 0.025024414 0.15093994 -0.78466797
0.6005249 0.024108887 0.15167236 -0.784729
0.6003418 0.02319336 0.15228271 -0.784729
0.6001587 0.022216797 0.152771 -0.7848511
0.59991455 0.0211792 0.15319824 -0.78497314
0.59954834 0.020019531 0.15374756 -0.78515625
0.59906006 0.018676758 0.15429688 -0.7854614
0.5983887 0.01727295 0.15484619 -0.7858887
0.5975952 0.015686035 0.15533447 -0.786438
0.59643555 0.013916016 0.15570068 -0.7872925
0.59490967 0.011962891 0.15600586 -0.7883911
0.5930176 0.009643555 0.15625 -0.78985596
0.5905762 0.0068359375 0.15637207 -0.791626
0.5877075 0.003540039 0.15625 -0.79382324
0.5842285 -0.00024414062 0.15594482 -0.79644775
0.5800781 -0.0044555664 0.15545654 -0.79956055
0.5751343 -0.008850098 0.15447998 -0.8032837
0.56933594 -0.013305664 0.15283203 -0.8076782
0.5628052 -0.0178833 0.15057373 -0.81256104
0.555603 -0.022644043 0.14788818 -0.8178711
0.5477905 -0.027770996 0.14477539 -0.8234863
0.5395508 -0.03314209 0.14147949 -0.82928467
0.5311279 -0.038757324 0.13824463 -0.835022
0.52282715 -0.044433594 0.13513184 -0.84051514
0.5145874 -0.0501709 0.13220215 -0.8457031
0.5064697 -0.055847168 0.12939453 -0.850647
0.49066162 -0.06652832 0.12445068 -0.85980225
0.48339844 -0.07122803 0.122558594 -0.86383057
0.47668457 -0.07531738 0.12097168 -0.8674927
0.47668457 -0.07531738 0.12097168 -0.8674927
0.4706421 -0.07879639 0.119628906 -0.87060547
0.4654541 -0.08154297 0.11859131 -0.873291
0.46118164 -0.083618164 0.11773682 -0.8754883
0.45788574 -0.08508301 0.1171875 -0.87713623
0.45532227 -0.08605957 0.11694336 -0.87841797
0.45324707 -0.08691406 0.11694336 -0.87939453
0.45135498 -0.08770752 0.11694336 -0.88031006
0.44952393 -0.08868408 0.116882324 -0.8811035
0.4477539 -0.08984375 0.116760254 -0.881897
0.44604492 -0.09112549 0.11663818 -0.8826904
0.44439697 -0.09240723 0.11645508 -0.88342285
0.44274902 -0.093566895 0.11621094 -0.8841553
0.44110107 -0.09466553 0.1159668 -0.8848877
0.43933105 -0.09564209 0.11578369 -0.88568115
0.43756104 -0.09643555 0.115600586 -0.8864746
0.43615723 -0.09667969 0.11566162 -0.887146
0.43475342 -0.09698486 0.115722656 -0.8878174
0.4336548 -0.09692383 0.11584473 -0.8883667
0.43273926 -0.09667969 0.11602783 -0.88879395
0.43200684 -0.09631348 0.11621094 -0.88916016
0.43133545 -0.095825195 0.11633301 -0.88952637
0.4307251 -0.09515381 0.11633301 -0.8898926
0.43023682 -0.09442139 0.11633301 -0.89019775
0.4293213 -0.09338379 0.11633301 -0.8907471
0.4293213 -0.09338379 0.11633301 -0.8907471
0.42889404 -0.09320068 0.11633301 -0.8909912
0.4284668 -0.09313965 0.11621094 -0.8911743
0.4281006 -0.09326172 0.1161499 -0.8913574
0.42773438 -0.093566895 0.1159668 -0.8915405
0.4274292 -0.09399414 0.115722656 -0.8916626
0.42718506 -0.09466553 0.11541748 -0.89178467
0.42749023 -0.08996582 0.111206055 -0.89263916
0.4277954 -0.08538818 0.10687256 -0.8934326
0.42816162 -0.08099365 0.10253906 -0.8942261
