0.28692627 -0.52130127 -0.04559326 -0.80236816
0.28405762 -0.5326538 -0.05114746 -0.79559326
0.28259277 -0.54400635 -0.055236816 -0.788147
0.2828369 -0.55474854 -0.058288574 -0.78027344
0.28485107 -0.5645752 -0.06011963 -0.77227783
0.28826904 -0.5736084 -0.059936523 -0.7644043
0.29315186 -0.5817261 -0.058044434 -0.7564697
0.29962158 -0.5890503 -0.054992676 -0.7484741
0.30767822 -0.595459 -0.051330566 -0.74035645
0.31726074 -0.6008911 -0.047424316 -0.7321167
0.32855225 -0.6051636 -0.04321289 -0.7238159
0.3418579 -0.6077881 -0.03857422 -0.71569824
0.35632324 -0.60876465 -0.031799316 -0.70806885
0.37121582 -0.60839844 -0.022033691 -0.70111084
0.3866577 -0.60632324 -0.010192871 -0.6948242
0.40246582 -0.60272217 0.0036010742 -0.6890259
0.41827393 -0.5975952 0.018920898 -0.68377686
0.434021 -0.5909424 0.035583496 -0.67907715
0.44976807 -0.58239746 0.05316162 -0.6750488
0.46533203 -0.5720215 0.07183838 -0.67163086
0.48028564 -0.5598755 0.09112549 -0.66900635
0.49395752 -0.5463867 0.11053467 -0.66729736
0.5062256 -0.53149414 0.12890625 -0.6668091
0.51690674 -0.5152588 0.14538574 -0.66796875
0.526062 -0.4973755 0.16052246 -0.67089844
0.5338745 -0.477417 0.17486572 -0.67559814
0.5402832 -0.4552002 0.1887207 -0.6821289
0.5449829 -0.43115234 0.20281982 -0.6899414
0.54766846 -0.40594482 0.21685791 -0.69873047
0.5479126 -0.38061523 0.2312622 -0.7081299
0.5459595 -0.3554077 0.24499512 -0.7180786
0.54119873 -0.3312378 0.25830078 -0.7284546
0.5336914 -0.30859375 0.27038574 -0.73950195
0.52404785 -0.28735352 0.2810669 -0.7508545
0.51275635 -0.26782227 0.29071045 -0.76208496
0.5006714 -0.24963379 0.29864502 -0.77319336
0.48754883 -0.23358154 0.3060913 -0.7836304
0.473938 -0.21911621 0.31195068 -0.7937622
0.45965576 -0.20690918 0.31689453 -0.8034668
0.44519043 -0.19622803 0.31976318 -0.8130493
0.4309082 -0.18713379 0.32080078 -0.82244873
0.41687012 -0.17932129 0.32006836 -0.83166504
0.40319824 -0.17279053 0.31750488 -0.84069824
0.3897705 -0.16760254 0.3135376 -0.84954834
0.3765869 -0.16369629 0.30804443 -0.85821533
0.3637085 -0.16125488 0.30145264 -0.8665161
0.35101318 -0.16070557 0.29400635 -0.87438965
0.33850098 -0.1619873 0.284729 -0.8820801
0.32611084 -0.16534424 0.2738037 -0.8895874
0.3139038 -0.17059326 0.2611084 -0.8967285
0.30212402 -0.17767334 0.24682617 -0.9034424
0.29101562 -0.18676758 0.23168945 -0.9092407
0.28051758 -0.19793701 0.2166748 -0.9138794
0.27056885 -0.2111206 0.20184326 -0.91729736
0.2612915 -0.22601318 0.18756104 -0.9194946
0.25286865 -0.24194336 0.17358398 -0.9205322
0.24542236 -0.25842285 0.16003418 -0.9205322
0.23956299 -0.2750244 0.14752197 -0.91937256
0.23529053 -0.29162598 0.1362915 -0.9170532
0.23242188 -0.3083496 0.12701416 -0.91363525
0.2312622 -0.3250122 0.119384766 -0.9091797
0.23181152 -0.3413086 0.11328125 -0.9038696
0.23486328 -0.35687256 0.1083374 -0.89764404
0.24017334 -0.37176514 0.105529785 -0.8905029
0.24731445 -0.38562012 0.10467529 -0.8826904
0.25610352 -0.3982544 0.10571289 -0.8744507
0.2662964 -0.409729 0.10803223 -0.8657837
0.2774048 -0.4199829 0.11053467 -0.8569946
0.28912354 -0.4290161 0.11242676 -0.84832764
0.3012085 -0.43676758 0.11407471 -0.8399048
0.31378174 -0.4432373 0.115600586 -0.83166504
0.32696533 -0.4484253 0.117126465 -0.8236084
0.34094238 -0.4520874 0.11907959 -0.8156128
0.35577393 -0.45410156 0.1217041 -0.80773926
0.3708496 -0.45495605 0.12658691 -0.7996826
0.38519287 -0.45568848 0.13330078 -0.7913208
0.39831543 -0.45666504 0.14050293 -0.78302
0.41033936 -0.45758057 0.14672852 -0.7750244
0.42163086 -0.45843506 0.15179443 -0.76745605
0.43206787 -0.45928955 0.15618896 -0.7602539
0.44177246 -0.46014404 0.16033936 -0.75323486
0.4505005 -0.4611206 0.16503906 -0.74645996
0.458313 -0.46203613 0.17047119 -0.73986816
0.46539307 -0.4625244 0.17614746 -0.7338257
0.47143555 -0.46264648 0.18225098 -0.7283325
0.47644043 -0.4625244 0.18865967 -0.72351074
