0.710083 0.16064453 -0.168396 -0.6645508
0.7102051 0.1665039 -0.16564941 -0.66363525
0.71069336 0.17028809 -0.16113281 -0.66326904
0.7109375 0.17297363 -0.15588379 -0.66363525
0.7105713 0.1751709 -0.15057373 -0.6646118
0.7095337 0.17712402 -0.14562988 -0.6663208
0.7077637 0.17883301 -0.14074707 -0.66882324
0.70544434 0.18023682 -0.13574219 -0.671875
0.7026367 0.18182373 -0.13079834 -0.675354
0.6995239 0.18322754 -0.12554932 -0.6791992
0.696228 0.18371582 -0.12042236 -0.6833496
0.6923828 0.18359375 -0.11663818 -0.68792725
0.68829346 0.18243408 -0.11419678 -0.692749
0.68414307 0.18029785 -0.11352539 -0.69750977
0.68011475 0.17694092 -0.11505127 -0.7020874
0.67626953 0.17211914 -0.119262695 -0.7062988
0.6726074 0.16534424 -0.12634277 -0.71014404
0.6696167 0.15612793 -0.13586426 -0.7133179
0.6677246 0.1439209 -0.14715576 -0.71539307
0.6672363 0.12854004 -0.16015625 -0.7160034
0.66796875 0.109802246 -0.17492676 -0.7149658
0.6694336 0.08746338 -0.19128418 -0.7124634
0.67108154 0.061706543 -0.20904541 -0.70861816
0.6726074 0.03338623 -0.22790527 -0.7032471
0.6738281 0.003112793 -0.24719238 -0.6963501
0.6746826 -0.028381348 -0.26617432 -0.6878662
0.6749878 -0.06109619 -0.28399658 -0.67822266
0.67456055 -0.09484863 -0.30029297 -0.6676636
0.67303467 -0.12884521 -0.31536865 -0.65649414
0.67022705 -0.16204834 -0.32958984 -0.64489746
0.6663208 -0.19342041 -0.34326172 -0.63305664
0.6616211 -0.22277832 -0.35559082 -0.62145996
0.65631104 -0.24963379 -0.36602783 -0.6107178
0.65093994 -0.2727661 -0.37493896 -0.6010742
0.6453247 -0.29296875 -0.38110352 -0.59375
0.6398926 -0.3092041 -0.38531494 -0.58862305
0.635376 -0.32141113 -0.3880005 -0.5852051
0.6315918 -0.32977295 -0.3892212 -0.5838623
0.62823486 -0.33496094 -0.3885498 -0.58496094
0.6246948 -0.3378296 -0.38562012 -0.58898926
0.62127686 -0.33770752 -0.38134766 -0.595459
0.61798096 -0.33465576 -0.37609863 -0.60388184
0.61468506 -0.32910156 -0.3701172 -0.6138916
0.61151123 -0.32128906 -0.36328125 -0.62524414
0.60809326 -0.31152344 -0.35565186 -0.6376953
0.6043701 -0.29986572 -0.34753418 -0.6511841
0.60028076 -0.28619385 -0.33892822 -0.6654663
0.5960083 -0.2705078 -0.32965088 -0.6804199
0.59173584 -0.25250244 -0.3201294 -0.6954346
0.5878296 -0.23144531 -0.31079102 -0.71014404
0.58428955 -0.20770264 -0.30133057 -0.72436523
0.5807495 -0.1821289 -0.29071045 -0.7382202
0.5772095 -0.15557861 -0.27825928 -0.75177
0.57366943 -0.12841797 -0.26446533 -0.76452637
0.5698242 -0.10089111 -0.25073242 -0.776062
0.56555176 -0.07348633 -0.23706055 -0.786499
0.560791 -0.04736328 -0.22265625 -0.79608154
0.55584717 -0.023254395 -0.20758057 -0.80462646
0.5506592 -0.00079345703 -0.19366455 -0.8119507
0.54522705 0.018920898 -0.18048096 -0.8184204
0.5401001 0.03540039 -0.16918945 -0.82366943
0.5358887 0.047424316 -0.15887451 -0.82788086
0.5326538 0.055725098 -0.15136719 -0.83081055
0.53045654 0.059509277 -0.14648438 -0.8328247
0.52923584 0.05883789 -0.14434814 -0.8340454
0.52893066 0.054016113 -0.14520264 -0.8344116
0.52948 0.045288086 -0.14898682 -0.83392334
0.5307007 0.032958984 -0.15515137 -0.83258057
0.53234863 0.017150879 -0.1630249 -0.8305054
0.53430176 -0.0017089844 -0.1716919 -0.8276367
0.5363159 -0.02355957 -0.18060303 -0.8241577
0.53826904 -0.047851562 -0.18963623 -0.8197632
0.54022217 -0.073913574 -0.19891357 -0.81433105
0.54193115 -0.101257324 -0.20837402 -0.8078613
0.5432129 -0.12963867 -0.21789551 -0.80041504
0.5437622 -0.15820312 -0.22784424 -0.7920532
0.54364014 -0.18640137 -0.23773193 -0.78308105
0.54260254 -0.2144165 -0.24645996 -0.77386475
0.54071045 -0.24194336 -0.25390625 -0.76464844
0.53790283 -0.2687378 -0.26037598 -0.7554321
0.5339966 -0.2946167 -0.26611328 -0.746521
0.52905273 -0.31958008 -0.27105713 -0.73791504
0.5232544 -0.3430786 -0.276062 -0.7295532
0.517395 -0.3642578 -0.28198242 -0.7211914
0.5115967 -0.3828125 -0.28833008 -0.71313477
0.50494385 -0.3998413 -0.29266357 -0.7067261
0.49780273 -0.414917 -0.29553223 -0.7019043
0.49023438 -0.4277954 -0.29760742 -0.6986084
0.48242188 -0.43859863 -0.29882812 -0.6968384
0.47485352 -0.44677734 -0.30004883 -0.6963501
0.46746826 -0.45220947 -0.30090332 -0.69744873
0.45910645 -0.45587158 -0.29919434 -0.70129395
0.45056152 -0.4567871 -0.2962036 -0.70751953
0.4421997 -0.45446777 -0.29278564 -0.7156372
0.4356079 -0.4473877 -0.29125977 -0.72473145
0.42773438 -0.4383545 -0.28796387 -0.736145
0.41888428 -0.4274292 -0.28344727 -0.7493286
0.41027832 -0.4133911 -0.28015137 -0.7630615
0.40148926 -0.39660645 -0.27783203 -0.77734375
0.39215088 -0.37738037 -0.2763672 -0.79211426
0.38189697 -0.35620117 -0.27520752 -0.80718994
0.37005615 -0.33319092 -0.27423096 -0.8226929
0.35791016 -0.30981445 -0.2730713 -0.8374634
0.34509277 -0.28619385 -0.27160645 -0.8515625
0.33184814 -0.26281738 -0.27026367 -0.8647461
0.31903076 -0.24182129 -0.26934814 -0.8759155
0.30621338 -0.22198486 -0.26849365 -0.8859253
0.29382324 -0.20373535 -0.26690674 -0.8949585
0.28125 -0.1854248 -0.26519775 -0.9034424
0.27056885 -0.16998291 -0.26245117 -0.91052246
0.26116943 -0.15551758 -0.25952148 -0.916626
0.25305176 -0.14190674 -0.25634766 -0.9219971
0.24609375 -0.12915039 -0.2529297 -0.9266968
0.2399292 -0.117370605 -0.24969482 -0.93078613
0.23431396 -0.10675049 -0.2468872 -0.9342041
0.2290039 -0.097473145 -0.24456787 -0.9371338
0.22406006 -0.08959961 -0.24291992 -0.9395752
0.21936035 -0.08337402 -0.24163818 -0.9415283
0.21496582 -0.07879639 -0.24066162 -0.9432373
0.2109375 -0.075683594 -0.24023438 -0.944458
0.20751953 -0.07397461 -0.24023438 -0.94537354
0.20477295 -0.07354736 -0.24041748 -0.9459839
0.20275879 -0.074157715 -0.24047852 -0.9463501
0.20159912 -0.07574463 -0.24066162 -0.94641113
