0.60046387 -0.40093994 -0.38757324 -0.5731201
0.58947754 -0.401062 -0.39331055 -0.5805054
0.57910156 -0.4006958 -0.3984375 -0.5877075
0.5695801 -0.39996338 -0.40289307 -0.59436035
0.5611572 -0.39935303 -0.40618896 -0.6005249
0.5543213 -0.39904785 -0.40844727 -0.60546875
0.5493164 -0.39898682 -0.40979004 -0.6091919
0.5465698 -0.39953613 -0.40960693 -0.61138916
0.54644775 -0.40118408 -0.40740967 -0.6119385
0.54888916 -0.4039917 -0.40319824 -0.6107178
0.5533447 -0.40789795 -0.39752197 -0.60772705
0.55963135 -0.41271973 -0.3909912 -0.6029663
0.5679321 -0.4179077 -0.38354492 -0.5963745
0.57873535 -0.42279053 -0.375 -0.58795166
0.5922241 -0.42718506 -0.3642578 -0.5780029
0.6079712 -0.4315796 -0.35003662 -0.56707764
0.62561035 -0.4360962 -0.33154297 -0.5554199
0.6451416 -0.43963623 -0.30969238 -0.54278564
0.6661377 -0.44104004 -0.28607178 -0.52905273
0.68707275 -0.4407959 -0.26190186 -0.51483154
0.7067871 -0.43988037 -0.23693848 -0.5008545
0.7251587 -0.43804932 -0.21142578 -0.48736572
0.74224854 -0.4352417 -0.1854248 -0.4746704
0.7578125 -0.43139648 -0.15911865 -0.46295166
0.7717285 -0.42681885 -0.13244629 -0.45251465
0.78393555 -0.42077637 -0.10668945 -0.4439087
0.79437256 -0.41290283 -0.08258057 -0.43774414
0.8027954 -0.40411377 -0.059753418 -0.4343872
0.80908203 -0.39440918 -0.038757324 -0.43395996
0.8135376 -0.383667 -0.01977539 -0.4364624
0.8161621 -0.37213135 -0.0022583008 -0.4420166
0.81689453 -0.35992432 0.014587402 -0.4505005
0.815979 -0.3470459 0.030883789 -0.4613037
0.81365967 -0.33374023 0.04675293 -0.47369385
0.8101196 -0.3203125 0.061950684 -0.48706055
0.80566406 -0.30706787 0.075805664 -0.5008545
0.8008423 -0.29400635 0.08709717 -0.51446533
0.79571533 -0.2821045 0.095581055 -0.52734375
0.79016113 -0.2723999 0.101745605 -0.5395508
0.7839966 -0.26489258 0.1060791 -0.55126953
0.77679443 -0.25982666 0.10784912 -0.56347656
0.76934814 -0.25476074 0.109558105 -0.5755005
0.7616577 -0.24945068 0.10870361 -0.58813477
0.7536621 -0.24395752 0.10626221 -0.60095215
0.74523926 -0.23895264 0.10241699 -0.6140137
0.73657227 -0.23388672 0.09851074 -0.6268921
0.72631836 -0.23175049 0.09088135 -0.64068604
0.7158203 -0.22949219 0.08331299 -0.6541748
0.7036743 -0.22973633 0.0703125 -0.6687012
0.6911621 -0.22979736 0.05731201 -0.6828003
0.6772461 -0.2319336 0.039978027 -0.6970825
0.6625366 -0.234375 0.020751953 -0.7111206
0.64727783 -0.2376709 0.00079345703 -0.72424316
0.63183594 -0.24224854 -0.018859863 -0.73602295
0.6165161 -0.24816895 -0.037902832 -0.7462158
0.6015625 -0.25524902 -0.056274414 -0.7548218
0.5873413 -0.26361084 -0.07330322 -0.7616577
0.5745239 -0.27294922 -0.08892822 -0.7664795
0.5639038 -0.2826538 -0.103515625 -0.76898193
0.55566406 -0.29260254 -0.117248535 -0.7692871
0.54956055 -0.30303955 -0.1296997 -0.76763916
0.5458374 -0.31347656 -0.14099121 -0.76416016
0.54455566 -0.32354736 -0.15112305 -0.75891113
0.5455322 -0.333313 -0.16015625 -0.7520752
0.54833984 -0.34313965 -0.16784668 -0.7438965
0.55249023 -0.3534546 -0.17376709 -0.7345581
0.5574951 -0.36413574 -0.17828369 -0.72442627
0.5632324 -0.3746338 -0.18218994 -0.71362305
0.569458 -0.3850708 -0.18585205 -0.7020874
0.57611084 -0.39508057 -0.1895752 -0.69000244
0.58343506 -0.40441895 -0.19360352 -0.677124
0.5918579 -0.41278076 -0.19793701 -0.66345215
0.6012573 -0.4202881 -0.2020874 -0.64886475
0.6114502 -0.42687988 -0.20574951 -0.633667
0.62213135 -0.43286133 -0.20874023 -0.618103
0.6329956 -0.4385376 -0.21063232 -0.60217285
0.64385986 -0.44421387 -0.21105957 -0.5861206
0.654541 -0.45013428 -0.20947266 -0.5701294
0.6652832 -0.45587158 -0.20599365 -0.55426025
0.67596436 -0.46124268 -0.20080566 -0.5385132
0.6865845 -0.46643066 -0.19390869 -0.5229492
0.6972656 -0.4710083 -0.18566895 -0.5074463
0.7078247 -0.4751587 -0.1762085 -0.49212646
0.71777344 -0.47924805 -0.16540527 -0.47729492
0.7264404 -0.48376465 -0.15338135 -0.4633789
0.73413086 -0.48779297 -0.14147949 -0.4506836
0.7406006 -0.49139404 -0.13031006 -0.4393921
0.7461548 -0.49450684 -0.11993408 -0.4293213
