0.1751709 0.55133057 0.06585693 0.8130493
0.17254639 0.5545654 0.06085205 0.8117676
0.1694336 0.5567627 0.055786133 0.8112793
0.16577148 0.55755615 0.050476074 0.8118286
0.16082764 0.5570679 0.045715332 0.8134155
0.15496826 0.55548096 0.041137695 0.81591797
0.14813232 0.55285645 0.036865234 0.81915283
0.13952637 0.54919434 0.03289795 0.8233032
0.12780762 0.5441284 0.02960205 0.8286743
0.114868164 0.5366211 0.024902344 0.8355713
0.10021973 0.5265503 0.018554688 0.84399414
0.084350586 0.513855 0.010375977 0.8536377
0.068359375 0.49957275 0.0012817383 0.8635864
0.05218506 0.4847412 -0.007019043 0.8731079
0.03692627 0.4697876 -0.015258789 0.881897
0.023010254 0.45526123 -0.023132324 0.8897705
0.010070801 0.44122314 -0.030212402 0.8968506
0.001953125 -0.42736816 0.036743164 -0.9033203
0.013305664 -0.41351318 0.042785645 -0.9093628
0.023620605 -0.39971924 0.04827881 -0.9151001
0.032348633 -0.38598633 0.053100586 -0.92041016
0.039916992 -0.37243652 0.05645752 -0.9254761
0.046020508 -0.35894775 0.05859375 -0.9303589
0.050720215 -0.34521484 0.0602417 -0.93518066
0.05444336 -0.3310547 0.06188965 -0.94000244
0.057373047 -0.3161621 0.0635376 -0.9448242
0.059814453 -0.30029297 0.064697266 -0.94976807
0.061340332 -0.28381348 0.0657959 -0.9546509
0.062072754 -0.26733398 0.06555176 -0.9593506
0.061767578 -0.2510376 0.06390381 -0.9638672
0.060424805 -0.23504639 0.061584473 -0.96813965
0.0579834 -0.21936035 0.0592041 -0.97210693
0.054382324 -0.20391846 0.056762695 -0.9758301
0.049743652 -0.18859863 0.053955078 -0.9793091
0.04437256 -0.17346191 0.05053711 -0.98254395
0.038391113 -0.15875244 0.046569824 -0.98547363
0.03186035 -0.14477539 0.04284668 -0.9880371
0.024841309 -0.13189697 0.03869629 -0.99017334
0.017211914 -0.12017822 0.034851074 -0.9920044
0.0087890625 -0.109436035 0.03112793 -0.99346924
0.00048828125 0.099853516 -0.02722168 0.9946289
0.010253906 0.09136963 -0.02355957 0.9954834
0.020629883 0.08404541 -0.020507812 0.9960327
0.031311035 0.078125 -0.016601562 0.9963379
0.042236328 0.07348633 -0.012573242 0.9963379
0.053344727 0.07006836 -0.008728027 0.99609375
0.064331055 0.06774902 -0.004638672 0.99560547
0.074645996 0.06640625 -0.0010986328 0.9949951
0.08416748 0.06567383 0.0017700195 0.9942627
0.09277344 0.06536865 0.0040893555 0.9935303
0.10070801 0.06542969 0.006286621 0.9927368
0.10797119 0.06561279 0.008300781 0.99194336
0.11468506 0.065979004 0.010070801 0.9911499
0.12084961 0.06652832 0.01171875 0.99035645
