0.729126 -0.25482178 -0.3572998 -0.5251465
0.72650146 -0.25823975 -0.36193848 -0.5239258
0.7243042 -0.26239014 -0.36639404 -0.5218506
0.7225952 -0.26690674 -0.37078857 -0.5187988
0.7213135 -0.2718506 -0.37506104 -0.5148926
0.7207031 -0.2767334 -0.37945557 -0.5098877
0.7210083 -0.28137207 -0.3838501 -0.5036621
0.722229 -0.28607178 -0.38781738 -0.49609375
0.7241821 -0.29125977 -0.39111328 -0.48754883
0.72680664 -0.29675293 -0.3939209 -0.47802734
0.7301636 -0.3022461 -0.39624023 -0.46746826
0.73443604 -0.30743408 -0.39801025 -0.45568848
0.74005127 -0.3121338 -0.3988037 -0.44250488
0.7474365 -0.31604004 -0.39849854 -0.4274292
0.7562866 -0.3199463 -0.39593506 -0.41101074
0.7668457 -0.32366943 -0.39050293 -0.39331055
0.7788696 -0.32800293 -0.38146973 -0.37451172
0.7918701 -0.3343506 -0.3675537 -0.3550415
0.8059082 -0.34313965 -0.34649658 -0.33569336
0.8197632 -0.34973145 -0.32458496 -0.31677246
0.8331299 -0.35375977 -0.30249023 -0.29888916
0.8456421 -0.35742188 -0.2800293 -0.28070068
0.8565674 -0.3587036 -0.2578125 -0.26678467
0.86572266 -0.35986328 -0.23571777 -0.25585938
0.8742676 -0.36083984 -0.21343994 -0.24481201
0.8804321 -0.36065674 -0.1930542 -0.23980713
0.8859863 -0.35839844 -0.17388916 -0.23730469
0.8911743 -0.35388184 -0.1560669 -0.23712158
0.89593506 -0.34777832 -0.13885498 -0.23883057
0.9002075 -0.34100342 -0.12121582 -0.24224854
0.9039917 -0.3336792 -0.10235596 -0.24694824
0.9072876 -0.3256836 -0.08239746 -0.25305176
0.9099121 -0.3170166 -0.06188965 -0.26031494
0.91174316 -0.3078003 -0.041809082 -0.26885986
0.9125366 -0.29882812 -0.022827148 -0.27838135
0.91241455 -0.29022217 -0.005554199 -0.28851318
0.9116821 -0.2816162 0.00970459 -0.29907227
0.9104004 -0.27331543 0.02319336 -0.30981445
0.90844727 -0.2659912 0.035339355 -0.3204956
0.9061279 -0.25958252 0.046020508 -0.33087158
0.9033203 -0.25378418 0.05517578 -0.34136963
0.9003906 -0.24786377 0.062316895 -0.35217285
0.8970337 -0.2423706 0.06774902 -0.3633423
0.8931885 -0.237854 0.071777344 -0.37487793
0.8886719 -0.23443604 0.0748291 -0.38684082
0.883728 -0.23168945 0.0769043 -0.399292
0.87854004 -0.22906494 0.077819824 -0.41186523
0.8734741 -0.22631836 0.077819824 -0.4239502
0.8687744 -0.22338867 0.0769043 -0.4352417
0.8644409 -0.22027588 0.07531738 -0.44561768
0.86047363 -0.21704102 0.07324219 -0.4550171
0.8568115 -0.21411133 0.07098389 -0.46362305
0.8532715 -0.21173096 0.06866455 -0.47161865
0.84973145 -0.20996094 0.066101074 -0.47906494
0.8461914 -0.2088623 0.06329346 -0.48608398
0.84259033 -0.20861816 0.060180664 -0.4928589
