0.20758057 0.46765137 0.20898438 0.833374
0.20806885 0.47705078 0.20574951 0.82873535
0.20617676 0.48571777 0.20135498 0.82525635
0.20214844 0.49346924 0.19543457 0.8230591
0.19622803 0.49987793 0.18841553 0.8222656
0.18865967 0.50457764 0.17999268 0.8230591
0.17962646 0.5076904 0.17059326 0.8251953
0.16925049 0.5095825 0.16119385 0.82806396
0.15783691 0.51031494 0.15228271 0.83154297
0.14526367 0.5098877 0.14367676 0.8356323
0.13079834 0.5078125 0.13574219 0.8405762
0.11450195 0.50341797 0.12756348 0.8468628
0.09674072 0.4960327 0.1184082 0.8547363
0.077697754 0.48583984 0.10870361 0.86376953
0.05847168 0.47369385 0.099609375 0.8731079
0.039794922 0.46032715 0.09197998 0.8820801
0.022705078 0.44610596 0.08502197 0.890625
0.0071411133 0.43133545 0.078430176 0.8987427
0.0073242188 -0.4161377 -0.072265625 -0.9063721
0.020996094 -0.4005127 -0.066589355 -0.91363525
0.034057617 -0.38433838 -0.061340332 -0.9205322
0.04663086 -0.3671875 -0.056030273 -0.9273071
0.05871582 -0.3486328 -0.05065918 -0.93408203
0.070129395 -0.32855225 -0.044921875 -0.9407959
0.079956055 -0.307312 -0.039489746 -0.9473877
0.08795166 -0.28546143 -0.03527832 -0.9536743
0.09362793 -0.26324463 -0.032958984 -0.9595947
0.09716797 -0.24090576 -0.032470703 -0.9651489
0.09918213 -0.21844482 -0.033325195 -0.97021484
0.10015869 -0.19598389 -0.03491211 -0.9748535
0.10003662 -0.17370605 -0.035949707 -0.97906494
0.09887695 -0.15197754 -0.036193848 -0.98272705
0.0970459 -0.13104248 -0.03656006 -0.9859619
0.093444824 -0.1126709 -0.038024902 -0.9885254
0.08886719 -0.09588623 -0.040039062 -0.9906006
0.08428955 -0.07904053 -0.042114258 -0.99243164
0.078552246 -0.06402588 -0.044189453 -0.9938965
0.070617676 -0.05267334 -0.046203613 -0.99505615
0.061950684 -0.04296875 -0.04864502 -0.9959717
0.053222656 -0.03326416 -0.051086426 -0.9967041
0.044067383 -0.02508545 -0.053771973 -0.9972534
0.03527832 -0.019348145 -0.056518555 -0.9976196
0.026855469 -0.014099121 -0.05999756 -0.9977417
0.018432617 -0.009216309 -0.06390381 -0.9977417
0.009887695 -0.0043945312 -0.06774902 -0.9976196
0.0012207031 0.00024414062 -0.07080078 -0.99749756
0.0073242188 -0.005004883 0.07287598 0.99731445
0.015625 -0.009765625 0.07421875 0.9970703
0.023376465 -0.014526367 0.07513428 0.9968262
0.030334473 -0.018920898 0.07598877 0.99645996
0.036376953 -0.022949219 0.07739258 0.99609375
0.04156494 -0.026550293 0.07861328 0.9956665
0.046020508 -0.029541016 0.07940674 0.9953613
0.050048828 -0.03186035 0.08001709 0.99505615
0.053710938 -0.03326416 0.08050537 0.994751
0.057006836 -0.03375244 0.08074951 0.99450684
0.05999756 -0.03314209 0.080566406 0.99438477
0.06262207 -0.031677246 0.080078125 0.99432373
