105.625 50.625 75.25
105.75 49.9375 74.375
105.875 49.25 73.4375
106.0625 48.5 72.5
106.3125 47.8125 71.5
106.625 47.0625 70.4375
107.0625 46.3125 69.4375
107.625 45.5625 68.625
18.1875 44.8125 67.875
18.75 44.1875 67.375
19.3125 43.6875 67.125
19.875 43.4375 67.1875
20.375 43.4375 67.5625
20.8125 43.6875 68.25
21.25 44.3125 69.1875
111.6875 45.1875 70.3125
112.0625 46.3125 71.75
112.5625 47.625 73.5625
113.0625 49.0625 75.75
113.625 50.5 78.4375
114.375 52 81.5
115.1875 53.375 85
116.1875 54.5 88.9375
117.3125 55.3125 93.25
118.625 55.75 97.625
120.0625 55.8125 101.9375
121.5625 55.5 105.875
123.25 54.875 109.1875
124.75 54.125 112.0625
126.3125 53.3125 114.125
127.75 52.4375 115.625
129.0625 51.75 116.0625
130.3125 51.0625 115.6875
131.4375 50.375 114.75
132.4375 49.75 113.375
133.375 49 111.5
134.125 48.3125 109.25
134.875 47.5625 106.75
135.5 46.8125 104.0625
136.0625 46.0625 101.25
136.4375 45.25 98.25
46.8125 44.375 95.1875
47.125 43.375 92.1875
47.5 42.125 89.3125
47.8125 40.75 86.5
48.125 39.3125 83.6875
48.4375 37.8125 81
48.6875 36.4375 78.625
48.875 35.125 76.5625
49 34 74.8125
49 33.25 73.625
49 32.8125 73
49.125 32.75 72.875
49.375 32.9375 73.125
49.8125 33.5 73.75
50.375 34.25 74.75
51.0625 35.1875 76.0625
52 36.3125 77.625
53.0625 37.375 79.5625
54.3125 38.4375 81.8125
55.75 39.3125 84.1875
57.375 40.0625 86.6875
59.125 40.625 89.3125
61.0625 40.9375 92
63.125 41 94.625
65.375 40.8125 97.125
67.75 40.3125 99.4375
70.125 39.625 101.75
72.5 38.6875 103.8125
75.0625 37.5625 105.4375
77.625 36.375 106.75
80.0625 35.0625 107.6875
82.4375 33.75 108.25
84.625 32.5 108.4375
86.4375 31.25 108.125
88.0625 30 107.3125
89.375 28.75 106.125
90.3125 27.5 104.625
91 26.25 102.9375
91.375 24.9375 101.125
91.5 23.5625 99.1875
91.5 22.1875 97.3125
91.3125 20.75 95.375
91.125 19.3125 93.4375
90.875 17.9375 91.5
90.5 16.5625 89.5625
90.0625 15.25 87.75
89.4375 14.0625 85.875
89 12.8125 84.125
88.5625 11.5625 82.75
88.1875 10.3125 81.625
87.9375 9.125 80.75
87.6875 8 80.0625
87.4375 7 79.5625
87.1875 6.125 79.1875
87 5.4375 78.9375
86.8125 4.875 78.75
86.6875 4.5 78.625
86.5625 4.25 78.5625
