7.5 6.07 1.69
7.42 6.13 1.81
7.35 6.19 1.94
7.27 6.24 2.08
7.18 6.29 2.22
7.09 6.34 2.37
7 6.39 2.49
6.91 6.44 2.61
6.83 6.48 2.69
6.77 6.52 2.75
6.74 6.56 2.75
6.74 6.58 2.71
6.77 6.58 2.62
6.85 6.55 2.48
6.96 6.5 2.31
7.09 6.43 2.11
7.24 6.33 1.86
7.4 6.22 1.57
7.57 6.1 1.24
7.73 5.96 0.89
7.87 5.82 0.5
7.98 5.69 0.09
8.06 5.56 -0.31
8.11 5.46 -0.73
8.11 5.38 -1.14
8.08 5.33 -1.51
8.02 5.32 -1.85
7.95 5.31 -2.15
7.86 5.34 -2.39
7.77 5.38 -2.58
7.7 5.45 -2.67
7.63 5.54 -2.67
7.55 5.67 -2.62
7.48 5.81 -2.51
7.4 5.97 -2.35
7.32 6.15 -2.15
7.24 6.33 -1.9
7.15 6.5 -1.63
7.06 6.67 -1.32
6.96 6.82 -0.99
6.86 6.97 -0.63
6.73 7.12 -0.27
6.58 7.26 0.08
6.4 7.41 0.44
6.21 7.53 0.82
6.01 7.64 1.2
5.82 7.73 1.55
5.64 7.8 1.85
5.49 7.84 2.12
5.38 7.86 2.3
5.31 7.88 2.4
5.3 7.88 2.42
5.33 7.87 2.38
5.41 7.85 2.28
5.52 7.81 2.12
5.65 7.77 1.92
5.8 7.72 1.68
5.95 7.66 1.4
6.09 7.6 1.09
6.22 7.54 0.76
6.31 7.48 0.42
6.38 7.43 0.08
6.43 7.39 -0.26
6.43 7.37 -0.6
6.41 7.36 -0.92
6.35 7.37 -1.22
6.25 7.39 -1.54
6.13 7.42 -1.83
5.98 7.48 -2.07
5.81 7.55 -2.28
5.64 7.64 -2.44
5.45 7.73 -2.55
5.27 7.84 -2.61
5.08 7.96 -2.61
4.9 8.1 -2.53
4.72 8.25 -2.39
4.53 8.41 -2.2
4.34 8.56 -1.97
4.14 8.72 -1.71
3.92 8.86 -1.43
3.7 9 -1.15
3.47 9.12 -0.86
3.24 9.23 -0.56
3.02 9.32 -0.25
2.79 9.39 0.06
2.58 9.45 0.36
2.38 9.48 0.67
2.17 9.51 0.97
1.97 9.53 1.2
1.75 9.54 1.39
1.55 9.55 1.54
1.36 9.56 1.66
1.19 9.57 1.75
1.05 9.57 1.82
0.93 9.58 1.86
0.83 9.58 1.89
0.77 9.58 1.92
0.72 9.58 1.93
0.7 9.58 1.92
