0.7548828 0.3297119 -0.5574341 -0.1038208
0.75860596 0.33233643 -0.5504761 -0.10498047
0.7625122 0.3345337 -0.54345703 -0.10638428
0.76660156 0.33605957 -0.5363159 -0.1081543
0.770813 0.3369751 -0.5291748 -0.11053467
0.7791748 0.3373413 -0.5150757 -0.117248535
0.7791748 0.3373413 -0.5150757 -0.117248535
0.7827759 0.33746338 -0.5085449 -0.121398926
0.78570557 0.3375244 -0.50286865 -0.12579346
0.7878418 0.33758545 -0.4984131 -0.13012695
0.78881836 0.3375244 -0.49572754 -0.13439941
0.7883301 0.33764648 -0.49542236 -0.13824463
0.7862549 0.3373413 -0.49798584 -0.14147949
0.7828369 0.33605957 -0.503479 -0.14416504
0.7781372 0.3334961 -0.5117798 -0.1461792
0.77227783 0.32928467 -0.5227661 -0.14794922
0.7651367 0.32373047 -0.5361328 -0.14959717
0.75653076 0.31695557 -0.5516968 -0.15112305
0.7463989 0.30914307 -0.5692749 -0.15252686
0.73480225 0.3001709 -0.58843994 -0.1539917
0.7218628 0.289917 -0.6087036 -0.15594482
0.7076416 0.27886963 -0.62957764 -0.15838623
0.6921997 0.26763916 -0.65057373 -0.16113281
0.67578125 0.25665283 -0.67108154 -0.16436768
0.65893555 0.24639893 -0.69055176 -0.16815186
0.6419678 0.23754883 -0.708313 -0.17242432
0.62542725 0.23028564 -0.7241821 -0.17700195
0.6100464 0.22418213 -0.73779297 -0.18231201
0.59588623 0.22045898 -0.7493286 -0.18664551
0.58392334 0.21777344 -0.7581787 -0.19171143
0.5740967 0.21655273 -0.76483154 -0.19628906
0.56848145 0.2164917 -0.76763916 -0.20166016
0.56604004 0.21789551 -0.767395 -0.20788574
0.5661011 0.22131348 -0.76464844 -0.2142334
0.5683594 0.2265625 -0.7595215 -0.2208252
0.5726929 0.2331543 -0.75219727 -0.22772217
0.5787964 0.24041748 -0.74298096 -0.23492432
0.5864868 0.24768066 -0.73205566 -0.24249268
0.5952759 0.25500488 -0.71984863 -0.24987793
0.6050415 0.2619629 -0.70654297 -0.25720215
0.6158447 0.26818848 -0.6920166 -0.26446533
0.6274414 0.27404785 -0.67633057 -0.27172852
0.638916 0.28027344 -0.6599121 -0.27893066
0.6499634 0.28723145 -0.64282227 -0.28607178
0.66082764 0.29431152 -0.625 -0.29333496
0.6723633 0.3012085 -0.605896 -0.30023193
0.6833496 0.30633545 -0.5869751 -0.30767822
0.69317627 0.3110962 -0.56933594 -0.3139038
0.70196533 0.31506348 -0.55322266 -0.31921387
0.70965576 0.31744385 -0.53930664 -0.32366943
0.7149658 0.3196411 -0.529541 -0.32598877
0.7178345 0.32061768 -0.52404785 -0.3274536
0.7182617 0.32019043 -0.5231323 -0.3284912
0.7163086 0.31817627 -0.5264282 -0.32946777
0.71209717 0.3143921 -0.5336304 -0.33062744
0.70581055 0.3088379 -0.5442505 -0.3319702
0.69781494 0.3013916 -0.55755615 -0.3336792
0.6879883 0.29248047 -0.5731201 -0.33569336
0.6763916 0.28271484 -0.590271 -0.33789062
0.66326904 0.27215576 -0.60839844 -0.34033203
0.6489868 0.2609253 -0.62677 -0.34332275
0.633667 0.24945068 -0.6449585 -0.34680176
0.6174927 0.23797607 -0.6626587 -0.35058594
0.60076904 0.22686768 -0.67962646 -0.35455322
0.58361816 0.21643066 -0.69555664 -0.35882568
0.5662842 0.20678711 -0.71014404 -0.36364746
0.5489502 0.1984253 -0.72332764 -0.36889648
0.53125 0.19274902 -0.73583984 -0.37304688
0.51397705 0.18865967 -0.74694824 -0.37719727
0.4977417 0.18560791 -0.75579834 -0.3828125
0.48266602 0.1843872 -0.7630615 -0.38830566
0.4689331 0.18457031 -0.76849365 -0.3942871
0.45715332 0.1862793 -0.7719116 -0.40063477
0.4475708 0.18951416 -0.7730713 -0.40759277
0.44110107 0.19500732 -0.7715454 -0.414917
0.43756104 0.20220947 -0.76708984 -0.42340088
0.43695068 0.21118164 -0.7598877 -0.43249512
0.4389038 0.2218628 -0.7503662 -0.44171143
0.44293213 0.23431396 -0.7387085 -0.45080566
0.44866943 0.24829102 -0.7251587 -0.45959473
0.45562744 0.26324463 -0.70996094 -0.4680786
0.46331787 0.27868652 -0.6937866 -0.475708
0.47174072 0.29364014 -0.67663574 -0.48309326
0.48059082 0.3078003 -0.6586914 -0.49035645
0.4897461 0.32073975 -0.6402588 -0.4973755
0.49920654 0.33239746 -0.621521 -0.5039673
0.50878906 0.34301758 -0.60302734 -0.5097046
0.51934814 0.35284424 -0.5838623 -0.5147095
0.52874756 0.3614502 -0.5654297 -0.51971436
0.53637695 0.3706665 -0.5488281 -0.52319336
0.54260254 0.37976074 -0.5335083 -0.526062
0.5476074 0.38848877 -0.51971436 -0.5282593
0.5515747 0.3968506 -0.5075073 -0.52978516
0.5548706 0.40441895 -0.49682617 -0.5307617
0.55755615 0.4109497 -0.48773193 -0.5313721
0.5593872 0.41687012 -0.48077393 -0.53125
0.5609741 0.42132568 -0.47509766 -0.5311279
0.5623169 0.42462158 -0.4708252 -0.5308838
0.56311035 0.42700195 -0.46820068 -0.53045654
