0.8468628 -0.11920166 -0.3935547 -0.3371582
0.84539795 -0.12213135 -0.39727783 -0.33551025
0.84381104 -0.12579346 -0.40185547 -0.33276367
0.8421631 -0.13031006 -0.40704346 -0.32885742
0.8406372 -0.13598633 -0.41241455 -0.32373047
0.8392334 -0.14257812 -0.41778564 -0.31744385
0.8381958 -0.14935303 -0.42321777 -0.30981445
0.8378296 -0.15576172 -0.4284668 -0.30023193
0.838501 -0.16156006 -0.43322754 -0.2883911
0.84039307 -0.16687012 -0.4368286 -0.27392578
0.84368896 -0.17224121 -0.4385376 -0.25738525
0.8483887 -0.1774292 -0.43792725 -0.23864746
0.8544922 -0.18347168 -0.43426514 -0.21820068
0.8612671 -0.19171143 -0.42730713 -0.19714355
0.8682251 -0.20111084 -0.4180298 -0.17608643
0.875 -0.21081543 -0.40716553 -0.15539551
0.8814697 -0.22027588 -0.3951416 -0.13549805
0.8876953 -0.2288208 -0.3821411 -0.11669922
0.8937378 -0.23608398 -0.3684082 -0.09887695
0.89959717 -0.24267578 -0.35375977 -0.08190918
0.90515137 -0.24926758 -0.33795166 -0.06616211
0.9104004 -0.25549316 -0.32122803 -0.051757812
0.9154053 -0.2612915 -0.3036499 -0.039367676
0.920166 -0.2666626 -0.2852173 -0.02935791
0.9246826 -0.27148438 -0.26593018 -0.02178955
0.92907715 -0.27581787 -0.24584961 -0.016540527
0.9334717 -0.27886963 -0.22515869 -0.013305664
0.9379883 -0.28027344 -0.20361328 -0.011779785
0.94244385 -0.28063965 -0.18121338 -0.012023926
0.94647217 -0.28118896 -0.15795898 -0.0138549805
0.94970703 -0.28253174 -0.13415527 -0.017089844
0.9520874 -0.28448486 -0.11010742 -0.021728516
0.95391846 -0.2859497 -0.08648682 -0.027770996
0.95562744 -0.2854004 -0.06365967 -0.03527832
0.9571533 -0.28320312 -0.041625977 -0.043884277
0.9581909 -0.28033447 -0.020202637 -0.053344727
0.95880127 -0.2769165 0.00048828125 -0.06341553
0.95892334 -0.27319336 0.020568848 -0.07385254
0.9584961 -0.2692871 0.040039062 -0.084350586
0.95751953 -0.26586914 0.058898926 -0.0947876
0.9560547 -0.26263428 0.07684326 -0.105285645
0.9541626 -0.25946045 0.09338379 -0.1161499
0.95202637 -0.2562256 0.10821533 -0.12762451
0.94970703 -0.25274658 0.121154785 -0.1395874
0.9473877 -0.24890137 0.13220215 -0.15179443
0.9451904 -0.24456787 0.14117432 -0.16400146
0.94311523 -0.23999023 0.14801025 -0.17626953
0.940979 -0.23596191 0.15270996 -0.18865967
0.9387207 -0.23254395 0.15509033 -0.20153809
0.93670654 -0.22875977 0.15472412 -0.21533203
0.9346924 -0.22467041 0.15185547 -0.22979736
0.93273926 -0.22045898 0.14660645 -0.24475098
0.93066406 -0.21636963 0.13934326 -0.2600708
0.9283447 -0.21228027 0.13043213 -0.27575684
0.9257202 -0.20825195 0.12011719 -0.29193115
0.9227295 -0.20422363 0.10845947 -0.30847168
0.9193115 -0.19952393 0.095336914 -0.3255005
0.9155884 -0.19439697 0.08105469 -0.34246826
0.9116211 -0.1895752 0.066223145 -0.3587036
0.90740967 -0.18530273 0.051208496 -0.37371826
0.90301514 -0.1817627 0.036254883 -0.38757324
0.8985596 -0.1784668 0.02130127 -0.40039062
0.894104 -0.17510986 0.006164551 -0.41210938
0.8897095 -0.17242432 -0.008911133 -0.42266846
0.88531494 -0.17095947 -0.023376465 -0.43182373
0.88134766 -0.17034912 -0.03717041 -0.43914795
0.87805176 -0.17004395 -0.050598145 -0.44451904
0.8754883 -0.17004395 -0.06359863 -0.4477539
0.8737793 -0.17053223 -0.076171875 -0.4489746
0.87280273 -0.17150879 -0.08831787 -0.44830322
0.8724365 -0.17321777 -0.10015869 -0.44592285
0.8723755 -0.17565918 -0.111816406 -0.44226074
0.8725586 -0.17877197 -0.12347412 -0.43756104
0.8729248 -0.1821289 -0.13531494 -0.43182373
0.8734741 -0.18591309 -0.14715576 -0.42529297
0.8739624 -0.19042969 -0.15881348 -0.4179077
0.8746338 -0.19525146 -0.17041016 -0.409729
0.8754883 -0.20013428 -0.1819458 -0.4005127
0.87646484 -0.20507812 -0.19335938 -0.39038086
0.8776245 -0.21032715 -0.20428467 -0.37927246
0.8788452 -0.21569824 -0.21478271 -0.36743164
0.88012695 -0.22094727 -0.22485352 -0.3550415
0.8812866 -0.22625732 -0.23461914 -0.34222412
0.8824463 -0.23138428 -0.24432373 -0.3287964
0.883667 -0.23602295 -0.2538452 -0.31463623
0.88513184 -0.24023438 -0.26281738 -0.29956055
0.8870239 -0.24383545 -0.27093506 -0.2833252
0.8894043 -0.24731445 -0.2775879 -0.26605225
0.892334 -0.25054932 -0.28222656 -0.24768066
0.8956299 -0.25390625 -0.28485107 -0.22851562
0.89886475 -0.2578125 -0.28588867 -0.20941162
0.90167236 -0.26202393 -0.28588867 -0.19116211
0.9039917 -0.26660156 -0.2852173 -0.17437744
0.9057007 -0.27148438 -0.28405762 -0.15917969
0.90704346 -0.27612305 -0.28277588 -0.14526367
0.90826416 -0.2800293 -0.28137207 -0.13220215
0.90948486 -0.28344727 -0.27960205 -0.11981201
0.9105835 -0.28674316 -0.2772827 -0.10827637
0.91156006 -0.29003906 -0.2744751 -0.097961426
0.91241455 -0.29296875 -0.27148438 -0.08905029
0.9133911 -0.2949829 -0.26849365 -0.08154297
0.91430664 -0.29595947 -0.26586914 -0.07562256
0.91534424 -0.29608154 -0.26342773 -0.07122803
0.91619873 -0.29632568 -0.26098633 -0.068115234
0.9170532 -0.29626465 -0.25860596 -0.066223145
0.9178467 -0.29608154 -0.25610352 -0.06536865
0.9187012 -0.29571533 -0.253479 -0.06524658
0.9197998 -0.2947998 -0.25054932 -0.06555176
0.9212036 -0.29309082 -0.24731445 -0.06604004
0.9227905 -0.29083252 -0.24377441 -0.06689453
0.9244385 -0.28851318 -0.23980713 -0.068115234
