0.77386475 -0.20690918 -0.5975952 -0.034484863
0.77819824 -0.20715332 -0.59155273 -0.039794922
0.78338623 -0.206604 -0.5843506 -0.046081543
0.7894287 -0.20501709 -0.57611084 -0.053344727
0.7962036 -0.20233154 -0.56689453 -0.061401367
0.80352783 -0.1986084 -0.55670166 -0.070373535
0.81134033 -0.19384766 -0.5456543 -0.08001709
0.8195801 -0.18786621 -0.53375244 -0.09008789
0.82806396 -0.18096924 -0.5210571 -0.1005249
0.8366699 -0.17333984 -0.5074463 -0.11138916
0.8453369 -0.16522217 -0.49298096 -0.122558594
0.85388184 -0.15722656 -0.47766113 -0.13397217
0.86224365 -0.14923096 -0.46166992 -0.14538574
0.87023926 -0.14135742 -0.4451294 -0.15661621
0.8779297 -0.13378906 -0.4281006 -0.16760254
0.8851929 -0.12652588 -0.41064453 -0.17834473
0.8922119 -0.1194458 -0.39257812 -0.18878174
0.89886475 -0.11242676 -0.3737793 -0.19915771
0.90527344 -0.10510254 -0.35424805 -0.20953369
0.911438 -0.09753418 -0.3336792 -0.2199707
0.91729736 -0.089416504 -0.31207275 -0.23059082
0.9227295 -0.080566406 -0.28955078 -0.24145508
0.92755127 -0.07092285 -0.26641846 -0.25231934
0.9316406 -0.060913086 -0.24310303 -0.26306152
0.93499756 -0.050720215 -0.22009277 -0.27355957
0.93743896 -0.04107666 -0.19763184 -0.28363037
0.93933105 -0.03149414 -0.1762085 -0.2927246
0.9406738 -0.022949219 -0.15563965 -0.3005371
0.9418335 -0.015197754 -0.13623047 -0.30688477
0.94281006 -0.008422852 -0.11779785 -0.31176758
0.94366455 -0.0025024414 -0.1003418 -0.3154297
0.9442749 0.002746582 -0.083984375 -0.3182373
0.94470215 0.0071411133 -0.068481445 -0.32061768
0.9448242 0.010986328 -0.05407715 -0.32281494
0.94470215 0.014709473 -0.041137695 -0.3250122
0.9442749 0.018493652 -0.029907227 -0.32720947
0.94366455 0.022583008 -0.020385742 -0.32946777
0.94299316 0.026733398 -0.012634277 -0.33154297
0.9423218 0.030334473 -0.006225586 -0.33325195
0.9418335 0.03326416 -0.001159668 -0.33447266
0.94140625 0.03552246 0.0026245117 -0.33538818
0.9411011 0.037109375 0.0051879883 -0.33605957
0.94085693 0.038085938 0.0065307617 -0.33654785
0.9406738 0.038757324 0.0067749023 -0.3369751
0.94055176 0.0390625 0.0060424805 -0.3373413
0.9404297 0.03918457 0.0044555664 -0.33770752
0.9403076 0.039123535 0.0021362305 -0.33813477
0.9401245 0.03881836 -0.00079345703 -0.33868408
0.93981934 0.038146973 -0.0040893555 -0.33953857
0.93933105 0.037231445 -0.007873535 -0.34088135
0.93859863 0.036254883 -0.012023926 -0.34283447
0.9376221 0.035339355 -0.016723633 -0.34545898
0.93634033 0.034423828 -0.021911621 -0.34869385
0.93481445 0.033325195 -0.02758789 -0.35247803
0.9329834 0.032226562 -0.03375244 -0.35687256
0.93084717 0.031066895 -0.04034424 -0.36187744
0.92840576 0.030029297 -0.04736328 -0.36730957
0.9256592 0.028808594 -0.0546875 -0.37329102
0.9226074 0.027404785 -0.062194824 -0.37976074
0.91918945 0.025939941 -0.069885254 -0.3866577
0.9154663 0.024353027 -0.077819824 -0.39404297
0.91137695 0.022583008 -0.08581543 -0.4019165
0.9069214 0.020812988 -0.09387207 -0.4102173
0.9020996 0.018981934 -0.10192871 -0.4189453
0.8969116 0.01763916 -0.11004639 -0.42791748
0.89141846 0.016479492 -0.11834717 -0.43719482
0.8856201 0.015197754 -0.12664795 -0.4465332
0.8796387 0.013977051 -0.13500977 -0.45587158
0.87353516 0.012878418 -0.14312744 -0.4650879
0.8673706 0.0119018555 -0.15100098 -0.47399902
0.8612671 0.011962891 -0.15881348 -0.48254395
0.8551636 0.011657715 -0.16595459 -0.4909668
0.848999 0.011169434 -0.17266846 -0.49926758
0.8428955 0.010986328 -0.17919922 -0.5072632
0.836792 0.009765625 -0.18481445 -0.5153198
0.8253784 0.0075683594 -0.19451904 -0.5299072
0.8203125 0.007080078 -0.1987915 -0.53619385
0.8203125 0.007080078 -0.1987915 -0.53619385
0.8156738 0.006713867 -0.20239258 -0.54193115
0.8114624 0.0064086914 -0.20532227 -0.54711914
0.8076782 0.0063476562 -0.20770264 -0.55181885
0.8041992 0.0064086914 -0.20947266 -0.5562134
0.80096436 0.006713867 -0.21081543 -0.56036377
0.7979126 0.0071411133 -0.21166992 -0.5643921
0.7949829 0.007751465 -0.2121582 -0.56829834
0.7921753 0.008483887 -0.21234131 -0.5720825
0.7896118 0.009338379 -0.21221924 -0.5756836
0.7872925 0.010253906 -0.21173096 -0.5790405
0.78533936 0.011230469 -0.21087646 -0.5819092
0.7838745 0.012207031 -0.20953369 -0.5843506
0.78289795 0.013000488 -0.20776367 -0.5863037
0.7822876 0.013671875 -0.20574951 -0.58776855
0.78204346 0.014221191 -0.20367432 -0.5888672
