162.5 64.3125 -38.4375
162.75 64.125 -38.125
163 64 -37.75
163.1875 63.8125 -37.3125
163.4375 63.625 -36.8125
163.625 63.5 -36.25
163.875 63.375 -35.75
164.1875 63.1875 -35.25
164.5 63.0625 -34.625
164.8125 62.9375 -34.0625
165.1875 62.75 -33.375
165.5 62.5 -32.75
165.875 62.25 -32.0625
166.125 61.9375 -31.25
166.4375 61.625 -30.5
166.6875 61.1875 -29.6875
167.3125 60.375 -28.0625
167.75 59.9375 -27.25
168.125 59.5 -26.4375
168.5625 59 -25.6875
169.0625 58.5 -24.9375
169.5 57.875 -24.1875
170 57.125 -23.4375
170.4375 56.375 -22.6875
170.9375 55.4375 -21.875
171.4375 54.375 -21.0625
171.9375 53.25 -20.25
172.4375 52 -19.3125
172.875 50.6875 -18.3125
173.375 49.4375 -17.25
173.875 48.125 -16.25
174.375 46.875 -15.3125
174.875 45.5625 -14.4375
85.375 44.3125 -13.75
85.875 43 -13.125
86.3125 41.6875 -12.5625
86.75 40.3125 -12
87.25 39 -11.4375
87.75 37.625 -10.875
88.1875 36.1875 -10.25
88.625 34.75 -9.6875
89.0625 33.25 -9.25
89.4375 31.6875 -8.8125
89.8125 30.0625 -8.5
90.125 28.4375 -8.1875
90.4375 26.8125 -7.875
90.75 25.25 -7.5625
91 23.6875 -7.1875
91.4375 20.625 -6.4375
91.625 19.125 -6.1875
91.9375 16.125 -5.75
92.125 14.625 -5.5625
92.25 13.125 -5.3125
92.25 13.125 -5.3125
92.375 11.6875 -5.125
92.4375 10.25 -4.9375
92.5 8.8125 -4.6875
92.5625 7.375 -4.4375
92.5625 5.9375 -4.1875
92.5625 4.5625 -3.9375
92.5 3.1875 -3.6875
92.5 1.875 -3.5625
92.4375 0.6875 -3.4375
92.375 -0.4375 -3.375
92.25 -1.4375 -3.375
92.1875 -2.4375 -3.375
92.0625 -3.3125 -3.4375
91.875 -4.0625 -3.4375
91.75 -4.75 -3.5
91.6875 -5.375 -3.5
91.625 -5.875 -3.5
91.5625 -6.3125 -3.5
91.5625 -6.75 -3.5
91.5 -7.125 -3.5
91.4375 -7.5 -3.375
91.375 -7.8125 -3.3125
91.375 -8.125 -3.25
91.3125 -8.4375 -3.25
91.3125 -8.75 -3.25
91.375 -9 -3.3125
91.375 -9.3125 -3.375
91.375 -9.5 -3.4375
91.375 -9.75 -3.5
91.375 -9.875 -3.5625
91.3125 -10 -3.625
91.1875 -10.0625 -3.6875
91.125 -10.1875 -3.6875
91.0625 -10.25 -3.75
90.9375 -10.3125 -3.8125
90.875 -10.375 -3.875
90.8125 -10.375 -3.9375
90.75 -10.4375 -4
90.6875 -10.5 -4.125
90.625 -10.5 -4.1875
90.5 -10.5625 -4.3125
90.4375 -10.625 -4.375
90.375 -10.6875 -4.4375
90.3125 -10.6875 -4.5
90.25 -10.6875 -4.5625
90.25 -10.6875 -4.625
90.3125 -10.625 -4.75
90.375 -10.5625 -4.8125
90.375 -10.5 -4.875
90.4375 -10.375 -5
90.5 -10.3125 -5.125
90.625 -10.1875 -5.1875
90.75 -10.0625 -5.375
90.9375 -10 -5.5
91.1875 -9.875 -5.625
91.4375 -9.75 -5.8125
91.75 -9.625 -5.9375
92.0625 -9.5 -6.125
92.5 -9.375 -6.3125
92.9375 -9.1875 -6.5
93.5 -9 -6.6875
94.0625 -8.8125 -6.8125
94.75 -8.5625 -7
95.5 -8.25 -7.125
96.25 -8 -7.25
97.125 -7.6875 -7.375
97.9375 -7.3125 -7.375
98.8125 -7 -7.4375
99.6875 -6.6875 -7.5625
100.5625 -6.3125 -7.6875
101.5 -6 -7.8125
102.375 -5.625 -7.875
103.25 -5.3125 -8
104.0625 -5 -8.1875
104.875 -4.6875 -8.3125
105.6875 -4.375 -8.4375
106.375 -4.125 -8.5625
107.0625 -3.9375 -8.6875
107.625 -3.6875 -8.75
108.1875 -3.5 -8.8125
108.6875 -3.3125 -8.875
109.0625 -3.125 -8.9375
109.4375 -2.875 -9
109.75 -2.6875 -9
110 -2.5625 -9.0625
110.25 -2.375 -9.125
110.5 -2.1875 -9.125
110.6875 -2.0625 -9.25
110.9375 -1.9375 -9.3125
111.125 -1.8125 -9.375
111.375 -1.6875 -9.4375
111.5625 -1.5625 -9.5
111.75 -1.4375 -9.5625
111.875 -1.375 -9.5625
112 -1.25 -9.625
112.125 -1.1875 -9.75
