8.82 -2.64 3.36
8.81 -2.63 3.39
8.8 -2.62 3.43
8.79 -2.6 3.48
8.77 -2.58 3.52
8.76 -2.56 3.56
8.75 -2.54 3.6
8.74 -2.52 3.64
8.73 -2.49 3.69
8.72 -2.47 3.74
8.7 -2.44 3.8
8.68 -2.42 3.86
8.65 -2.39 3.93
8.62 -2.36 4.01
8.59 -2.33 4.09
8.56 -2.31 4.18
8.49 -2.24 4.36
8.45 -2.21 4.44
8.41 -2.18 4.54
8.36 -2.16 4.64
8.3 -2.14 4.75
8.24 -2.11 4.87
8.16 -2.09 5
8.07 -2.07 5.15
7.97 -2.05 5.32
7.85 -2.03 5.5
7.73 -1.99 5.69
7.59 -1.95 5.89
7.45 -1.89 6.08
7.3 -1.83 6.27
7.15 -1.77 6.46
7 -1.71 6.64
6.85 -1.67 6.81
6.69 -1.63 6.98
6.52 -1.59 7.14
6.35 -1.55 7.3
6.17 -1.51 7.46
5.98 -1.46 7.62
5.79 -1.41 7.78
5.59 -1.36 7.93
5.37 -1.31 8.09
5.15 -1.28 8.24
4.91 -1.25 8.39
4.67 -1.22 8.53
4.43 -1.2 8.66
4.18 -1.16 8.79
3.94 -1.12 8.9
3.69 -1.08 9.01
3.45 -1.03 9.11
2.96 -0.97 9.29
2.72 -0.94 9.37
2.47 -0.92 9.44
2.23 -0.89 9.5
1.99 -0.85 9.56
1.74 -0.83 9.61
1.5 -0.79 9.65
1.26 -0.75 9.69
1.02 -0.71 9.72
0.78 -0.67 9.75
0.54 -0.63 9.77
0.32 -0.6 9.78
0.12 -0.59 9.78
-0.07 -0.58 9.78
-0.25 -0.58 9.78
-0.42 -0.58 9.77
-0.57 -0.58 9.77
-0.7 -0.59 9.76
-0.81 -0.59 9.75
-0.91 -0.59 9.74
-1 -0.59 9.73
-1.08 -0.6 9.72
-1.15 -0.6 9.71
-1.22 -0.59 9.71
-1.28 -0.58 9.7
-1.33 -0.56 9.69
-1.39 -0.55 9.69
-1.44 -0.55 9.68
-1.49 -0.55 9.67
-1.54 -0.56 9.66
-1.58 -0.57 9.66
-1.62 -0.58 9.65
-1.66 -0.6 9.64
-1.68 -0.6 9.64
-1.7 -0.61 9.63
-1.72 -0.62 9.63
-1.73 -0.62 9.63
-1.74 -0.63 9.62
-1.76 -0.64 9.62
-1.76 -0.65 9.62
-1.77 -0.66 9.62
-1.78 -0.68 9.61
-1.78 -0.69 9.61
-1.79 -0.71 9.61
-1.8 -0.72 9.61
-1.81 -0.73 9.6
-1.82 -0.74 9.6
-1.82 -0.76 9.6
-1.82 -0.77 9.6
-1.81 -0.78 9.6
-1.81 -0.8 9.6
-1.8 -0.81 9.6
-1.78 -0.82 9.6
-1.77 -0.84 9.6
-1.75 -0.86 9.6
-1.73 -0.88 9.61
-1.72 -0.9 9.61
-1.7 -0.92 9.61
-1.68 -0.95 9.61
-1.67 -0.98 9.61
-1.64 -1 9.61
-1.62 -1.03 9.61
-1.6 -1.06 9.61
-1.57 -1.09 9.61
-1.54 -1.13 9.61
-1.5 -1.15 9.62
-1.46 -1.18 9.62
-1.41 -1.21 9.62
-1.36 -1.23 9.63
-1.31 -1.24 9.63
-1.25 -1.25 9.64
-1.2 -1.26 9.64
-1.14 -1.28 9.65
-1.08 -1.31 9.65
-1.02 -1.32 9.66
-0.96 -1.34 9.66
-0.9 -1.36 9.66
-0.85 -1.39 9.66
-0.8 -1.41 9.67
-0.75 -1.44 9.67
-0.71 -1.46 9.67
-0.67 -1.48 9.67
-0.63 -1.49 9.67
-0.6 -1.5 9.67
-0.56 -1.51 9.67
-0.53 -1.52 9.67
-0.5 -1.53 9.67
-0.46 -1.53 9.67
-0.43 -1.54 9.67
-0.41 -1.55 9.67
-0.38 -1.56 9.67
-0.35 -1.57 9.67
-0.33 -1.58 9.67
-0.31 -1.6 9.67
-0.29 -1.61 9.66
-0.27 -1.62 9.66
-0.25 -1.63 9.66
-0.23 -1.63 9.66
-0.22 -1.64 9.66
-0.21 -1.66 9.66
-0.2 -1.67 9.65
-0.19 -1.69 9.65
-0.18 -1.71 9.65
-0.17 -1.73 9.64
-0.16 -1.75 9.64
-0.15 -1.77 9.64
-0.13 -1.79 9.63
-0.12 -1.81 9.63
-0.11 -1.83 9.63
-0.09 -1.84 9.63
-0.09 -1.86 9.62
