0.65979004 -0.45855713 -0.34649658 -0.48406982
0.6595459 -0.45812988 -0.3446045 -0.48614502
0.65948486 -0.45739746 -0.34283447 -0.4882202
0.6595459 -0.45629883 -0.3413086 -0.49023438
0.65966797 -0.45495605 -0.33996582 -0.4921875
0.659729 -0.45367432 -0.338562 -0.4942627
0.65966797 -0.45239258 -0.3371582 -0.496521
0.6594238 -0.45111084 -0.3357544 -0.4989624
0.65911865 -0.44970703 -0.33441162 -0.5015259
0.6588135 -0.44812012 -0.33294678 -0.50427246
0.65856934 -0.44647217 -0.33129883 -0.50720215
0.65838623 -0.4446411 -0.32940674 -0.5101929
0.65844727 -0.44256592 -0.3272705 -0.51330566
0.6588135 -0.44006348 -0.32513428 -0.5163574
0.6594238 -0.43725586 -0.3227539 -0.5194702
0.66015625 -0.4342041 -0.32019043 -0.52264404
0.66137695 -0.42785645 -0.31481934 -0.529541
0.6616211 -0.42468262 -0.31195068 -0.53344727
0.66174316 -0.42163086 -0.30877686 -0.5375366
0.6618042 -0.4185791 -0.30523682 -0.5418701
0.66192627 -0.41534424 -0.3012085 -0.54644775
0.66223145 -0.41174316 -0.29675293 -0.5512085
0.66278076 -0.40771484 -0.29180908 -0.55615234
0.66345215 -0.40325928 -0.28625488 -0.56152344
0.66430664 -0.39819336 -0.27996826 -0.5671997
0.66552734 -0.3925171 -0.27294922 -0.57318115
0.66693115 -0.38598633 -0.2654419 -0.5794678
0.66864014 -0.37835693 -0.25793457 -0.58587646
0.67041016 -0.36987305 -0.2506714 -0.5924072
0.6719971 -0.36090088 -0.24365234 -0.598999
0.6734619 -0.3517456 -0.23687744 -0.6055298
0.6746826 -0.34265137 -0.23016357 -0.6119385
0.6756592 -0.3338623 -0.22332764 -0.61816406
0.67645264 -0.32543945 -0.21618652 -0.6243286
0.6772461 -0.31707764 -0.2086792 -0.63031006
0.67803955 -0.30859375 -0.2010498 -0.6361084
0.67871094 -0.2999878 -0.19335938 -0.6418457
0.6791992 -0.29107666 -0.18579102 -0.64764404
0.6795654 -0.28173828 -0.17840576 -0.6534424
0.67993164 -0.27191162 -0.17102051 -0.65911865
0.6804199 -0.2617798 -0.16339111 -0.66467285
0.68096924 -0.2515869 -0.15527344 -0.67004395
0.68151855 -0.24127197 -0.14654541 -0.6751709
0.68218994 -0.23083496 -0.1375122 -0.6799927
0.6828613 -0.22033691 -0.12835693 -0.68463135
0.68341064 -0.2098999 -0.11907959 -0.6890259
0.68395996 -0.19903564 -0.1104126 -0.69311523
0.6845093 -0.18798828 -0.10223389 -0.6968994
0.68566895 -0.1661377 -0.08666992 -0.70336914
0.68621826 -0.15551758 -0.07879639 -0.70617676
0.68707275 -0.1348877 -0.06262207 -0.71118164
0.6873779 -0.12475586 -0.05444336 -0.71343994
0.6876831 -0.11450195 -0.04650879 -0.71539307
0.6879883 -0.10424805 -0.038879395 -0.7171631
0.6879883 -0.10424805 -0.038879395 -0.7171631
0.6882324 -0.09411621 -0.031066895 -0.71868896
0.6885376 -0.083862305 -0.023803711 -0.7199707
0.6888428 -0.07336426 -0.016723633 -0.72094727
0.68933105 -0.062927246 -0.0095825195 -0.72161865
0.6899414 -0.052734375 -0.0026245117 -0.7219238
0.69055176 -0.04284668 0.004211426 -0.72198486
0.69104004 -0.033569336 0.010864258 -0.7219238
0.6914673 -0.02532959 0.017578125 -0.7217407
0.6918335 -0.017944336 0.024230957 -0.7213745
0.6923218 -0.011291504 0.030639648 -0.7208252
0.6929321 -0.0052490234 0.036499023 -0.7200928
0.69366455 0.00012207031 0.041931152 -0.7191162
0.694397 0.004760742 0.04675293 -0.7180176
0.69506836 0.0087890625 0.050964355 -0.71710205
0.6954956 0.012390137 0.05456543 -0.7163086
0.6956787 0.018432617 0.06072998 -0.71551514
0.6956787 0.020996094 0.06323242 -0.715271
0.69573975 0.02355957 0.06536865 -0.7149048
0.6960449 0.026184082 0.0670166 -0.7144165
0.6960449 0.026184082 0.0670166 -0.7144165
0.69628906 0.028686523 0.068481445 -0.7139282
0.69641113 0.030944824 0.070129395 -0.713501
0.69641113 0.032836914 0.072021484 -0.71325684
0.6963501 0.034606934 0.07385254 -0.71307373
0.69610596 0.036193848 0.075805664 -0.7130127
0.69573975 0.037597656 0.077819824 -0.71307373
0.6954956 0.038635254 0.079711914 -0.7130127
0.69537354 0.03942871 0.08135986 -0.7128906
0.69555664 0.040100098 0.08258057 -0.71258545
0.6958618 0.040527344 0.08355713 -0.7121582
0.6963501 0.040771484 0.08441162 -0.71154785
0.6968384 0.04095459 0.08526611 -0.7109375
0.69732666 0.041015625 0.086120605 -0.7103882
0.6976929 0.041015625 0.08691406 -0.7098999
0.6980591 0.040893555 0.08758545 -0.70947266
0.6984253 0.04071045 0.08831787 -0.7090454
0.6987915 0.04046631 0.08905029 -0.7085571
0.69921875 0.040161133 0.089782715 -0.70806885
0.69970703 0.039855957 0.09069824 -0.70751953
0.7001953 0.039611816 0.091552734 -0.7069702
0.7007446 0.03942871 0.09222412 -0.70635986
0.7011719 0.03918457 0.09295654 -0.70581055
0.70147705 0.038757324 0.093566895 -0.70544434
0.7015991 0.038269043 0.094055176 -0.70532227
0.7015381 0.03765869 0.09436035 -0.70532227
0.701355 0.03692627 0.09460449 -0.7055054
0.70111084 0.036071777 0.09472656 -0.70581055
0.7008667 0.035095215 0.09472656 -0.7061157
0.7005005 0.033996582 0.09472656 -0.70648193
0.6995239 0.03161621 0.09484863 -0.70758057
0.69866943 0.030334473 0.09503174 -0.70843506
0.69866943 0.030334473 0.09503174 -0.70843506
0.69763184 0.0289917 0.09527588 -0.7095337
0.696228 0.027648926 0.095458984 -0.71087646
0.6946411 0.026184082 0.095703125 -0.7124634
0.692749 0.024719238 0.095947266 -0.71429443
0.6906128 0.023132324 0.09613037 -0.71643066
0.6880493 0.021484375 0.09625244 -0.7189331
0.68518066 0.019714355 0.09631348 -0.7217407
0.68182373 0.017822266 0.09631348 -0.72491455
0.6781006 0.015930176 0.0960083 -0.7285156
0.67388916 0.014038086 0.095458984 -0.73254395
0.6692505 0.012023926 0.09466553 -0.73687744
0.6642456 0.010009766 0.093688965 -0.74157715
0.6588745 0.008056641 0.09240723 -0.746521
0.6534424 0.0065307617 0.09063721 -0.75146484
0.6422119 0.0021972656 0.0881958 -0.7614136
0.63635254 -0.00012207031 0.08709717 -0.7664795
0.6303711 -0.002319336 0.085876465 -0.7715454
0.6303711 -0.002319336 0.085876465 -0.7715454
0.62438965 -0.004638672 0.08477783 -0.77648926
0.61846924 -0.006958008 0.083862305 -0.78131104
0.61273193 -0.009277344 0.08312988 -0.7858887
0.60717773 -0.0115356445 0.0826416 -0.79016113
0.6018677 -0.013671875 0.08227539 -0.7942505
0.5968628 -0.015625 0.08190918 -0.79803467
0.5921631 -0.017333984 0.08148193 -0.8015137
0.58795166 -0.018859863 0.08099365 -0.80462646
0.5841675 -0.020324707 0.080566406 -0.80737305
0.5809326 -0.02166748 0.080078125 -0.8097534
0.5780029 -0.023010254 0.07952881 -0.8118286
0.5755005 -0.024353027 0.07885742 -0.81359863
0.5733032 -0.02557373 0.078186035 -0.81518555
0.57141113 -0.026855469 0.07763672 -0.8165283
0.56970215 -0.028198242 0.07727051 -0.817688
0.5680542 -0.02947998 0.07696533 -0.81884766
0.56640625 -0.030761719 0.07684326 -0.8200073
0.5647583 -0.031921387 0.076660156 -0.82110596
0.56311035 -0.033081055 0.07659912 -0.82214355
0.5615845 -0.034179688 0.076538086 -0.82318115
0.5601196 -0.035217285 0.076416016 -0.8240967
0.5588379 -0.036132812 0.07635498 -0.8249512
0.55773926 -0.03692627 0.07623291 -0.8256836
0.55682373 -0.037719727 0.076293945 -0.8262329
0.5560913 -0.038513184 0.07659912 -0.8267212
0.55548096 -0.039245605 0.07714844 -0.82702637
0.5550537 -0.040100098 0.07775879 -0.8272095
0.5546875 -0.04095459 0.07849121 -0.82733154
0.5543213 -0.041931152 0.07910156 -0.8274536
0.5540161 -0.04296875 0.07965088 -0.8275757
0.553772 -0.044067383 0.080078125 -0.8276367
0.55358887 -0.04522705 0.080444336 -0.82769775
0.5534668 -0.04748535 0.08111572 -0.8275757
0.5534668 -0.04748535 0.08111572 -0.8275757
0.55340576 -0.04840088 0.08154297 -0.82751465
0.5532837 -0.0491333 0.08203125 -0.82751465
0.5531006 -0.049682617 0.08251953 -0.82751465
0.55285645 -0.050109863 0.08312988 -0.8276367
0.55267334 -0.05041504 0.08355713 -0.82769775
0.55249023 -0.050720215 0.08416748 -0.82769775
0.55236816 -0.051086426 0.08465576 -0.82769775
0.5523071 -0.051452637 0.08483887 -0.82769775
0.5523071 -0.051940918 0.08477783 -0.82769775
0.5523071 -0.052734375 0.0848999 -0.8276367
0.5523071 -0.053588867 0.0848999 -0.8275757
