286.6875 39.1875 -115
287.25 39.4375 -114.5625
287.8125 39.625 -114.125
288.375 39.875 -113.75
288.9375 40.1875 -113.4375
289.4375 40.5 -113.1875
289.75 40.9375 -113.0625
290 41.4375 -113
290.125 41.875 -112.9375
290.125 42.3125 -113
290.1875 42.625 -113.0625
290.1875 42.75 -113.1875
290.1875 42.625 -113.3125
290.25 42.3125 -113.6875
290.25 41.75 -114.1875
290.1875 40.9375 -114.875
290.125 39.9375 -115.6875
290 38.75 -116.6875
289.875 37.3125 -117.6875
289.75 35.6875 -118.75
289.5625 33.875 -119.9375
289.3125 31.9375 -121.0625
289 29.8125 -122.1875
288.625 27.625 -123.3125
288.25 25.375 -124.375
287.875 23 -125.4375
287.4375 20.625 -126.5625
287 18.25 -127.5625
286.4375 15.875 -128.5
285.875 13.6875 -129.3125
285.3125 11.625 -130.0625
284.6875 9.8125 -130.8125
284.0625 8.1875 -131.1875
283.5 7 -131.75
282.9375 6.1875 -132.25
282.4375 5.75 -132.6875
282 5.6875 -133.125
281.5625 5.875 -133.5
281.1875 6.375 -133.875
280.8125 7.125 -134.3125
280.5 8.125 -134.75
280.1875 9.25 -135.125
279.9375 10.5 -135.5625
279.6875 11.875 -136
279.5 13.4375 -136.4375
279.3125 15.125 -136.875
279.125 17 -137.3125
278.875 19 -137.625
278.6875 21.25 -137.9375
278.5 23.6875 -138.1875
278.3125 28.875 -138.5
278.3125 28.875 -138.5
278.1875 31.5 -138.4375
278 34.125 -138.25
277.875 36.5625 -138.125
277.75 38.8125 -138.1875
277.625 40.875 -138.1875
277.5 42.5625 -138.3125
277.375 43.875 -138.5
277.4375 44.75 -139.125
302.4375 45.1875 -139.9375
302.8125 45.0625 -140.5
277.5 44.5 -141.125
277.375 43.5 -141.875
277.3125 42.1875 -142.6875
277.1875 40.5625 -143.5
277.125 38.625 -144.3125
277.0625 36.5 -145.1875
277 34.1875 -146.0625
276.875 31.75 -146.875
276.8125 29.25 -147.6875
276.625 26.6875 -148.4375
276.375 24.125 -149.1875
276.125 21.5625 -149.9375
275.75 19 -150.625
275.375 16.5625 -151.1875
274.9375 14.1875 -151.8125
274.375 11.9375 -152.25
273.8125 9.8125 -152.5625
273.125 7.9375 -153.1875
272.4375 6.25 -153.875
271.625 4.75 -154.4375
270.875 3.5 -155.0625
270 2.375 -155.75
269.1875 1.5 -156.25
268.3125 0.875 -156.875
267.375 0.5625 -157.625
266.375 0.5 -158.375
265.375 0.8125 -159.125
264.3125 1.4375 -159.9375
263.25 2.375 -160.8125
262.1875 3.5625 -161.8125
261.125 5 -162.8125
260.125 6.6875 -163.8125
259.125 8.625 -164.9375
258.1875 10.75 -166.0625
257.1875 13 -167.3125
256.25 15.5 -168.5
255.3125 18.125 -169.8125
254.375 20.75 -171.125
253.5625 23.3125 -172.625
252.8125 25.875 -174
252.1875 28.25 -175.5
251.625 30.4375 -176.75
251.0625 32.375 -177.875
250.5625 34 -178.875
250.1875 35.375 -179.6875
249.9375 36.5 179.5
249.75 37.375 178.875
249.625 38.125 178.4375
249.5 38.625 178.125
249.4375 39 177.9375
249.375 39.25 177.8125
249.3125 39.375 177.6875
249.1875 39.4375 177.6875
249 39.5 177.6875
248.875 39.4375 177.6875
248.75 39.375 177.6875
248.625 39.3125 177.75
248.5 39.1875 177.8125
248.4375 39.0625 177.9375
248.375 39 178
248.375 38.875 178.1875
248.375 38.75 178.3125
248.4375 38.625 178.4375
248.5625 38.5 178.5625
