6.23 -6.88 -3.15
6.26 -6.88 -3.09
6.29 -6.88 -3.03
6.32 -6.87 -2.98
6.37 -6.84 -2.93
6.42 -6.81 -2.9
6.49 -6.76 -2.87
6.55 -6.71 -2.84
6.6 -6.66 -2.83
6.64 -6.63 -2.82
6.66 -6.61 -2.83
6.64 -6.61 -2.85
6.6 -6.63 -2.91
6.53 -6.67 -2.99
6.43 -6.71 -3.11
6.3 -6.76 -3.26
6.14 -6.82 -3.43
5.95 -6.89 -3.62
5.72 -6.97 -3.83
5.46 -7.05 -4.06
5.18 -7.12 -4.29
4.88 -7.19 -4.53
4.55 -7.25 -4.77
4.2 -7.3 -5
3.84 -7.34 -5.23
3.45 -7.36 -5.46
3.07 -7.37 -5.68
2.69 -7.37 -5.87
2.32 -7.36 -6.04
1.98 -7.34 -6.18
1.67 -7.31 -6.31
1.4 -7.3 -6.39
1.19 -7.26 -6.48
1.06 -7.21 -6.55
0.98 -7.16 -6.62
0.97 -7.12 -6.67
1.01 -7.07 -6.71
1.09 -7.01 -6.75
1.22 -6.95 -6.8
1.38 -6.89 -6.83
1.57 -6.82 -6.86
1.79 -6.74 -6.88
2.02 -6.65 -6.9
2.28 -6.56 -6.91
2.56 -6.46 -6.91
2.86 -6.35 -6.89
3.2 -6.24 -6.85
3.56 -6.11 -6.78
3.94 -5.98 -6.69
4.33 -5.84 -6.57
4.74 -5.68 -6.42
5.13 -5.54 -6.25
5.5 -5.4 -6.05
5.84 -5.25 -5.86
6.15 -5.08 -5.69
6.42 -4.93 -5.52
6.63 -4.79 -5.39
6.8 -4.67 -5.29
6.91 -4.55 -5.26
6.95 -4.44 -5.29
6.94 -4.4 -5.34
6.87 -4.38 -5.44
6.75 -4.38 -5.59
6.58 -4.4 -5.77
6.37 -4.42 -5.98
6.12 -4.45 -6.22
5.84 -4.49 -6.47
5.51 -4.52 -6.72
5.16 -4.55 -6.98
4.79 -4.57 -7.23
4.4 -4.58 -7.46
4 -4.58 -7.68
3.6 -4.56 -7.89
3.2 -4.54 -8.07
2.8 -4.52 -8.23
2.4 -4.48 -8.37
2.03 -4.46 -8.49
1.68 -4.44 -8.57
1.36 -4.37 -8.67
1.07 -4.29 -8.75
0.81 -4.21 -8.81
0.6 -4.12 -8.87
0.41 -4.02 -8.93
0.26 -3.94 -8.97
0.15 -3.84 -9.01
0.09 -3.72 -9.07
0.09 -3.6 -9.11
0.14 -3.49 -9.16
0.24 -3.35 -9.21
0.4 -3.21 -9.25
0.61 -3.04 -9.3
0.86 -2.88 -9.33
1.15 -2.7 -9.35
1.47 -2.51 -9.36
1.82 -2.31 -9.35
2.21 -2.09 -9.32
2.62 -1.87 -9.26
3.05 -1.64 -9.17
3.47 -1.41 -9.06
3.88 -1.15 -8.92
4.28 -0.91 -8.77
4.64 -0.67 -8.61
4.96 -0.47 -8.44
5.25 -0.3 -8.27
5.48 -0.15 -8.12
5.68 -0.03 -7.99
5.83 0.06 -7.88
5.95 0.14 -7.78
6.05 0.2 -7.71
6.12 0.24 -7.65
6.17 0.27 -7.61
6.2 0.28 -7.58
6.22 0.29 -7.56
6.23 0.3 -7.56
6.24 0.3 -7.55
6.23 0.3 -7.56
6.22 0.29 -7.56
6.21 0.29 -7.57
6.2 0.28 -7.59
6.18 0.27 -7.6
6.17 0.25 -7.61
6.15 0.23 -7.62
6.14 0.22 -7.64
6.12 0.2 -7.65
6.11 0.18 -7.66
6.09 0.17 -7.68
