0.05456543 0.48614502 -0.6538696 0.5772095
0.05895996 0.48187256 -0.6546631 0.57940674
0.06335449 0.47747803 -0.65545654 0.5817261
0.0680542 0.4730835 -0.6563721 0.58374023
0.07324219 0.46905518 -0.6572876 0.58532715
0.07891846 0.46551514 -0.65808105 0.5864868
0.08502197 0.46289062 -0.65856934 0.5871582
0.09118652 0.4611206 -0.65875244 0.5874634
0.09686279 0.46002197 -0.6585083 0.5876465
0.10180664 0.45941162 -0.65838623 0.5874634
0.10522461 0.45916748 -0.65838623 0.58703613
0.10662842 0.45922852 -0.6585083 0.5866089
0.105773926 0.45959473 -0.6591797 0.5857544
0.1027832 0.46044922 -0.66070557 0.5838623
0.097473145 0.4619751 -0.66290283 0.5810547
0.090148926 0.46429443 -0.6657715 0.57714844
0.08081055 0.4673462 -0.6692505 0.57196045
0.06939697 0.47106934 -0.6732178 0.56573486
0.056030273 0.47521973 -0.67755127 0.5584717
0.040893555 0.47979736 -0.68218994 0.5501709
0.024414062 0.48480225 -0.68707275 0.5406494
0.0068359375 0.4902954 -0.69195557 0.5299072
0.01184082 -0.49627686 0.69641113 -0.5182495
0.03125 -0.5025635 0.7005005 -0.5057373
0.051086426 -0.5090332 0.7043457 -0.4921875
0.07092285 -0.5155029 0.7081299 -0.47729492
0.09063721 -0.5220337 0.7116089 -0.46142578
0.11010742 -0.52856445 0.71435547 -0.44525146
0.12890625 -0.5350342 0.7163086 -0.4290161
0.14648438 -0.54138184 0.7175293 -0.4130249
0.16247559 -0.5475464 0.71813965 -0.397583
0.1765747 -0.55352783 0.7180786 -0.38311768
0.18969727 -0.55877686 0.71673584 -0.37164307
0.19873047 -0.5639038 0.71588135 -0.36065674
0.2043457 -0.56866455 0.71484375 -0.35198975
0.20703125 -0.57299805 0.71362305 -0.34576416
0.20715332 -0.57684326 0.7123413 -0.3418579
0.20477295 -0.5802002 0.71118164 -0.34002686
0.2000122 -0.58325195 0.7102051 -0.33966064
0.1932373 -0.5861206 0.7093506 -0.3404541
0.18487549 -0.58880615 0.708374 -0.34259033
0.17504883 -0.5911255 0.7074585 -0.34552002
0.16394043 -0.5932617 0.706604 -0.34906006
0.1515503 -0.5950928 0.7057495 -0.35327148
0.13806152 -0.5964966 0.704834 -0.35821533
0.123168945 -0.5975952 0.7037964 -0.36376953
0.1071167 -0.5984497 0.7023926 -0.3701172
0.089660645 -0.598938 0.7005005 -0.37750244
0.07092285 -0.598999 0.69799805 -0.3859253
0.050964355 -0.5983887 0.69506836 -0.39520264
0.0072021484 -0.5947876 0.68847656 -0.414917
0.0072021484 -0.5947876 0.68847656 -0.414917
0.014282227 0.5922241 -0.68414307 0.425354
0.03479004 0.5897217 -0.67907715 0.43572998
0.05456543 0.5871582 -0.67401123 0.44500732
0.07409668 0.58447266 -0.66973877 0.45202637
0.091308594 0.58203125 -0.6656494 0.4580078
0.10601807 0.58013916 -0.6621094 0.4623413
0.11773682 0.5789795 -0.6593628 0.46496582
0.12756348 0.578125 -0.6588135 0.46411133
0.13421631 0.57788086 -0.66015625 0.46069336
0.1348877 0.57910156 -0.6610718 0.45758057
0.13183594 0.58135986 -0.6630249 0.45281982
0.12561035 0.5845947 -0.6658325 0.44622803
0.11669922 0.5886841 -0.6692505 0.43804932
0.10559082 0.59332275 -0.6732788 0.42840576
0.09277344 0.5982666 -0.6777344 0.41729736
0.07849121 0.6032715 -0.6826782 0.40478516
0.06311035 0.60839844 -0.68774414 0.39105225
0.046813965 0.6135254 -0.6925659 0.37646484
0.030029297 0.6187134 -0.6970215 0.36114502
0.013183594 0.6239624 -0.70092773 0.3451538
0.003540039 -0.62939453 0.7041626 -0.32867432
0.019836426 -0.63482666 0.7067261 -0.31176758
0.035888672 -0.6402588 0.7084961 -0.29473877
0.051696777 -0.6456299 0.7094116 -0.2779541
0.066711426 -0.65093994 0.7095947 -0.26141357
0.08123779 -0.65618896 0.70874023 -0.24584961
0.095336914 -0.661438 0.7069702 -0.23150635
0.10601807 -0.6670532 0.7050781 -0.21606445
0.11505127 -0.6729126 0.7023926 -0.20135498
0.122802734 -0.67889404 0.6990967 -0.18798828
0.12872314 -0.6848755 0.6954346 -0.175354
0.13293457 -0.69085693 0.69158936 -0.16363525
0.13677979 -0.6966553 0.6871338 -0.15405273
0.13806152 -0.70269775 0.6826782 -0.1453247
0.13647461 -0.7091675 0.6779175 -0.1375122
0.13305664 -0.7159424 0.6726074 -0.13171387
0.12805176 -0.7227783 0.6668701 -0.12817383
0.12017822 -0.72979736 0.6610718 -0.12634277
0.11004639 -0.7368164 0.6550293 -0.12609863
0.097839355 -0.7437134 0.64886475 -0.1274414
0.08404541 -0.75024414 0.64263916 -0.13061523
0.068603516 -0.7562866 0.63635254 -0.13531494
0.051574707 -0.76190186 0.6300049 -0.14129639
0.03302002 -0.7669678 0.62335205 -0.1484375
0.013183594 -0.7715454 0.61639404 -0.15692139
0.007385254 0.77545166 -0.6088867 0.16674805
0.02911377 0.7786865 -0.60113525 0.17730713
0.05078125 0.7810669 -0.5932617 0.18823242
0.07330322 0.78253174 -0.5855713 0.19848633
0.09442139 0.7831421 -0.5780029 0.20898438
0.11529541 0.7828369 -0.571167 0.21838379
0.13336182 0.7821045 -0.5644531 0.22772217
0.14892578 0.78131104 -0.5581665 0.23626709
0.16217041 0.7803955 -0.55255127 0.24365234
0.17321777 0.7793579 -0.5479126 0.2498169
0.18249512 0.7781372 -0.5443115 0.25476074
0.18988037 0.77697754 -0.54156494 0.25878906
0.19555664 0.77593994 -0.5395508 0.26190186
0.19970703 0.7749634 -0.538208 0.2642212
0.20251465 0.774353 -0.5371704 0.26605225
0.20422363 0.7741089 -0.5362549 0.26733398
0.20507812 0.77423096 -0.5352783 0.26831055
0.2053833 0.77459717 -0.53430176 0.2689209
0.2052002 0.7752075 -0.53338623 0.2692871
0.20465088 0.7758789 -0.5324707 0.26940918
0.20391846 0.7767334 -0.5316162 0.2692871
0.2029419 0.7775879 -0.53082275 0.26904297
0.20172119 0.7784424 -0.5302124 0.26879883
0.20050049 0.77905273 -0.5298462 0.26849365
0.19921875 0.779541 -0.52978516 0.26831055
0.19787598 0.7798462 -0.5299072 0.2680664
0.1965332 0.77996826 -0.5303345 0.26782227
0.19537354 0.77996826 -0.5309448 0.2675171
0.19433594 0.77978516 -0.53186035 0.2670288
