241.5625 -1.5625 -68.375
242.75 -1.6875 -68.4375
243.875 -1.75 -68.5625
245 -1.75 -68.8125
246.0625 -1.75 -69
247.0625 -1.6875 -69.3125
248 -1.6875 -69.625
248.9375 -1.625 -70
249.75 -1.625 -70.3125
250.4375 -1.5 -70.625
250.9375 -1.4375 -71
251.25 -1.3125 -71.5
251.25 -1.125 -72
250.9375 -0.9375 -72.125
250.3125 -0.75 -72.25
249.375 -0.5 -72.3125
248.125 -0.3125 -72.375
246.625 -0.125 -72.5
244.9375 0 -72.625
243 0 -72.75
240.875 -0.0625 -72.9375
238.625 -0.1875 -73.125
236.125 -0.375 -73.3125
233.4375 -0.5625 -73.5625
230.5625 -0.75 -73.8125
227.5 -0.875 -74
224.25 -0.9375 -74.1875
220.9375 -0.9375 -74.375
217.625 -0.9375 -74.5625
214.3125 -1 -74.75
211.125 -1 -75
208.0625 -1 -75.0625
205.125 -0.9375 -75.375
202.4375 -0.875 -75.875
200 -0.8125 -76.375
197.8125 -0.75 -76.9375
195.9375 -0.625 -77.4375
194.5625 -0.5625 -77.6875
193.75 -0.375 -78.1875
193.3125 -0.125 -78.6875
193.25 0.125 -79.3125
193.5 0.5625 -79.875
194.0625 1.125 -80.4375
194.875 1.75 -81
195.8125 2.5625 -81.5625
196.875 3.4375 -82.1875
198.0625 4.4375 -82.8125
199.3125 5.5 -83.4375
200.75 6.625 -84.0625
202.25 7.75 -84.5625
203.9375 9 -84.875
205.75 10.25 -85.0625
207.8125 11.5 -85
210.0625 12.625 -84.75
212.5625 13.6875 -84.75
214.8125 14.625 -84.25
216.875 15.5625 -83.8125
218.75 16.375 -83.4375
220.3125 17.125 -83.25
221.5 17.6875 -83.125
222.25 18.125 -83.3125
222.625 18.4375 -83.8125
222.3125 18.625 -84.0625
221.5625 18.6875 -84.4375
220.375 18.625 -84.9375
218.875 18.5 -85.5625
217.125 18.1875 -86.25
215.1875 17.875 -87.0625
213.0625 17.5 -87.9375
210.75 17.0625 -88.875
208.3125 16.625 -89.875
205.8125 16.125 -90.8125
203.25 15.625 -91.8125
200.6875 15 -92.6875
198.125 14.375 -93.5
195.5625 13.8125 -94.25
193.125 13.3125 -94.9375
190.625 12.875 -95.4375
188.1875 12.5 -95.5625
185.5625 12.25 -94.875
183.25 12.1875 -95.0625
181.0625 12.1875 -95.125
179 12.375 -95.25
177.0625 12.75 -95.375
175.25 13.1875 -95.5625
173.75 13.8125 -95.9375
172.4375 14.625 -96.4375
171.375 15.5 -96.9375
170.625 16.625 -97.5
170.0625 17.8125 -98.0625
169.75 19.25 -98.625
169.6875 20.8125 -99.1875
169.875 22.5 -99.625
170.125 24.3125 -99.9375
170.5 26.25 -100.125
170.9375 28.3125 -100.1875
171.375 30.4375 -100.1875
171.9375 32.5625 -99.9375
172.5625 34.625 -99.5625
173.3125 36.6875 -99
174.1875 38.6875 -98.1875
175.1875 40.6875 -97.125
176.375 42.6875 -96.0625
177.25 44.5625 -94.625
180.8125 46.375 -93
184.4375 47.9375 -91.25
187.5625 49.25 -89.4375
190.0625 50.375 -87.625
192 51.3125 -86.0625
193.5 52.0625 -84.875
194.6875 52.625 -84.0625
195.5 53.125 -83.625
196 53.5 -83.4375
196.25 53.75 -83.5
196.25 53.9375 -83.6875
196.125 54.0625 -83.875
