-0.29 -9.11 3.59
-0.3 -9.12 3.57
-0.3 -9.14 3.53
-0.3 -9.15 3.5
-0.29 -9.17 3.46
-0.29 -9.19 3.4
-0.28 -9.21 3.35
-0.27 -9.23 3.29
-0.26 -9.25 3.24
-0.25 -9.27 3.18
-0.23 -9.29 3.1
-0.2 -9.32 3.02
-0.16 -9.33 2.99
-0.13 -9.34 2.98
-0.09 -9.34 2.97
-0.05 -9.34 2.96
-0.02 -9.35 2.94
0 -9.36 2.92
0 -9.36 2.89
-0.01 -9.37 2.86
-0.03 -9.38 2.83
-0.07 -9.39 2.8
-0.1 -9.4 2.77
-0.12 -9.41 2.73
-0.15 -9.42 2.69
-0.16 -9.43 2.66
-0.16 -9.44 2.63
-0.16 -9.45 2.6
-0.17 -9.46 2.57
-0.17 -9.47 2.52
-0.17 -9.47 2.52
-0.16 -9.48 2.46
-0.15 -9.51 2.38
-0.14 -9.53 2.3
-0.13 -9.55 2.21
-0.11 -9.57 2.12
-0.1 -9.58 2.08
-0.07 -9.59 2
-0.02 -9.61 1.91
0.03 -9.63 1.81
0.1 -9.65 1.71
0.19 -9.67 1.61
0.3 -9.68 1.52
0.44 -9.69 1.42
0.59 -9.69 1.32
0.76 -9.7 1.21
0.94 -9.69 1.1
1.13 -9.68 1
1.33 -9.67 0.92
1.54 -9.64 0.86
1.75 -9.61 0.82
1.95 -9.57 0.83
2.14 -9.52 0.86
2.32 -9.48 0.87
2.48 -9.43 0.94
2.63 -9.39 1
2.77 -9.34 1.06
2.89 -9.3 1.09
2.98 -9.27 1.11
3.05 -9.25 1.08
3.1 -9.24 0.99
3.13 -9.24 0.95
3.14 -9.24 0.89
3.13 -9.25 0.81
3.11 -9.27 0.71
3.07 -9.29 0.6
3.01 -9.31 0.47
2.95 -9.34 0.32
2.88 -9.37 0.17
2.81 -9.39 0.01
2.73 -9.41 -0.14
2.64 -9.43 -0.29
2.54 -9.46 -0.44
2.44 -9.47 -0.58
2.34 -9.49 -0.71
2.26 -9.5 -0.82
2.18 -9.51 -0.91
2.12 -9.52 -0.93
2.08 -9.54 -0.81
2.07 -9.54 -0.85
2.08 -9.54 -0.86
2.11 -9.53 -0.87
2.16 -9.52 -0.89
2.24 -9.5 -0.92
2.34 -9.46 -0.99
2.47 -9.42 -1.06
2.63 -9.37 -1.14
2.8 -9.31 -1.22
3 -9.24 -1.31
3.23 -9.15 -1.39
3.48 -9.04 -1.46
3.75 -8.93 -1.51
4.04 -8.79 -1.54
4.34 -8.65 -1.54
4.65 -8.49 -1.53
4.97 -8.31 -1.49
5.28 -8.13 -1.43
5.57 -7.95 -1.34
5.86 -7.76 -1.22
6.13 -7.57 -1.09
6.39 -7.37 -0.92
6.65 -7.16 -0.76
6.88 -6.95 -0.56
7.09 -6.75 -0.35
7.28 -6.56 -0.14
7.43 -6.39 0.06
7.55 -6.24 0.25
7.65 -6.11 0.41
7.73 -6 0.53
7.79 -5.91 0.61
7.84 -5.84 0.64
7.88 -5.79 0.66
7.91 -5.75 0.65
7.93 -5.73 0.63
7.94 -5.72 0.6
7.94 -5.72 0.58
