0.7225952 -0.48309326 0.2878418 -0.40197754
0.7190552 -0.48034668 0.2930298 -0.4078369
0.7147827 -0.47827148 0.29840088 -0.41381836
0.7098999 -0.47686768 0.30395508 -0.41986084
0.7050781 -0.4751587 0.30908203 -0.4260254
0.6999512 -0.47399902 0.31427002 -0.43200684
0.69451904 -0.4734497 0.31970215 -0.43737793
0.68927 -0.47283936 0.3248291 -0.44256592
0.6842041 -0.47247314 0.32958984 -0.4472046
0.6795654 -0.4724121 0.33374023 -0.4512329
0.67529297 -0.47296143 0.33728027 -0.45446777
0.6709595 -0.47491455 0.34057617 -0.45635986
0.66741943 -0.47766113 0.34259033 -0.45715332
0.66619873 -0.47961426 0.34204102 -0.4572754
0.6665039 -0.48205566 0.3397827 -0.45599365
0.6680298 -0.4852295 0.33605957 -0.453125
0.6708374 -0.48919678 0.33111572 -0.44836426
0.6748047 -0.49414062 0.32507324 -0.44140625
0.67993164 -0.49975586 0.3180542 -0.4321289
0.68634033 -0.5059204 0.31011963 -0.4204712
0.6936035 -0.5126343 0.30151367 -0.4064331
0.7017212 -0.5196533 0.29187012 -0.3902588
0.71032715 -0.5270386 0.28125 -0.37225342
0.71899414 -0.5348511 0.2694702 -0.3526001
0.72753906 -0.54296875 0.25665283 -0.33172607
0.7357788 -0.55114746 0.24255371 -0.30993652
0.7435913 -0.559021 0.22741699 -0.2878418
0.7509155 -0.5665283 0.21154785 -0.2654419
0.7575073 -0.57354736 0.19543457 -0.24298096
0.7631836 -0.58026123 0.17938232 -0.22070312
0.7677002 -0.586792 0.16375732 -0.19885254
0.772522 -0.5911865 0.14794922 -0.17834473
0.7749634 -0.59698486 0.13330078 -0.15887451
0.7756958 -0.60339355 0.11981201 -0.14093018
0.77575684 -0.60913086 0.107421875 -0.124816895
0.77490234 -0.6148071 0.09643555 -0.11053467
0.77368164 -0.61968994 0.08685303 -0.09887695
0.77337646 -0.62231445 0.079833984 -0.09082031
0.7711792 -0.62609863 0.07556152 -0.08709717
0.7681885 -0.6300049 0.07354736 -0.087402344
0.7644043 -0.63397217 0.07366943 -0.091308594
0.7600708 -0.6378174 0.07574463 -0.09863281
0.7553711 -0.64123535 0.07928467 -0.10913086
0.7501831 -0.64434814 0.08416748 -0.12243652
0.7441406 -0.64733887 0.090026855 -0.13830566
0.7371216 -0.6503296 0.09667969 -0.1560669
0.72888184 -0.65356445 0.10394287 -0.17553711
0.71972656 -0.6565552 0.11199951 -0.19604492
0.7097168 -0.6590576 0.120788574 -0.21765137
0.6992798 -0.6604004 0.13018799 -0.24066162
0.6882324 -0.66064453 0.14013672 -0.26501465
0.67645264 -0.659729 0.15106201 -0.2904663
0.66503906 -0.65649414 0.16259766 -0.3166504
0.65289307 -0.6519165 0.17541504 -0.34350586
0.6386719 -0.64782715 0.18939209 -0.36950684
0.62677 -0.6413574 0.20111084 -0.39416504
0.61468506 -0.6352539 0.21209717 -0.416687
0.60302734 -0.6296997 0.22167969 -0.43670654
0.5921631 -0.62542725 0.22973633 -0.45318604
0.5831909 -0.6225586 0.23596191 -0.46551514
0.5756836 -0.62194824 0.24066162 -0.47314453
0.569397 -0.6243286 0.24395752 -0.47595215
0.56817627 -0.6263428 0.24267578 -0.4753418
0.56933594 -0.63012695 0.23919678 -0.47076416
0.57232666 -0.63549805 0.23394775 -0.46246338
0.57714844 -0.6418457 0.2267456 -0.45111084
0.5830078 -0.6491699 0.21820068 -0.4371338
0.58917236 -0.65740967 0.2086792 -0.4208374
0.595459 -0.6663208 0.19793701 -0.402771
0.6016846 -0.67559814 0.18603516 -0.38336182
0.60772705 -0.6848755 0.17303467 -0.362854
0.6134033 -0.69415283 0.15917969 -0.34136963
0.61883545 -0.70306396 0.14471436 -0.31903076
0.6239624 -0.7113037 0.12994385 -0.29632568
0.6286011 -0.71881104 0.114868164 -0.2738037
0.6326294 -0.72558594 0.09954834 -0.25183105
0.6361084 -0.7314453 0.08416748 -0.23083496
0.6394043 -0.736084 0.068725586 -0.21124268
0.6442261 -0.7381592 0.052856445 -0.19329834
0.6536255 -0.7351074 0.0357666 -0.17645264
0.6558838 -0.7369995 0.020996094 -0.1619873
0.6583252 -0.73760986 0.007019043 -0.15002441
0.65997314 -0.7380371 -0.006225586 -0.14031982
0.6607666 -0.7385254 -0.018798828 -0.13287354
0.66052246 -0.7392578 -0.030273438 -0.12780762
0.65838623 -0.74102783 -0.040222168 -0.12591553
0.6552124 -0.743042 -0.04876709 -0.1270752
0.6515503 -0.7451172 -0.055847168 -0.13116455
0.6466675 -0.7475586 -0.06121826 -0.13842773
0.64105225 -0.7501221 -0.06506348 -0.14886475
0.6345215 -0.7526245 -0.06726074 -0.16247559
0.62713623 -0.7550049 -0.067871094 -0.17901611
0.6192627 -0.75683594 -0.0670166 -0.19812012
0.6107788 -0.7579956 -0.06524658 -0.21942139
0.60198975 -0.75823975 -0.062805176 -0.2423706
0.5924072 -0.7579346 -0.059936523 -0.26641846
0.5821533 -0.75701904 -0.056762695 -0.2911377
0.5716553 -0.755188 -0.05303955 -0.31628418
0.5609741 -0.7524414 -0.04864502 -0.34173584
0.5498047 -0.74890137 -0.043395996 -0.3673706
0.538147 -0.74450684 -0.03741455 -0.3932495
0.5261841 -0.7390137 -0.030883789 -0.41955566
0.51171875 -0.7337036 -0.023010254 -0.44641113
0.4989624 -0.7271118 -0.017150879 -0.47125244
0.48712158 -0.7197876 -0.012451172 -0.4944458
0.47644043 -0.7122803 -0.008666992 -0.51538086
0.46722412 -0.704895 -0.00592041 -0.5336304
0.460083 -0.69781494 -0.004699707 -0.5489502
0.45422363 -0.69189453 -0.0044555664 -0.56121826
0.4492798 -0.6875 -0.0048828125 -0.5704956
0.44519043 -0.6846924 -0.0057373047 -0.57702637
0.44195557 -0.68322754 -0.0068969727 -0.5812378
0.4395752 -0.6828613 -0.008361816 -0.58343506
0.43804932 -0.6831665 -0.010009766 -0.5841675
0.4375 -0.6838379 -0.0119018555 -0.58380127
0.43774414 -0.6846924 -0.01373291 -0.58258057
