0.6478882 -0.49316406 -0.26226807 -0.5178833
0.65057373 -0.5003052 -0.26464844 -0.50634766
0.654541 -0.5070801 -0.26501465 -0.49414062
0.6598511 -0.51330566 -0.26361084 -0.4812622
0.6661377 -0.519104 -0.26068115 -0.46777344
0.67352295 -0.52423096 -0.25653076 -0.45355225
0.6819458 -0.52874756 -0.25091553 -0.43865967
0.6911011 -0.53302 -0.24334717 -0.4230957
0.7007446 -0.5373535 -0.23303223 -0.40722656
0.7114258 -0.5410156 -0.21972656 -0.3909912
0.7252197 -0.54071045 -0.20446777 -0.37402344
0.7387085 -0.5401001 -0.1854248 -0.35803223
0.7539673 -0.53448486 -0.1663208 -0.34375
0.76885986 -0.5265503 -0.14678955 -0.33172607
0.7811279 -0.51916504 -0.12689209 -0.32281494
0.78948975 -0.51434326 -0.107055664 -0.31732178
0.79571533 -0.51068115 -0.08734131 -0.31365967
0.80059814 -0.50683594 -0.06866455 -0.31219482
0.8043823 -0.5022583 -0.051330566 -0.31323242
0.8074341 -0.4960327 -0.035461426 -0.3173828
0.8098755 -0.48815918 -0.020996094 -0.324646
0.81134033 -0.47888184 -0.007507324 -0.33514404
0.81170654 -0.46850586 0.005432129 -0.34869385
0.81121826 -0.4567871 0.017822266 -0.36462402
0.8100586 -0.44360352 0.02960205 -0.38232422
0.80792236 -0.42974854 0.04095459 -0.401062
0.8048706 -0.4156494 0.051940918 -0.42041016
0.8004761 -0.40197754 0.062683105 -0.4401245
0.7953491 -0.3881836 0.07232666 -0.4598999
0.7896118 -0.3741455 0.080078125 -0.47973633
0.78338623 -0.36016846 0.08581543 -0.49920654
0.77685547 -0.34661865 0.089538574 -0.5180664
0.76989746 -0.33380127 0.09185791 -0.5361328
0.76257324 -0.3218994 0.09326172 -0.5533447
0.7548218 -0.31079102 0.09387207 -0.5699463
0.74664307 -0.3005371 0.09350586 -0.5860596
0.73773193 -0.29144287 0.09197998 -0.6019287
0.7279053 -0.2835083 0.08911133 -0.6179199
0.7173462 -0.27685547 0.08477783 -0.633667
0.7061157 -0.27160645 0.07891846 -0.6491699
0.694397 -0.26739502 0.07092285 -0.66430664
0.6820679 -0.26470947 0.061035156 -0.6789551
0.6691284 -0.26391602 0.04925537 -0.69299316
0.65527344 -0.26568604 0.036499023 -0.70617676
0.6409302 -0.2697754 0.023010254 -0.7182617
0.6269531 -0.2755127 0.009277344 -0.7286377
0.61413574 -0.2826538 -0.0040283203 -0.7368164
0.60272217 -0.29083252 -0.017333984 -0.7428589
0.5925293 -0.30047607 -0.030212402 -0.7468262
0.5836792 -0.31121826 -0.04260254 -0.7487793
0.5767212 -0.3225708 -0.05419922 -0.7485962
0.57196045 -0.33422852 -0.06451416 -0.74627686
0.56933594 -0.34606934 -0.07354736 -0.74212646
0.5683594 -0.35760498 -0.081726074 -0.73651123
0.5689087 -0.36810303 -0.08972168 -0.72991943
0.5708008 -0.3774414 -0.097351074 -0.72265625
0.57421875 -0.38537598 -0.10461426 -0.7147217
0.57922363 -0.39227295 -0.11102295 -0.7058716
0.58551025 -0.39886475 -0.11608887 -0.696167
0.5927124 -0.40545654 -0.11981201 -0.6855469
0.60058594 -0.4121704 -0.12249756 -0.67407227
0.6092529 -0.41888428 -0.12463379 -0.6616821
0.6187744 -0.425354 -0.12640381 -0.6482544
0.6291504 -0.43145752 -0.12792969 -0.633728
0.64001465 -0.43743896 -0.12896729 -0.6184082
0.6511841 -0.44311523 -0.1295166 -0.60235596
0.66296387 -0.44805908 -0.12976074 -0.5855713
0.67578125 -0.4520874 -0.12915039 -0.567749
0.68951416 -0.4550171 -0.12713623 -0.5489502
0.70373535 -0.4569702 -0.12402344 -0.5296631
0.7180176 -0.4580078 -0.11993408 -0.5101929
0.73236084 -0.45788574 -0.114746094 -0.4907837
0.74645996 -0.45684814 -0.10803223 -0.47155762
0.75982666 -0.45587158 -0.09918213 -0.45281982
0.7713623 -0.45599365 -0.08880615 -0.43499756
0.78009033 -0.45806885 -0.07849121 -0.41888428
0.7862549 -0.46148682 -0.06964111 -0.40496826
0.7905884 -0.465271 -0.06262207 -0.39312744
0.793396 -0.4694214 -0.057373047 -0.38330078
0.795166 -0.47338867 -0.05340576 -0.3751831
0.7963257 -0.47686768 -0.050109863 -0.36871338
0.7969971 -0.4796753 -0.047180176 -0.36395264
0.7974243 -0.4814453 -0.0446167 -0.36108398
