46.9375 38.625 83.3125
47.125 38.5625 83.125
47.25 38.5 82.9375
47.375 38.4375 82.8125
47.4375 38.375 82.6875
47.5625 38.3125 82.5625
47.6875 38.3125 82.4375
47.875 38.25 82.3125
48 38.1875 82.1875
48.125 38.125 82.0625
48.25 38.0625 81.9375
48.375 38.0625 81.875
48.5 38 81.875
48.6875 37.9375 81.8125
48.8125 37.8125 81.6875
49 37.75 81.6875
49.125 37.6875 81.625
49.3125 37.625 81.5625
49.4375 37.625 81.5
49.5 37.5625 81.5
49.5625 37.5 81.4375
49.625 37.5 81.375
49.625 37.4375 81.3125
49.6875 37.4375 81.1875
49.75 37.375 81.125
49.875 37.3125 81.0625
50 37.25 81
50.1875 37.1875 80.9375
50.375 37.0625 80.875
50.5 37 80.8125
50.625 36.9375 80.75
50.75 36.8125 80.75
50.8125 36.75 80.6875
50.9375 36.625 80.6875
51.0625 36.5 80.625
51.1875 36.3125 80.5625
51.375 36.125 80.5
51.5625 35.9375 80.4375
51.8125 35.625 80.375
52.125 35.375 80.375
52.4375 35 80.3125
52.8125 34.625 80.3125
53.25 34.1875 80.3125
53.6875 33.6875 80.3125
54.1875 33.1875 80.3125
54.6875 32.5625 80.3125
55.3125 31.9375 80.3125
55.9375 31.25 80.375
56.625 30.5 80.5
57.375 29.6875 80.5625
58.1875 28.75 80.6875
59.0625 27.8125 80.8125
59.9375 26.8125 80.9375
60.8125 25.75 81.0625
61.8125 24.625 81.1875
62.8125 23.5 81.3125
63.875 22.3125 81.4375
65 21.0625 81.5625
66.125 19.75 81.6875
67.25 18.5 81.8125
68.4375 17.1875 82
69.625 15.875 82.0625
70.75 14.5625 82.1875
71.9375 13.25 82.25
73.125 12 82.25
74.3125 10.75 82.25
75.5625 9.4375 82.1875
76.8125 8.1875 82.1875
78.125 6.9375 82.125
79.4375 5.6875 82.125
80.6875 4.4375 82.0625
81.9375 3.1875 82.0625
83.25 1.9375 82.0625
84.4375 0.625 82
85.6875 -0.5 82
86.875 -1.75 82.0625
88.0625 -2.875 82.0625
89.1875 -4.0625 82.0625
90.375 -5.1875 82.0625
91.4375 -6.25 82.0625
92.5 -7.25 82
93.4375 -8.1875 81.9375
94.3125 -9.125 81.75
95.1875 -9.9375 81.625
96 -10.75 81.4375
96.75 -11.5 81.3125
97.4375 -12.125 81.125
98.125 -12.8125 80.9375
98.75 -13.375 80.75
99.3125 -13.9375 80.625
99.875 -14.5 80.5
100.25 -14.9375 80.375
100.625 -15.375 80.25
100.9375 -15.75 80.1875
101.1875 -16.0625 80.125
101.375 -16.375 80.0625
101.8125 -16.9375 79.8125
102.0625 -17.125 79.6875
102.1875 -17.25 79.625
102.3125 -17.3125 79.5625
102.3125 -17.3125 79.4375
102.3125 -17.25 79.3125
102.1875 -17.1875 79.1875
102.0625 -17.0625 79.125
101.9375 -16.9375 79
101.8125 -16.75 78.875
101.6875 -16.625 78.6875
101.5625 -16.4375 78.5625
101.4375 -16.25 78.375
101.375 -16.125 78.1875
101.3125 -15.9375 78
101.25 -15.8125 77.8125
101.25 -15.75 77.625
101.3125 -15.625 77.375
101.4375 -15.625 77.1875
101.5625 -15.625 76.9375
101.8125 -15.625 76.6875
102.0625 -15.625 76.4375
102.3125 -15.625 76.1875
102.625 -15.625 75.9375
103 -15.6875 75.625
103.375 -15.6875 75.3125
103.8125 -15.75 74.9375
104.3125 -15.8125 74.5625
104.8125 -15.8125 74.1875
105.3125 -15.8125 73.875
105.8125 -15.75 73.5
106.25 -15.6875 73.1875
106.6875 -15.625 72.75
107.0625 -15.5 72.4375
107.4375 -15.375 72.1875
107.875 -15.25 71.875
108.3125 -15.0625 71.5625
108.8125 -14.9375 71.25
109.25 -14.75 71
109.6875 -14.5625 70.75
110.0625 -14.3125 70.4375
110.4375 -14.0625 70.125
110.9375 -13.75 69.75
111.375 -13.5 69.3125
111.875 -13.1875 68.875
112.3125 -12.875 68.375
112.6875 -12.5 67.875
113.0625 -12.1875 67.4375
113.4375 -11.875 67.0625
113.8125 -11.5625 66.75
114.5 -10.9375 66.125
114.75 -10.625 65.8125
114.75 -10.625 65.8125
115.0625 -10.3125 65.5625
115.3125 -10 65.25
115.5 -9.6875 65
115.75 -9.375 64.75
115.9375 -9.125 64.4375
116.0625 -8.8125 64.25
116.1875 -8.5625 64.0625
116.25 -8.3125 63.875
116.3125 -8.125 63.75
116.3125 -7.875 63.625
116.375 -7.625 63.4375
116.375 -7.4375 63.3125
116.5 -7.3125 63.125
116.5625 -7.125 63
116.625 -7 62.875
116.6875 -6.875 62.75
116.6875 -6.75 62.6875
116.6875 -6.625 62.5625
116.6875 -6.5 62.5
116.625 -6.4375 62.4375
