6.11 7.61 0.91
6.1 7.61 0.93
6.09 7.61 0.95
6.09 7.62 0.97
6.08 7.62 0.98
6.08 7.62 1
6.07 7.62 1.02
6.06 7.63 1.04
6.06 7.63 1.06
6.05 7.63 1.07
6.04 7.64 1.09
6.03 7.64 1.08
6.02 7.65 1.1
6.01 7.66 1.11
6.01 7.66 1.11
6 7.67 1.12
5.99 7.67 1.13
5.98 7.68 1.13
5.98 7.68 1.14
5.97 7.68 1.15
5.97 7.69 1.16
5.96 7.69 1.17
5.96 7.69 1.18
5.95 7.69 1.19
5.94 7.7 1.2
5.93 7.7 1.21
5.92 7.71 1.22
5.91 7.72 1.23
5.9 7.72 1.24
5.89 7.73 1.25
5.88 7.74 1.25
5.86 7.75 1.26
5.85 7.76 1.27
5.83 7.77 1.28
5.81 7.79 1.29
5.78 7.81 1.3
5.75 7.83 1.31
5.72 7.85 1.32
5.67 7.88 1.33
5.63 7.91 1.34
5.57 7.95 1.35
5.51 7.99 1.36
5.44 8.03 1.37
5.37 8.08 1.37
5.28 8.14 1.38
5.19 8.19 1.39
5.09 8.26 1.39
4.98 8.33 1.39
4.85 8.4 1.39
4.72 8.48 1.38
4.57 8.56 1.38
4.42 8.64 1.37
4.26 8.72 1.36
4.09 8.8 1.35
3.91 8.88 1.35
3.72 8.97 1.34
3.52 9.05 1.34
3.32 9.13 1.33
3.11 9.2 1.31
2.9 9.27 1.3
2.68 9.34 1.29
2.47 9.4 1.28
2.25 9.45 1.28
2.04 9.5 1.28
1.83 9.54 1.29
1.61 9.58 1.3
1.4 9.61 1.31
1.19 9.64 1.32
0.97 9.66 1.33
0.76 9.68 1.34
0.54 9.69 1.34
0.33 9.7 1.35
0.11 9.71 1.35
-0.09 9.71 1.35
-0.3 9.7 1.35
-0.5 9.7 1.34
-0.69 9.68 1.34
-0.88 9.67 1.33
-1.07 9.65 1.34
-1.24 9.63 1.34
-1.4 9.6 1.36
-1.55 9.58 1.37
-1.7 9.55 1.4
-1.83 9.52 1.42
-1.95 9.49 1.44
-2.06 9.47 1.47
-2.17 9.44 1.5
-2.27 9.41 1.52
-2.37 9.38 1.54
-2.45 9.36 1.56
-2.53 9.33 1.57
-2.6 9.31 1.59
-2.66 9.3 1.59
-2.72 9.28 1.6
-2.77 9.26 1.62
-2.81 9.24 1.64
-2.85 9.23 1.65
-2.88 9.22 1.66
-2.9 9.21 1.68
-2.92 9.2 1.71
-2.91 9.2 1.72
-2.9 9.2 1.74
-2.88 9.2 1.76
-2.86 9.2 1.78
-2.83 9.21 1.8
-2.8 9.21 1.83
-2.78 9.21 1.86
-2.75 9.22 1.89
-2.72 9.22 1.92
-2.7 9.22 1.95
-2.67 9.22 1.98
-2.66 9.21 2.02
-2.65 9.21 2.05
-2.64 9.2 2.08
-2.64 9.2 2.12
-2.64 9.19 2.16
-2.64 9.18 2.2
-2.64 9.17 2.24
-2.64 9.15 2.29
-2.65 9.14 2.33
-2.66 9.13 2.39
-2.66 9.11 2.44
-2.67 9.09 2.5
-2.67 9.08 2.56
-2.67 9.06 2.61
-2.66 9.05 2.67
-2.65 9.03 2.72
-2.64 9.02 2.79
-2.62 9.01 2.84
-2.6 9 2.88
-2.58 8.99 2.93
-2.55 8.98 2.98
-2.53 8.97 3.03
-2.5 8.96 3.08
-2.46 8.96 3.12
-2.42 8.95 3.17
-2.38 8.94 3.23
-2.33 8.93 3.29
-2.29 8.92 3.36
-2.24 8.9 3.43
-2.18 8.88 3.51
-2.13 8.87 3.59
-2.07 8.85 3.66
-2.02 8.84 3.73
-1.97 8.82 3.78
-1.92 8.81 3.84
-1.87 8.8 3.89
-1.81 8.79 3.94
-1.76 8.78 3.99
-1.7 8.77 4.03
-1.65 8.76 4.08
-1.6 8.75 4.12
-1.55 8.73 4.16
-1.51 8.72 4.2
-1.46 8.72 4.23
-1.42 8.71 4.26
-1.38 8.7 4.29
-1.34 8.7 4.31
-1.31 8.69 4.34
-1.27 8.68 4.36
-1.25 8.67 4.38
-1.22 8.67 4.41
-1.19 8.66 4.43
-1.17 8.65 4.45
-1.15 8.65 4.46
-1.13 8.64 4.48
-1.11 8.64 4.49
-1.1 8.64 4.5
-1.09 8.63 4.51
-1.08 8.63 4.52
-1.08 8.62 4.53
-1.08 8.62 4.54
-1.08 8.61 4.55
-1.08 8.61 4.56
-1.08 8.6 4.57
-1.08 8.59 4.59
-1.08 8.58 4.6
-1.09 8.58 4.61
-1.1 8.61 4.55
