0.6772461 0.31274414 -0.5973511 -0.2944336
0.6777344 0.3123169 -0.5963745 -0.2956543
0.6781006 0.31195068 -0.5956421 -0.2966919
0.6783447 0.31158447 -0.5950928 -0.29766846
0.67852783 0.31115723 -0.5946655 -0.29858398
0.678772 0.3106079 -0.5942383 -0.29943848
0.6790161 0.30999756 -0.59381104 -0.30041504
0.67926025 0.30926514 -0.59332275 -0.3015747
0.67944336 0.3086548 -0.5928955 -0.30267334
0.67962646 0.30810547 -0.5924072 -0.3036499
0.67974854 0.30767822 -0.59198 -0.30462646
0.6798706 0.30725098 -0.59155273 -0.30566406
0.6793823 0.30718994 -0.59173584 -0.30645752
0.6793823 0.30682373 -0.5913696 -0.30755615
0.6793213 0.30651855 -0.59106445 -0.3086548
0.67907715 0.30621338 -0.59088135 -0.30963135
0.67889404 0.3059082 -0.5907593 -0.31066895
0.67871094 0.30560303 -0.5905762 -0.3116455
0.67858887 0.3053589 -0.5904541 -0.3125
0.67852783 0.30511475 -0.590271 -0.3131714
0.6786499 0.30493164 -0.5899658 -0.31365967
0.678833 0.30480957 -0.5895996 -0.31402588
0.6790161 0.30474854 -0.58929443 -0.31433105
0.67926025 0.30462646 -0.5888672 -0.3147583
0.67944336 0.30438232 -0.58843994 -0.31536865
0.6795044 0.30419922 -0.5880127 -0.31622314
0.6793823 0.30407715 -0.5877075 -0.3171997
0.6791992 0.30389404 -0.58740234 -0.3182373
0.6790161 0.30371094 -0.5871582 -0.31933594
0.678833 0.30358887 -0.586853 -0.32037354
0.67871094 0.30358887 -0.5864868 -0.32122803
0.67858887 0.30377197 -0.5861206 -0.32202148
0.67852783 0.30413818 -0.5856323 -0.32269287
0.6784668 0.30462646 -0.585083 -0.3234253
0.67840576 0.30523682 -0.5843506 -0.3242798
0.6782837 0.30596924 -0.5835571 -0.3251953
0.6781616 0.30682373 -0.5826416 -0.32629395
0.6779785 0.30773926 -0.581604 -0.32769775
0.6776123 0.30877686 -0.5805664 -0.3293457
0.677063 0.31011963 -0.57940674 -0.33129883
0.67633057 0.31170654 -0.578125 -0.33343506
0.6755371 0.3135376 -0.5767212 -0.33581543
0.67456055 0.31573486 -0.5751343 -0.33831787
0.67352295 0.3182373 -0.5734253 -0.34106445
0.67230225 0.3209839 -0.5715332 -0.34399414
0.67089844 0.3239746 -0.569458 -0.34729004
0.6693115 0.3272705 -0.5673218 -0.35083008
0.6673584 0.3310547 -0.5650635 -0.35461426
0.66516113 0.33532715 -0.5626221 -0.35858154
0.6627197 0.34002686 -0.5598755 -0.36291504
0.6600952 0.34503174 -0.5569458 -0.3675537
0.6571045 0.35046387 -0.553833 -0.37231445
0.65393066 0.35632324 -0.5505371 -0.37719727
0.6506958 0.3623047 -0.5469971 -0.38232422
0.64727783 0.36846924 -0.5430908 -0.38763428
0.64367676 0.37493896 -0.53900146 -0.39318848
0.63983154 0.38153076 -0.53466797 -0.39904785
0.6358032 0.3881836 -0.53009033 -0.40509033
0.6314697 0.3949585 -0.52545166 -0.41125488
0.6269531 0.40197754 -0.52075195 -0.4173584
0.6222534 0.40899658 -0.5159912 -0.42340088
0.6175537 0.41583252 -0.51104736 -0.42956543
0.6130371 0.42242432 -0.5058594 -0.43572998
0.60839844 0.42889404 -0.5006714 -0.4418335
0.6039429 0.43481445 -0.49523926 -0.44818115
0.5994873 0.44049072 -0.48980713 -0.45465088
0.5899048 0.45092773 -0.479187 -0.46801758
0.5899048 0.45092773 -0.479187 -0.46801758
0.58483887 0.45587158 -0.47399902 -0.47485352
0.57977295 0.46069336 -0.46862793 -0.48162842
0.5744629 0.4656372 -0.46343994 -0.4882202
0.56921387 0.47058105 -0.45806885 -0.49468994
0.5638428 0.4755249 -0.45263672 -0.50109863
0.55303955 0.48547363 -0.44177246 -0.51312256
0.55303955 0.48547363 -0.44177246 -0.51312256
0.5475464 0.49041748 -0.43658447 -0.5187378
0.54211426 0.4951172 -0.43151855 -0.5241699
0.5366211 0.4996338 -0.42663574 -0.529541
0.53125 0.5037842 -0.42181396 -0.53479004
0.52612305 0.5076294 -0.41711426 -0.539917
0.52142334 0.5111084 -0.41241455 -0.5447998
0.5171509 0.5142212 -0.40771484 -0.5494995
0.5132446 0.51690674 -0.40307617 -0.5540161
0.50964355 0.5192261 -0.39855957 -0.55841064
0.50616455 0.52130127 -0.3944702 -0.56256104
0.5029907 0.52301025 -0.390625 -0.5664673
0.5001221 0.524353 -0.38690186 -0.57025146
0.4973755 0.5256958 -0.3834839 -0.5737915
0.49468994 0.52697754 -0.380188 -0.5770874
0.49224854 0.5282593 -0.37695312 -0.58013916
0.49005127 0.529541 -0.37384033 -0.5828247
0.4882202 0.53082275 -0.3710327 -0.58496094
0.4866333 0.5321045 -0.3684082 -0.586792
0.48529053 0.5333252 -0.36608887 -0.58825684
0.4841919 0.5344238 -0.3638916 -0.5895386
0.4833374 0.5352173 -0.36169434 -0.5908203
0.48181152 0.5360718 -0.3579712 -0.5935669
0.48101807 0.5362549 -0.35687256 -0.59472656
0.48046875 0.53619385 -0.35601807 -0.59576416
0.4802246 0.5358887 -0.3555298 -0.5965576
0.48034668 0.5354004 -0.35516357 -0.5970459
0.48095703 0.534729 -0.35491943 -0.5973511
0.48181152 0.5338745 -0.35479736 -0.59747314
0.4827881 0.53289795 -0.3548584 -0.5975342
0.48388672 0.5317993 -0.3550415 -0.59747314
0.48510742 0.5305786 -0.35534668 -0.5974121
0.48632812 0.52923584 -0.35559082 -0.59747314
0.48754883 0.5276489 -0.355896 -0.59765625
0.4887085 0.526001 -0.3562622 -0.5979614
0.4897461 0.52423096 -0.35662842 -0.5983887
0.49169922 0.5206909 -0.35717773 -0.5996094
0.4923706 0.51898193 -0.35723877 -0.6005249
0.49279785 0.517334 -0.35723877 -0.6015625
0.49279785 0.517334 -0.35723877 -0.6015625
0.49298096 0.51568604 -0.35717773 -0.6029053
0.4925537 0.5119629 -0.35699463 -0.60650635
0.49206543 0.51000977 -0.35699463 -0.60858154
0.49206543 0.51000977 -0.35699463 -0.60858154
0.4915161 0.5079346 -0.3569336 -0.6107788
0.49072266 0.5057373 -0.35687256 -0.6132202
0.48980713 0.50341797 -0.3567505 -0.6159668
0.4873047 0.49798584 -0.3567505 -0.62231445
0.48583984 0.49487305 -0.3569336 -0.6258545
0.48425293 0.49157715 -0.3572998 -0.62939453
0.48260498 0.48828125 -0.35784912 -0.6329346
0.48260498 0.48828125 -0.35784912 -0.6329346
0.48095703 0.48486328 -0.35864258 -0.6362915
0.47943115 0.4814453 -0.35943604 -0.63964844
0.4784546 0.47766113 -0.35986328 -0.64294434
0.47711182 0.4741211 -0.36102295 -0.64593506
0.47576904 0.47045898 -0.36236572 -0.6488037
0.4743042 0.4666748 -0.36376953 -0.65185547
0.4727173 0.46276855 -0.3652954 -0.6549072
0.47094727 0.45874023 -0.3670044 -0.65802
0.46917725 0.4547119 -0.36889648 -0.6610718
0.46759033 0.45056152 -0.3708496 -0.6639404
0.4661255 0.44622803 -0.3727417 -0.6668701
0.4647827 0.4414673 -0.37457275 -0.6699219
0.46331787 0.43621826 -0.37646484 -0.67333984
0.4616089 0.43066406 -0.37841797 -0.6769409
0.460083 0.42468262 -0.38012695 -0.68078613
0.4588623 0.4185791 -0.38146973 -0.68463135
0.4578247 0.4124756 -0.38275146 -0.68829346
0.45672607 0.40673828 -0.38415527 -0.6916504
0.45562744 0.4013672 -0.38555908 -0.6947632
0.45446777 0.39624023 -0.38702393 -0.69763184
0.45214844 0.3864746 -0.3899536 -0.7029419
0.4510498 0.38165283 -0.39141846 -0.70544434
0.45007324 0.3768921 -0.3930664 -0.70770264
0.45007324 0.3768921 -0.3930664 -0.70770264
0.4492798 0.37225342 -0.3945923 -0.70983887
0.44866943 0.36779785 -0.395813 -0.71191406
0.44812012 0.36358643 -0.39678955 -0.7138672
0.44763184 0.35961914 -0.397583 -0.71569824
0.44726562 0.35595703 -0.39849854 -0.71728516
0.44702148 0.35272217 -0.39935303 -0.71850586
0.44696045 0.34973145 -0.40020752 -0.7194824
0.44714355 0.3470459 -0.40100098 -0.7202759
0.44744873 0.34448242 -0.40167236 -0.72094727
0.44769287 0.34204102 -0.4020996 -0.7217407
0.4477539 0.33966064 -0.40252686 -0.7225952
0.4475708 0.33740234 -0.4029541 -0.72351074
0.4473877 0.33520508 -0.4033203 -0.7244873
0.44726562 0.33325195 -0.4036255 -0.7252197
0.44732666 0.33154297 -0.40393066 -0.7258301
0.4475708 0.3300171 -0.4041748 -0.7262573
0.44781494 0.32867432 -0.40441895 -0.7265625
0.44805908 0.32763672 -0.40454102 -0.72680664
0.44836426 0.3267212 -0.40454102 -0.72698975
0.4486084 0.3260498 -0.40447998 -0.7272339
0.44873047 0.32543945 -0.40423584 -0.72753906
0.4487915 0.3250122 -0.40393066 -0.72784424
0.44891357 0.324646 -0.40356445 -0.7281494
0.4489746 0.32434082 -0.4031372 -0.7285156
0.44909668 0.32403564 -0.40270996 -0.7288208
0.4492798 0.32373047 -0.40216064 -0.729126
0.44940186 0.3234253 -0.40161133 -0.7294922
0.44952393 0.32305908 -0.40100098 -0.7298584
0.44970703 0.32281494 -0.40045166 -0.7302246
0.44848633 0.32525635 -0.4025879 -0.72869873
0.44763184 0.3272705 -0.4039917 -0.72753906
0.44812012 0.32684326 -0.40307617 -0.7279663
0.44848633 0.3262329 -0.40203857 -0.72857666
0.44866943 0.3255005 -0.40100098 -0.7293701
0.44873047 0.32452393 -0.4000244 -0.73028564
0.44866943 0.3234253 -0.39916992 -0.7312622
0.4486084 0.3222046 -0.39849854 -0.73223877
0.44854736 0.32080078 -0.39788818 -0.73321533
0.44854736 0.31921387 -0.39733887 -0.7341919
