91.1875 4.75 -42.875
91.25 4.4375 -43.125
91.3125 4.125 -43.3125
91.4375 3.8125 -43.5625
91.625 3.4375 -43.8125
91.875 3.125 -44.1875
92.125 2.6875 -44.625
265.9375 2.3125 -45.125
267.5 1.9375 -45.6875
268.9375 1.625 -46.1875
270.25 1.375 -46.75
271.375 1.1875 -47.25
272.1875 1.0625 -47.6875
272.6875 1 -48.0625
272.8125 1 -48.375
272.375 1.125 -48.6875
271.3125 1.375 -48.875
269.6875 1.8125 -49.125
267.4375 2.3125 -49.3125
264.625 2.875 -49.5
261.375 3.5625 -49.8125
257.6875 4.3125 -50.125
253.6875 5.125 -50.5
249.3125 6 -51
244.5625 7 -51.5625
239.625 8.125 -52.1875
234.4375 9.375 -52.875
229.1875 10.625 -53.6875
223.9375 11.9375 -54.5
218.875 13.1875 -55.5
213.9375 14.5 -56.5
209.25 15.75 -57.5625
204.875 16.9375 -58.625
200.8125 18.125 -59.4375
196.9375 19.25 -60.0625
193.9375 20.25 -60.9375
191.625 21.0625 -61.5625
190.0625 21.875 -62.1875
189.125 22.5 -62.75
188.8125 23.125 -63.125
189 23.625 -63.3125
189.6875 24 -63.375
190.8125 24.25 -63.3125
192.3125 24.5 -63.1875
194.1875 24.625 -63.0625
196.375 24.6875 -62.875
198.875 24.625 -62.6875
201.6875 24.5 -62.625
204.75 24.3125 -62.5625
207.9375 24.0625 -62.375
211.3125 23.8125 -62.25
214.8125 23.5 -61.9375
218.5625 23.0625 -61.625
222.375 22.625 -61.25
226.1875 22.0625 -60.9375
230.125 21.4375 -60.75
233.9375 20.8125 -60.5
237.375 20.3125 -60.1875
240.3125 19.8125 -59.8125
242.875 19.4375 -59.5625
245.0625 19.1875 -59.6875
246.75 19 -60.125
247.4375 18.9375 -60.375
247.375 19 -60.6875
246.5 19.1875 -61.1875
244.9375 19.5 -61.75
242.6875 19.9375 -62.5
240 20.4375 -63.3125
236.8125 21.0625 -64.3125
233.375 21.6875 -65.5
229.75 22.375 -66.875
225.9375 23.0625 -68.375
222.0625 23.75 -70.0625
218.1875 24.4375 -71.875
214.375 25 -73.75
210.75 25.5 -75.75
207.0625 26 -77.625
203.5625 26.375 -79.5
200.4375 26.75 -81.8125
197.4375 27.1875 -83.9375
194.5625 27.6875 -85.875
191.9375 28.125 -87.5625
189.4375 28.5625 -88.8125
187.25 28.9375 -89.6875
185.6875 29.375 -90.5625
184.5 29.9375 -91.1875
183.5 30.8125 -91.6875
183.0625 31.8125 -92
182.875 32.9375 -92.125
183 34.125 -92
183.3125 35.4375 -91.5625
183.9375 36.8125 -90.875
184.75 38.125 -89.875
185.75 39.5 -88.6875
187 40.8125 -87.25
188.5 42 -85.625
190.4375 43.1875 -83.875
192.4375 44.125 -81.875
105.3125 44.9375 -79.625
199.1875 45.5625 -77.3125
202.9375 46.125 -74.9375
206.5 46.5 -72.625
209.8125 46.75 -70.25
212.8125 46.8125 -67.8125
215.4375 46.75 -65.375
217.75 46.75 -62.9375
219.75 46.5625 -60.75
221.4375 46.375 -59.0625
222.75 46.125 -57.75
223.8125 45.9375 -56.8125
224.5625 45.8125 -56.125
225.125 45.75 -55.6875
225.375 45.75 -55.375
225.4375 45.8125 -55.125
225.375 45.9375 -55
225.1875 46.0625 -55
224.875 46.1875 -55.0625
224.5625 46.3125 -55.25
224.25 46.5 -55.5
223.875 46.5625 -55.6875
223.5625 46.6875 -55.875
223.1875 46.75 -56.0625
222.8125 46.8125 -56.1875
222.4375 46.875 -56.25
222 46.875 -56.375
221.625 46.875 -56.5
221.25 46.875 -56.6875
220.875 46.8125 -56.9375
220.4375 46.75 -57.3125
