0.76 -6.68 7.13
0.7 -6.71 7.11
0.65 -6.74 7.08
0.59 -6.78 7.05
0.53 -6.82 7.01
0.46 -6.88 6.96
0.4 -6.94 6.91
0.33 -7.01 6.84
0.28 -7.07 6.78
0.24 -7.14 6.71
0.21 -7.19 6.65
0.19 -7.25 6.59
0.17 -7.29 6.54
0.18 -7.33 6.5
0.2 -7.36 6.47
0.24 -7.39 6.44
0.31 -7.41 6.41
0.39 -7.43 6.38
0.5 -7.45 6.35
0.61 -7.47 6.31
0.73 -7.5 6.26
0.87 -7.54 6.2
1.02 -7.58 6.13
1.2 -7.62 6.04
1.39 -7.67 5.94
1.59 -7.71 5.83
1.81 -7.76 5.7
2.02 -7.81 5.56
2.24 -7.86 5.4
2.45 -7.91 5.23
2.66 -7.96 5.06
2.86 -8 4.88
3.05 -8.02 4.73
3.23 -8.02 4.61
3.39 -8.04 4.46
3.53 -8.04 4.35
3.65 -8.05 4.23
3.76 -8.05 4.13
3.85 -8.04 4.06
3.93 -8.03 4.02
3.99 -8.01 4
4.03 -7.98 4
4.07 -7.96 4.01
4.09 -7.94 4.03
4.1 -7.92 4.05
4.09 -7.92 4.08
4.07 -7.92 4.09
4.04 -7.92 4.11
4 -7.93 4.14
3.96 -7.93 4.17
3.91 -7.93 4.22
3.84 -7.93 4.28
3.77 -7.93 4.34
3.68 -7.94 4.41
3.59 -7.96 4.45
3.49 -7.97 4.51
3.4 -7.98 4.57
3.33 -7.97 4.62
3.27 -7.97 4.67
3.22 -7.99 4.66
3.19 -8.04 4.61
3.18 -8.06 4.58
3.2 -8.08 4.53
3.22 -8.11 4.46
3.28 -8.14 4.36
3.34 -8.17 4.25
3.43 -8.21 4.11
3.52 -8.24 3.95
3.63 -8.29 3.77
3.74 -8.33 3.55
3.85 -8.38 3.31
3.95 -8.43 3.05
4.05 -8.48 2.77
4.14 -8.53 2.48
4.22 -8.57 2.17
4.29 -8.61 1.88
4.36 -8.63 1.59
4.42 -8.66 1.24
4.48 -8.67 0.91
4.55 -8.66 0.62
4.62 -8.63 0.36
4.69 -8.6 0.17
4.75 -8.57 0.03
4.81 -8.54 -0.08
4.9 -8.49 -0.18
5.03 -8.41 -0.25
5.17 -8.32 -0.29
5.33 -8.22 -0.31
5.5 -8.1 -0.28
5.69 -7.98 -0.22
5.87 -7.84 -0.12
6.06 -7.7 0
6.23 -7.56 0.16
6.41 -7.41 0.34
6.56 -7.26 0.55
6.71 -7.1 0.75
6.83 -6.96 0.98
6.93 -6.82 1.24
7 -6.69 1.49
7.07 -6.56 1.75
7.11 -6.44 2.01
7.14 -6.32 2.26
7.15 -6.21 2.53
7.14 -6.1 2.79
7.14 -5.98 3.05
7.12 -5.88 3.28
7.1 -5.8 3.47
7.07 -5.74 3.62
7.05 -5.7 3.72
7.03 -5.67 3.8
7.02 -5.65 3.85
7.03 -5.62 3.88
7.03 -5.6 3.9
7.05 -5.58 3.9
7.06 -5.57 3.89
7.08 -5.56 3.88
7.09 -5.56 3.85
7.11 -5.56 3.82
7.12 -5.56 3.79
7.13 -5.56 3.76
7.14 -5.57 3.74
7.15 -5.57 3.72
7.16 -5.57 3.71
7.16 -5.57 3.7
7.16 -5.58 3.69
7.16 -5.6 3.67
7.15 -5.62 3.65
7.14 -5.65 3.62
7.13 -5.68 3.58
