0.6505127 -0.2871704 0.22930908 -0.66467285
0.6498413 -0.28625488 0.23291016 -0.6644287
0.6489868 -0.2854004 0.23651123 -0.6643677
0.6477661 -0.2845459 0.24035645 -0.6645508
0.6461792 -0.28356934 0.2446289 -0.66503906
0.64404297 -0.2826538 0.24963379 -0.6655884
0.6413574 -0.28173828 0.25549316 -0.6663208
0.6380005 -0.2810669 0.2619629 -0.66729736
0.63397217 -0.2805786 0.2687378 -0.6687012
0.62939453 -0.2802124 0.27526855 -0.6704712
0.6246948 -0.27996826 0.28131104 -0.6724243
0.62023926 -0.2800293 0.28686523 -0.6742554
0.6165161 -0.28033447 0.29144287 -0.6755371
0.61376953 -0.28118896 0.2949829 -0.67614746
0.6123657 -0.2828369 0.29711914 -0.6758423
0.6123657 -0.28546143 0.29760742 -0.6744995
0.61395264 -0.2894287 0.29632568 -0.67193604
0.61712646 -0.29486084 0.29333496 -0.66796875
0.6220093 -0.3017578 0.2886963 -0.6623535
0.62854004 -0.3102417 0.28259277 -0.6548462
0.63653564 -0.32000732 0.27520752 -0.6455078
0.6456909 -0.33099365 0.26672363 -0.6343384
0.6555786 -0.3428955 0.25701904 -0.62176514
0.6657715 -0.355896 0.24609375 -0.60791016
0.6758423 -0.36993408 0.23394775 -0.5930786
0.6854248 -0.38482666 0.22052002 -0.5774536
0.6946411 -0.40014648 0.20593262 -0.56121826
0.7032471 -0.41571045 0.19042969 -0.54437256
0.7111206 -0.4312744 0.17425537 -0.5272217
0.7180786 -0.4467163 0.15765381 -0.5098877
0.7241211 -0.4616089 0.14093018 -0.49267578
0.7289429 -0.47595215 0.12432861 -0.47601318
0.73272705 -0.4892578 0.10809326 -0.46051025
0.73602295 -0.5003052 0.091918945 -0.4467163
0.7392578 -0.508728 0.0758667 -0.43463135
0.7397461 -0.5178833 0.06329346 -0.4249878
0.7392578 -0.52471924 0.053527832 -0.41870117
0.73687744 -0.53082275 0.04675293 -0.4159546
0.7330322 -0.53582764 0.043029785 -0.416687
0.7283325 -0.5392456 0.041748047 -0.42071533
0.7229004 -0.5411377 0.042785645 -0.42749023
0.71673584 -0.5418091 0.046142578 -0.43658447
0.70977783 -0.54138184 0.051513672 -0.44769287
0.70202637 -0.54003906 0.058532715 -0.46051025
0.6933594 -0.53826904 0.06726074 -0.47436523
0.68408203 -0.5357666 0.07727051 -0.4888916
0.67388916 -0.53302 0.08874512 -0.5038452
0.6628418 -0.5298462 0.101623535 -0.51916504
0.651001 -0.52612305 0.11553955 -0.53479004
0.6386719 -0.5213623 0.12982178 -0.5508423
0.62542725 -0.5159302 0.14465332 -0.56726074
0.6117554 -0.5091553 0.15960693 -0.5839844
0.5974121 -0.5009155 0.17547607 -0.60113525
0.5834961 -0.49194336 0.19073486 -0.6173706
0.56970215 -0.4822998 0.20587158 -0.6328125
0.55548096 -0.4729004 0.22143555 -0.64715576
0.5420532 -0.46307373 0.23571777 -0.6604004
0.52948 -0.45324707 0.24804688 -0.6727905
0.5180054 -0.4440918 0.25830078 -0.6838989
0.50787354 -0.43634033 0.26696777 -0.69311523
0.49853516 -0.43145752 0.27545166 -0.699646
0.49084473 -0.42956543 0.28320312 -0.70306396
0.48724365 -0.42913818 0.28668213 -0.70440674
0.48687744 -0.43145752 0.28771973 -0.7028198
0.48962402 -0.4364624 0.28631592 -0.6984253
0.494812 -0.44421387 0.2826538 -0.6913452
0.5019531 -0.45428467 0.2769165 -0.68188477
0.51068115 -0.46636963 0.2692871 -0.67022705
0.5204468 -0.48016357 0.26000977 -0.65649414
0.53063965 -0.49554443 0.24938965 -0.6408081
0.5410156 -0.51208496 0.23754883 -0.6234131
0.5510864 -0.52960205 0.22460938 -0.6044922
0.56066895 -0.5476074 0.2107544 -0.58428955
0.5696411 -0.56573486 0.19598389 -0.56311035
0.5776367 -0.58374023 0.18084717 -0.54119873
0.5842285 -0.60162354 0.16546631 -0.51898193
0.5906372 -0.618042 0.14892578 -0.4970703
0.59588623 -0.6335449 0.13232422 -0.47546387
0.59729004 -0.6501465 0.11743164 -0.4547119
0.5974121 -0.6654053 0.10229492 -0.43566895
0.5968628 -0.678772 0.08703613 -0.41888428
0.59576416 -0.69018555 0.072387695 -0.40429688
0.59576416 -0.6984863 0.057922363 -0.3922119
0.59661865 -0.70428467 0.04498291 -0.38208008
0.5953369 -0.70928955 0.03552246 -0.37579346
0.5925293 -0.7130127 0.028015137 -0.3737793
0.5814209 -0.71746826 0.019165039 -0.3831787
0.5814209 -0.71746826 0.019165039 -0.3831787
0.5739136 -0.7180786 0.018310547 -0.39331055
0.56573486 -0.71710205 0.018920898 -0.4066162
0.55700684 -0.7147217 0.020996094 -0.42248535
0.54766846 -0.71099854 0.024536133 -0.44036865
0.5375366 -0.7061157 0.02935791 -0.45996094
0.52648926 -0.7001343 0.03540039 -0.48101807
0.51434326 -0.69311523 0.04260254 -0.50323486
0.5010376 -0.68499756 0.051208496 -0.5263672
0.4852295 -0.67645264 0.06213379 -0.5505371
0.47003174 -0.6665039 0.07287598 -0.5740967
0.45513916 -0.6555176 0.08325195 -0.5968628
0.43963623 -0.64398193 0.093811035 -0.61901855
0.42388916 -0.63201904 0.10412598 -0.6403198
0.40826416 -0.61987305 0.11407471 -0.66033936
0.39318848 -0.60754395 0.123046875 -0.67907715
0.37957764 -0.59484863 0.13049316 -0.69647217
0.3671875 -0.5821533 0.13702393 -0.71240234
0.35638428 -0.56970215 0.1404419 -0.72717285
0.34661865 -0.5584717 0.14361572 -0.7398071
0.33825684 -0.54888916 0.14685059 -0.7501831
0.33129883 -0.5411377 0.14990234 -0.75823975
0.32562256 -0.53533936 0.15258789 -0.7642822
0.3213501 -0.53131104 0.15447998 -0.76849365
0.31848145 -0.5286865 0.15527344 -0.77130127
0.31689453 -0.5272827 0.1550293 -0.77301025
0.31658936 -0.52679443 0.15386963 -0.77368164
0.3171997 -0.5270386 0.15209961 -0.7736206
0.31854248 -0.5279541 0.14990234 -0.7728882
0.32019043 -0.52941895 0.14794922 -0.7715454
0.32196045 -0.53125 0.14624023 -0.76989746
0.32385254 -0.5331421 0.14453125 -0.76812744
0.3258667 -0.5349121 0.14282227 -0.7663574
0.32800293 -0.5366211 0.14111328 -0.7645874
0.3302002 -0.53808594 0.13946533 -0.7628784
0.3324585 -0.5393677 0.13775635 -0.7612915
0.33483887 -0.54034424 0.13598633 -0.7598877
0.33728027 -0.54119873 0.13427734 -0.7584839
0.33972168 -0.54211426 0.13293457 -0.75701904
0.34204102 -0.5430908 0.13208008 -0.7553711
0.34436035 -0.5443115 0.13171387 -0.75354004
0.34680176 -0.54577637 0.13171387 -0.7513428
