0.8890381 -0.014282227 -0.37982178 -0.25524902
0.8878784 -0.014038086 -0.38104248 -0.25738525
0.8870239 -0.014831543 -0.3824463 -0.25823975
0.8864136 -0.016296387 -0.38415527 -0.2578125
0.8859863 -0.018310547 -0.38616943 -0.25610352
0.88586426 -0.020874023 -0.38830566 -0.2531128
0.88604736 -0.023986816 -0.3904419 -0.24884033
0.8864746 -0.027282715 -0.39263916 -0.2434082
0.88720703 -0.030334473 -0.3949585 -0.2366333
0.88830566 -0.03253174 -0.3972168 -0.22802734
0.89019775 -0.033569336 -0.39923096 -0.21679688
0.8930054 -0.034301758 -0.4003296 -0.20281982
0.89642334 -0.03564453 -0.40020752 -0.18713379
0.90026855 -0.03857422 -0.39855957 -0.17059326
0.9041748 -0.0423584 -0.39605713 -0.1541748
0.90789795 -0.04638672 -0.39294434 -0.13830566
0.91156006 -0.05090332 -0.3890381 -0.12298584
0.91516113 -0.055786133 -0.38427734 -0.10803223
0.91900635 -0.061157227 -0.37817383 -0.09307861
0.92315674 -0.066467285 -0.37054443 -0.077697754
0.9276123 -0.0713501 -0.36138916 -0.061950684
0.9321289 -0.07531738 -0.35113525 -0.04626465
0.93670654 -0.078186035 -0.33984375 -0.030944824
0.9413452 -0.080078125 -0.32739258 -0.016296387
0.94610596 -0.0814209 -0.31347656 -0.002380371
0.95098877 -0.08215332 -0.29797363 0.010864258
0.9559326 -0.08227539 -0.2808838 0.02355957
0.9607544 -0.08203125 -0.26263428 0.035217285
0.96533203 -0.08135986 -0.24377441 0.04547119
0.9696045 -0.08081055 -0.2244873 0.05419922
0.97351074 -0.08001709 -0.20501709 0.061584473
0.97717285 -0.07897949 -0.1852417 0.06781006
0.98046875 -0.077697754 -0.16522217 0.07293701
0.9834595 -0.076416016 -0.14508057 0.076660156
0.986145 -0.07507324 -0.1251831 0.07879639
0.98846436 -0.074157715 -0.105773926 0.07904053
0.9904175 -0.073913574 -0.0871582 0.07757568
0.9920044 -0.074035645 -0.06964111 0.07476807
0.99328613 -0.07458496 -0.05328369 0.07092285
0.99420166 -0.07507324 -0.038269043 0.066345215
0.9949951 -0.07537842 -0.024597168 0.06097412
0.99560547 -0.07525635 -0.012207031 0.05480957
0.9960327 -0.07501221 -0.00091552734 0.047607422
0.9963379 -0.0748291 0.0095825195 0.039733887
0.996521 -0.07476807 0.019165039 0.031188965
0.99658203 -0.07476807 0.027893066 0.021972656
0.996521 -0.07397461 0.03564453 0.011962891
0.99645996 -0.0725708 0.042541504 0.0010375977
0.9962158 -0.07092285 0.04852295 -0.010803223
0.9958496 -0.06921387 0.053771973 -0.0234375
0.9953613 -0.0670166 0.058410645 -0.036315918
0.994751 -0.064453125 0.062683105 -0.04901123
0.9939575 -0.061828613 0.06652832 -0.06121826
0.993103 -0.058654785 0.07006836 -0.07305908
0.99212646 -0.055419922 0.07330322 -0.08477783
0.99108887 -0.05218506 0.076049805 -0.09637451
0.98986816 -0.048706055 0.07824707 -0.10784912
0.98864746 -0.044921875 0.079956055 -0.11883545
0.98742676 -0.04119873 0.08117676 -0.12908936
0.98620605 -0.038208008 0.08215332 -0.13842773
0.9850464 -0.035949707 0.08294678 -0.14685059
0.9838867 -0.034240723 0.08355713 -0.15423584
0.98291016 -0.032958984 0.083862305 -0.16070557
0.9819946 -0.031921387 0.083740234 -0.16619873
0.98132324 -0.030883789 0.08312988 -0.17089844
0.9807129 -0.030090332 0.081970215 -0.17486572
0.9802246 -0.02960205 0.08050537 -0.17822266
0.9798584 -0.02947998 0.07873535 -0.18096924
