339 2.9375 -8.3125
338.9375 2.8125 -8.5
338.875 2.6875 -8.6875
338.875 2.5625 -8.875
338.875 2.4375 -9.0625
338.875 2.3125 -9.25
338.875 2.125 -9.5
338.9375 1.9375 -9.75
339 1.6875 -9.9375
339.0625 1.4375 -10.125
339.1875 1.1875 -10.3125
339.375 0.9375 -10.4375
339.5 0.625 -10.5625
339.6875 0.3125 -10.6875
339.875 0 -10.8125
340.0625 -0.25 -10.9375
340.25 -0.5625 -11.125
340.375 -0.8125 -11.25
340.5625 -1.0625 -11.4375
340.625 -1.125 -11.5625
340.75 -1.0625 -11.75
340.8125 -0.875 -11.9375
340.875 -0.5 -12.125
340.875 0 -12.3125
340.8125 0.8125 -12.4375
340.6875 1.875 -12.625
340.5 3.125 -12.875
340.25 4.6875 -13.0625
339.875 6.4375 -13.375
339.4375 8.375 -13.6875
338.9375 10.5625 -14.0625
338.375 12.875 -14.5
337.8125 15.4375 -15.0625
337.1875 18.0625 -15.625
336.5 20.8125 -16.3125
335.875 23.625 -17.0625
335.25 26.375 -17.9375
334.625 29 -18.8125
334 31.5 -19.75
333.3125 33.8125 -20.5625
332.75 35.875 -21.5625
332.125 37.75 -22.5
331.625 39.4375 -23.4375
331.1875 40.8125 -24.5
330.875 42.0625 -25.5
330.625 43.0625 -26.375
330.5625 43.8125 -27.1875
330.625 44.3125 -27.8125
330.8125 44.5 -28.25
331.125 44.5 -28.5
331.5625 44.25 -28.5625
332.25 43.875 -28.4375
333.0625 43.3125 -28.125
334 42.5625 -27.6875
335.125 41.6875 -27.125
336.25 40.625 -26.375
337.4375 39.375 -25.5
338.75 38 -24.5625
340.1875 36.375 -23.625
341.6875 34.625 -22.625
343.1875 32.625 -21.625
344.6875 30.5625 -20.625
346.25 28.3125 -19.5625
347.8125 25.875 -18.6875
349.375 23.375 -17.9375
350.9375 20.75 -17.25
352.5 18.0625 -16.875
354 15.5 -16.625
355.375 13 -16.4375
356.625 10.6875 -16.375
357.75 8.5625 -16.5
358.75 6.75 -16.6875
359.625 5.25 -16.9375
0.375 4.0625 -17.1875
0.875 3.3125 -17.375
1.125 3 -17.5625
1.1875 3.125 -17.6875
1 3.6875 -17.75
0.6875 4.5625 -17.875
0.125 5.8125 -18
359.5 7.375 -18.125
358.8125 9.125 -18.375
358.0625 11.0625 -18.625
357.25 13.125 -18.9375
356.4375 15.25 -19.375
355.625 17.5 -19.875
354.75 19.8125 -20.4375
353.875 22.125 -21.0625
352.875 24.5 -21.8125
351.9375 26.875 -22.625
350.9375 29.25 -23.5
350 31.625 -24.5
349.0625 34.0625 -25.5
348.25 36.4375 -26.5625
347.375 38.6875 -27.625
346.625 40.875 -28.75
346 42.875 -30.0625
345.5 44.75 -31.375
75.1875 46.5 -32.625
75.0625 48.0625 -33.8125
75.0625 49.5625 -34.75
75.3125 50.8125 -35.5
75.75 51.8125 -35.9375
76.4375 52.5625 -36
77.3125 53.125 -35.625
78.5 53.4375 -34.8125
79.9375 53.4375 -33.5625
81.5625 53.25 -31.9375
83.375 52.8125 -30
85.25 52.0625 -27.9375
87.1875 51.125 -25.8125
89.1875 49.9375 -23.75
91.25 48.5625 -21.6875
93.3125 47.0625 -19.8125
95.375 45.375 -18
7.4375 43.5625 -16.3125
9.5 41.5625 -14.6875
11.625 39.4375 -13.3125
13.625 37.1875 -12.0625
15.6875 34.625 -10.9375
17.625 32.125 -10.1875
19.4375 29.75 -9.375
21.0625 27.5 -8.75
22.5625 25.375 -8.3125
23.875 23.5625 -7.9375
25 22 -7.6875
25.9375 20.6875 -7.5625
26.6875 19.6875 -7.5
27.25 18.9375 -7.5
27.625 18.4375 -7.5
27.9375 18.125 -7.5
28.125 18.0625 -7.5
28.1875 18.0625 -7.5625
28.125 18.25 -7.5625
28 18.4375 -7.5625
27.75 18.6875 -7.5
27.5 18.9375 -7.5
