0.48 -1.44 9.68
0.46 -1.48 9.68
0.44 -1.51 9.67
0.42 -1.54 9.67
0.39 -1.57 9.67
0.36 -1.61 9.66
0.33 -1.65 9.65
0.29 -1.69 9.65
0.25 -1.73 9.64
0.2 -1.75 9.64
0.16 -1.78 9.64
0.11 -1.8 9.63
0.05 -1.82 9.63
0 -1.84 9.63
-0.05 -1.86 9.62
-0.1 -1.89 9.62
-0.14 -1.92 9.61
-0.18 -1.94 9.61
-0.19 -1.97 9.6
-0.19 -2 9.59
-0.15 -2.03 9.59
-0.09 -2.06 9.58
0 -2.09 9.58
0.14 -2.12 9.57
0.32 -2.15 9.56
0.54 -2.18 9.54
0.8 -2.21 9.51
1.1 -2.25 9.47
1.43 -2.29 9.42
1.79 -2.34 9.34
2.19 -2.4 9.25
2.61 -2.45 9.12
3.04 -2.51 8.97
3.49 -2.57 8.79
3.93 -2.64 8.58
4.35 -2.7 8.35
4.75 -2.77 8.11
5.12 -2.83 7.86
5.46 -2.86 7.62
5.75 -2.92 7.38
6 -2.97 7.15
6.23 -3.01 6.94
6.41 -3.07 6.74
6.57 -3.13 6.56
6.7 -3.18 6.41
6.79 -3.23 6.28
6.85 -3.27 6.2
6.87 -3.31 6.15
6.87 -3.33 6.14
6.84 -3.35 6.16
6.79 -3.36 6.21
6.72 -3.36 6.28
6.63 -3.35 6.39
6.52 -3.33 6.51
6.38 -3.3 6.66
6.22 -3.26 6.83
6.03 -3.21 7.02
5.82 -3.16 7.22
5.57 -3.1 7.44
5.29 -3.04 7.67
4.98 -2.97 7.9
4.65 -2.89 8.13
4.28 -2.82 8.35
3.89 -2.77 8.56
3.48 -2.72 8.75
3.04 -2.7 8.91
2.62 -2.7 9.05
2.21 -2.7 9.16
1.82 -2.72 9.24
1.46 -2.76 9.29
1.15 -2.79 9.32
0.9 -2.84 9.34
0.7 -2.89 9.34
0.57 -2.92 9.34
0.51 -2.96 9.33
0.54 -2.98 9.32
0.63 -2.99 9.31
0.78 -3 9.3
1 -3.01 9.27
1.26 -3.03 9.23
1.55 -3.05 9.18
1.88 -3.07 9.11
2.22 -3.1 9.03
2.58 -3.14 8.92
2.95 -3.18 8.79
3.32 -3.22 8.64
3.69 -3.27 8.47
4.06 -3.31 8.28
4.43 -3.36 8.07
4.79 -3.41 7.84
5.14 -3.46 7.59
5.49 -3.5 7.33
5.82 -3.53 7.05
6.13 -3.54 6.77
6.42 -3.56 6.49
6.67 -3.6 6.21
6.9 -3.62 5.94
7.11 -3.63 5.67
7.3 -3.64 5.43
7.46 -3.62 5.22
7.6 -3.6 5.04
7.71 -3.56 4.9
7.79 -3.5 4.81
7.84 -3.42 4.77
7.87 -3.33 4.79
7.88 -3.22 4.86
7.86 -3.1 4.97
7.81 -2.96 5.12
7.74 -2.82 5.31
7.63 -2.68 5.53
7.51 -2.54 5.77
7.35 -2.4 6.02
7.18 -2.26 6.28
6.98 -2.12 6.54
6.76 -1.99 6.81
6.51 -1.86 7.08
6.23 -1.74 7.36
5.92 -1.63 7.63
5.57 -1.53 7.91
5.22 -1.47 8.16
4.87 -1.38 8.39
4.53 -1.32 8.59
4.21 -1.28 8.76
3.92 -1.24 8.9
3.67 -1.22 9
3.46 -1.21 9.09
3.3 -1.21 9.15
3.18 -1.21 9.19
3.1 -1.21 9.22
3.06 -1.22 9.23
3.04 -1.22 9.24
3.04 -1.22 9.23
3.07 -1.22 9.23
3.1 -1.22 9.22
3.14 -1.22 9.2
3.18 -1.21 9.19
3.22 -1.2 9.18
