0.9803467 -0.06695557 -0.038879395 0.18151855
0.9801636 -0.068359375 -0.038146973 0.1819458
0.9800415 -0.07006836 -0.03741455 0.18218994
0.97991943 -0.07183838 -0.03668213 0.18237305
0.97979736 -0.07366943 -0.035827637 0.18249512
0.9796753 -0.075683594 -0.034851074 0.18249512
0.9795532 -0.077941895 -0.033691406 0.18237305
0.9794922 -0.0803833 -0.032348633 0.18200684
0.97943115 -0.08282471 -0.030700684 0.18133545
0.9794922 -0.0848999 -0.028747559 0.18048096
0.97961426 -0.08673096 -0.026672363 0.17938232
0.9797363 -0.08831787 -0.024475098 0.17810059
0.97991943 -0.08984375 -0.022033691 0.17669678
0.98010254 -0.091430664 -0.01940918 0.17510986
0.98028564 -0.09307861 -0.016662598 0.17352295
0.9804077 -0.0947876 -0.013916016 0.17193604
0.9805298 -0.09655762 -0.011352539 0.17047119
0.98065186 -0.0982666 -0.009216309 0.16912842
0.9807129 -0.09979248 -0.0076293945 0.16790771
0.9807129 -0.10144043 -0.006958008 0.16687012
0.9807129 -0.10296631 -0.007446289 0.16601562
0.98065186 -0.10418701 -0.009338379 0.16534424
0.9805908 -0.105163574 -0.012817383 0.16491699
0.98046875 -0.10583496 -0.018127441 0.16491699
0.9801636 -0.1060791 -0.025390625 0.16534424
0.9797363 -0.10601807 -0.034851074 0.1663208
0.9790039 -0.105773926 -0.046447754 0.16784668
0.9779663 -0.10522461 -0.060180664 0.17004395
0.9764404 -0.10437012 -0.075927734 0.17285156
0.97442627 -0.103393555 -0.093688965 0.17626953
0.9717407 -0.10223389 -0.113342285 0.18017578
0.96832275 -0.10076904 -0.13470459 0.18444824
0.96417236 -0.09906006 -0.15759277 0.18896484
0.9592285 -0.0970459 -0.18164062 0.19348145
0.95355225 -0.0949707 -0.20648193 0.19781494
0.9470825 -0.09295654 -0.23150635 0.2019043
0.9400635 -0.09082031 -0.25628662 0.20581055
0.9326172 -0.08862305 -0.28015137 0.20965576
0.92492676 -0.086242676 -0.3026123 0.21331787
0.9173584 -0.08276367 -0.32312012 0.21728516
0.9098511 -0.08099365 -0.34197998 0.22052002
0.902771 -0.07891846 -0.35888672 0.22363281
0.8960571 -0.07727051 -0.37402344 0.2263794
0.8898926 -0.07696533 -0.38739014 0.22814941
0.8845215 -0.07720947 -0.39886475 0.22930908
0.8796997 -0.07763672 -0.40881348 0.23010254
0.8762207 -0.07910156 -0.4161377 0.22979736
0.87402344 -0.08111572 -0.42095947 0.22869873
0.8730469 -0.08331299 -0.42340088 0.22711182
0.873291 -0.085876465 -0.42358398 0.22479248
0.87475586 -0.08898926 -0.4216919 0.22143555
0.8773804 -0.0925293 -0.41796875 0.2166748
0.8810425 -0.096191406 -0.4124756 0.21081543
0.8855591 -0.10003662 -0.4052124 0.20391846
0.89086914 -0.103759766 -0.39630127 0.19641113
0.8968506 -0.1071167 -0.38562012 0.18835449
0.9034424 -0.11010742 -0.37329102 0.17974854
0.9105835 -0.112976074 -0.35925293 0.17041016
0.9180908 -0.1159668 -0.34350586 0.16009521
0.92596436 -0.11871338 -0.3260498 0.14910889
0.9338989 -0.12109375 -0.3069458 0.13775635
0.94177246 -0.122680664 -0.28649902 0.12609863
0.9495239 -0.12384033 -0.26464844 0.11419678
0.95684814 -0.125 -0.24176025 0.10192871
0.963562 -0.12658691 -0.21795654 0.08947754
0.96972656 -0.12817383 -0.19317627 0.07678223
0.9750366 -0.1307373 -0.16784668 0.06359863
0.97924805 -0.13354492 -0.14349365 0.05102539
0.982666 -0.13568115 -0.12030029 0.039367676
0.9851074 -0.13824463 -0.09844971 0.028625488
0.98669434 -0.14117432 -0.07861328 0.018981934
0.9876709 -0.14385986 -0.061340332 0.010375977
0.9880371 -0.14685059 -0.046936035 0.0028076172
0.9881592 -0.14929199 -0.035827637 -0.0032958984
0.9880371 -0.15124512 -0.028564453 -0.0076293945
0.987854 -0.1531372 -0.025268555 -0.010009766
0.98760986 -0.1541748 -0.026245117 -0.010437012
0.98742676 -0.15484619 -0.03125 -0.009033203
0.9869995 -0.15557861 -0.039794922 -0.0059814453
0.98638916 -0.15618896 -0.051513672 -0.0015869141
0.9854126 -0.15667725 -0.06585693 0.0038452148
0.9840698 -0.1572876 -0.08227539 0.0099487305
0.98217773 -0.15802002 -0.10040283 0.016479492
0.9797363 -0.15887451 -0.11975098 0.02319336
0.9767456 -0.159729 -0.14001465 0.030029297
0.9730835 -0.16052246 -0.1609497 0.036987305
0.9688721 -0.16143799 -0.18243408 0.044128418
0.96398926 -0.16210938 -0.2043457 0.051513672
0.9584961 -0.16253662 -0.22650146 0.0592041
0.9523926 -0.16290283 -0.24884033 0.0670166
0.9456177 -0.16290283 -0.27130127 0.07476807
0.9383545 -0.16247559 -0.29388428 0.082092285
0.930542 -0.1616211 -0.3164673 0.08880615
0.92230225 -0.16052246 -0.338562 0.09484863
0.91400146 -0.15826416 -0.3597412 0.10083008
0.9055786 -0.15625 -0.37982178 0.10614014
0.8970947 -0.15594482 -0.3986206 0.109802246
0.888916 -0.15515137 -0.4159546 0.1126709
0.88116455 -0.15460205 -0.43200684 0.11425781
0.87420654 -0.15411377 -0.4459839 0.11437988
0.86798096 -0.15325928 -0.45855713 0.113342285
0.86291504 -0.15234375 -0.46887207 0.11114502
0.859375 -0.1519165 -0.4763794 0.10699463
0.85736084 -0.15118408 -0.48132324 0.10180664
0.8571167 -0.15032959 -0.48345947 0.09503174
0.8585205 -0.14971924 -0.48284912 0.08605957
0.8614502 -0.14898682 -0.47955322 0.07537842
0.86572266 -0.14801025 -0.47387695 0.06341553
0.8711548 -0.14666748 -0.46588135 0.050354004
0.8773804 -0.14526367 -0.45581055 0.036254883
0.8841553 -0.1439209 -0.44396973 0.02142334
0.8911743 -0.14257812 -0.43066406 0.0059814453
0.8982544 -0.14093018 -0.4161377 -0.009887695
0.90527344 -0.13916016 -0.4005127 -0.026306152
0.91204834 -0.13720703 -0.3840332 -0.043029785
0.91864014 -0.13476562 -0.36657715 -0.060058594
0.92492676 -0.13195801 -0.34802246 -0.07727051
0.9309082 -0.12902832 -0.32836914 -0.0947876
0.93640137 -0.1260376 -0.3076172 -0.11230469
0.9417114 -0.12261963 -0.2850952 -0.12976074
0.9460449 -0.12017822 -0.2626953 -0.14691162
0.94958496 -0.11584473 -0.24169922 -0.16265869
0.9522095 -0.11242676 -0.22167969 -0.1774292
0.95410156 -0.109191895 -0.20324707 -0.1907959
0.9553833 -0.10626221 -0.18688965 -0.20245361
0.95617676 -0.103637695 -0.17297363 -0.21240234
0.95654297 -0.101867676 -0.16143799 -0.22052002
0.956604 -0.10083008 -0.15234375 -0.22698975
0.95654297 -0.100097656 -0.14562988 -0.2319336
0.95635986 -0.09967041 -0.14105225 -0.23565674
0.9561157 -0.099609375 -0.1383667 -0.23822021
0.9559326 -0.099731445 -0.13726807 -0.23962402
0.9557495 -0.099975586 -0.1375122 -0.2401123
0.95562744 -0.1003418 -0.13867188 -0.23968506
0.95562744 -0.1005249 -0.140625 -0.23846436
0.9557495 -0.10046387 -0.1428833 -0.23657227
0.95599365 -0.10028076 -0.1453247 -0.23425293
