0.9232788 0.13153076 -0.31762695 -0.17132568
0.9213257 0.12976074 -0.32336426 -0.17260742
0.9194336 0.12750244 -0.32910156 -0.17327881
0.9176636 0.124816895 -0.33496094 -0.17340088
0.91589355 0.12200928 -0.34100342 -0.17297363
0.91412354 0.119140625 -0.34716797 -0.17211914
0.9123535 0.11651611 -0.3534546 -0.1706543
0.91064453 0.11407471 -0.35961914 -0.168396
0.9091797 0.11187744 -0.36541748 -0.16534424
0.90789795 0.10986328 -0.3708496 -0.16156006
0.9069214 0.10772705 -0.37573242 -0.15716553
0.90625 0.105651855 -0.38000488 -0.15203857
0.9059448 0.103637695 -0.38360596 -0.1461792
0.90600586 0.101623535 -0.38641357 -0.13946533
0.9065552 0.09942627 -0.38842773 -0.13189697
0.9075928 0.09698486 -0.38946533 -0.123291016
0.90911865 0.093933105 -0.38952637 -0.1138916
0.9108887 0.09033203 -0.3890381 -0.103881836
0.9126587 0.08679199 -0.38824463 -0.09399414
0.9141846 0.0836792 -0.38745117 -0.0847168
0.9154663 0.08117676 -0.38671875 -0.07611084
0.91656494 0.07904053 -0.3861084 -0.0680542
0.9176636 0.07727051 -0.38513184 -0.05999756
0.91900635 0.07550049 -0.38354492 -0.051574707
0.92059326 0.07342529 -0.38110352 -0.042663574
0.9225464 0.07086182 -0.37786865 -0.033447266
0.92456055 0.068237305 -0.37408447 -0.024353027
0.92663574 0.065979004 -0.36975098 -0.01574707
0.9286499 0.064453125 -0.36517334 -0.007873535
0.93066406 0.0637207 -0.3602295 -0.00061035156
0.9328613 0.06335449 -0.35461426 0.006286621
0.9352417 0.06225586 -0.34820557 0.012817383
0.93792725 0.06060791 -0.34088135 0.01928711
0.94091797 0.058654785 -0.33258057 0.025634766
0.94403076 0.05682373 -0.32330322 0.031982422
0.94732666 0.055236816 -0.31304932 0.038146973
0.9506836 0.054016113 -0.30212402 0.044189453
0.9540405 0.053100586 -0.29058838 0.049987793
0.9573364 0.05218506 -0.27868652 0.055358887
0.9605713 0.051330566 -0.2664795 0.0602417
0.9636841 0.050231934 -0.2541504 0.064697266
0.9666748 0.04888916 -0.24169922 0.06896973
0.9694824 0.046936035 -0.22930908 0.07305908
0.97210693 0.04449463 -0.21697998 0.0769043
0.9746094 0.042175293 -0.20452881 0.08062744
0.9769287 0.039916992 -0.19195557 0.08428955
0.979126 0.037841797 -0.17919922 0.087890625
0.9812012 0.036071777 -0.16619873 0.091308594
0.98309326 0.034729004 -0.152771 0.09472656
0.9848633 0.032958984 -0.13916016 0.097839355
0.98651123 0.030883789 -0.12585449 0.100097656
0.9879761 0.029418945 -0.113220215 0.101135254
0.9892578 0.028808594 -0.10168457 0.10107422
0.99035645 0.028503418 -0.09124756 0.10021973
0.991333 0.027893066 -0.08166504 0.09899902
0.9921875 0.027038574 -0.072753906 0.097839355
0.9928589 0.026428223 -0.06414795 0.09680176
0.9935303 0.025512695 -0.055541992 0.095947266
0.9940796 0.024536133 -0.046813965 0.095214844
0.9945679 0.02355957 -0.03778076 0.09429932
0.9949951 0.022399902 -0.028686523 0.09307861
0.99542236 0.021240234 -0.019592285 0.09106445
0.9958496 0.020751953 -0.010375977 0.0881958
0.9962158 0.02178955 -0.0010986328 0.084472656
0.99645996 0.023803711 0.008117676 0.08001709
0.9967041 0.02557373 0.016723633 0.07519531
0.9968872 0.026550293 0.024597168 0.06994629
0.9970703 0.026794434 0.031677246 0.064208984
0.9972534 0.027038574 0.037841797 0.057678223
0.9974365 0.027893066 0.043151855 0.050354004
0.99749756 0.029418945 0.047790527 0.0423584
0.9976196 0.03149414 0.051635742 0.033935547
0.9976196 0.03375244 0.054870605 0.025268555
0.9975586 0.035949707 0.057495117 0.016723633
0.9974365 0.038024902 0.059631348 0.008605957
0.99731445 0.039978027 0.061401367 0.0009765625
0.99713135 0.04144287 0.06286621 -0.006286621
0.99694824 0.042663574 0.06390381 -0.0134887695
0.99676514 0.043701172 0.064331055 -0.020874023
0.996521 0.045043945 0.064331055 -0.028503418
0.9962158 0.046875 0.06384277 -0.036254883
0.9958496 0.04901123 0.06311035 -0.043945312
0.99542236 0.051330566 0.06213379 -0.051330566
0.9949951 0.053649902 0.061157227 -0.05822754
0.9945679 0.055541992 0.060058594 -0.06439209
0.99420166 0.0569458 0.05895996 -0.06964111
0.9938965 0.0579834 0.057922363 -0.07409668
0.9935913 0.058776855 0.0569458 -0.07775879
0.9934082 0.059326172 0.056030273 -0.08074951
0.9932251 0.059570312 0.055114746 -0.08312988
0.993103 0.059631348 0.054138184 -0.08514404
0.993042 0.059570312 0.053100586 -0.0869751
0.9929199 0.059387207 0.05206299 -0.08868408
0.9928589 0.059143066 0.051208496 -0.09033203
0.9927368 0.05883789 0.05053711 -0.091796875
0.9926758 0.058654785 0.0501709 -0.09295654
0.99261475 0.05834961 0.050354004 -0.093566895
0.99261475 0.057861328 0.05102539 -0.09350586
0.9926758 0.057373047 0.05206299 -0.09289551
0.9926758 0.0569458 0.05328369 -0.092041016
0.9927368 0.05670166 0.05444336 -0.09100342
0.99279785 0.056640625 0.055236816 -0.09008789
0.9928589 0.05645752 0.055725098 -0.0892334
0.9929199 0.056396484 0.055786133 -0.08862305
0.99298096 0.05621338 0.055358887 -0.088134766
0.993042 0.056152344 0.05432129 -0.08782959
