8.25 69.9375 119.375
8.3125 70.1875 118
8.4375 70.3125 116.5625
8.6875 70.375 115.0625
9.0625 70.375 113.5
9.5 70.3125 111.9375
10 70.25 110.4375
10.5 70.125 109.1875
11.0625 69.875 108.1875
11.75 69.625 107.5625
12.375 69.375 107.3125
13 69.125 107.625
13.5625 68.875 108.5
14.0625 68.625 110.0625
14.4375 68.375 112.4375
14.75 68.1875 115.5625
14.9375 67.9375 119.5
15.0625 67.5625 124.125
15.125 66.9375 129.5
15.125 66.0625 135.1875
15.25 64.75 141
15.375 62.9375 146.5
15.6875 60.75 151.375
16.25 58.1875 155.5625
17.0625 55.3125 159
18.0625 52.25 161.8125
19.3125 49.0625 164.0625
20.8125 45.8125 165.875
265.75 42.5625 167.25
267.125 39.5 168.4375
268.4375 36.5625 169.25
269.5625 33.875 169.6875
270.5 31.375 169.875
271.1875 29.4375 169.8125
271.625 28 169.6875
271.875 27.0625 169.4375
271.9375 26.625 168.9375
271.8125 26.6875 168.3125
271.5 27.1875 167.4375
270.9375 28.0625 166.25
270.125 29.25 164.8125
269.1875 30.625 163.125
267.9375 32.125 161.0625
266.625 33.6875 158.75
265.1875 35.25 156.125
263.6875 36.9375 153.3125
325.5625 38.625 150.3125
325.625 40.375 146.9375
325.5 42.25 143.0625
325.125 43.875 139.125
54.9375 45.4375 134.75
54.25 46.8125 130.5
53.625 47.9375 126.125
52.875 48.8125 121.875
52.1875 49.5 117.8125
51.625 50 113.9375
51.125 50.1875 110.625
50.6875 50.3125 108
50.5625 50.3125 106
50.5625 50.25 104.875
50.8125 50.25 104.625
51.3125 50.25 105.1875
52.0625 50.125 106.5
53.0625 50 108.5
54.375 49.6875 111.125
55.9375 49.1875 114.1875
57.8125 48.5 117.5
60 47.5 120.9375
62.5 46.1875 124.375
335.375 44.625 127.5
338.625 42.875 130.4375
342.25 40.875 133
346.25 38.75 135.375
350.625 36.4375 137.375
355.5 34.0625 139.0625
0.5 31.625 140.6875
5.375 29.125 142.25
271.375 26.75 143
272.375 24.375 143.5625
273.0625 22.1875 144
273.5625 20.0625 144.25
273.875 18.125 144.3125
273.9375 16.5625 144.1875
273.75 15.25 143.9375
273.375 14.25 143.5
272.75 13.625 142.875
271.875 13.25 142
270.75 13.1875 140.9375
269.375 13.375 139.6875
267.75 13.75 138.375
265.875 14.25 136.8125
42.4375 14.875 135.125
39.5 15.5625 133.375
36.5625 16.25 131.3125
33.5 16.875 129.1875
30.625 17.5 126.8125
27.9375 17.9375 124.375
25.375 18.25 121.75
22.9375 18.375 119.0625
20.375 18.5 116.4375
17.8125 18.4375 113.75
15.4375 18.3125 111.3125
13.0625 18 109.125
10.9375 17.5625 106.9375
9 17 105.125
7.375 16.375 103.5625
6 15.8125 102.125
4.9375 15.3125 101.0625
4.0625 14.9375 100.1875
3.4375 14.6875 99.625
2.9375 14.5625 99.25
2.75 14.5625 99.0625
2.75 14.5625 98.9375
3 14.625 99
3.375 14.625 99.125
3.8125 14.6875 99.375
4.25 14.75 99.6875
4.625 14.8125 100.0625
5 14.875 100.5
5.3125 15 100.9375
5.625 15.125 101.375
5.8125 15.25 101.9375
5.875 15.4375 102.5
5.9375 15.6875 103.125
5.9375 15.9375 103.6875
5.875 16.25 104.3125
5.8125 16.5625 104.8125
