9.22 2.93 -1.56
9.23 2.95 -1.47
9.23 2.97 -1.39
9.23 3.01 -1.31
9.23 3.05 -1.23
9.23 3.09 -1.15
9.22 3.14 -1.09
9.21 3.19 -1.05
9.19 3.24 -1.02
9.17 3.29 -1.02
9.16 3.32 -1.05
9.14 3.34 -1.12
9.13 3.35 -1.22
9.12 3.33 -1.37
9.1 3.28 -1.57
9.08 3.2 -1.81
9.06 3.09 -2.1
9.02 2.95 -2.43
8.96 2.8 -2.82
8.86 2.63 -3.25
8.73 2.45 -3.71
8.55 2.28 -4.2
8.33 2.13 -4.7
8.06 1.99 -5.2
7.75 1.86 -5.7
7.4 1.75 -6.17
7.03 1.66 -6.62
6.63 1.58 -7.04
6.23 1.51 -7.41
5.84 1.46 -7.73
5.46 1.45 -8
5.11 1.46 -8.23
4.82 1.5 -8.4
4.6 1.54 -8.51
4.46 1.59 -8.58
4.39 1.67 -8.6
4.4 1.77 -8.57
4.48 1.89 -8.51
4.61 2.05 -8.4
4.79 2.23 -8.25
4.99 2.44 -8.07
5.21 2.69 -7.85
5.43 2.95 -7.6
5.66 3.23 -7.32
5.89 3.51 -7
6.12 3.78 -6.65
6.35 4.06 -6.26
6.59 4.35 -5.8
6.8 4.61 -5.34
6.99 4.88 -4.84
7.15 5.1 -4.36
7.28 5.3 -3.87
7.38 5.47 -3.4
7.46 5.62 -2.96
7.51 5.75 -2.56
7.53 5.86 -2.21
7.54 5.95 -1.93
7.54 6.01 -1.72
7.54 6.05 -1.61
7.54 6.06 -1.58
7.54 6.05 -1.64
7.53 6.02 -1.78
7.51 5.97 -2
7.48 5.91 -2.28
7.42 5.84 -2.62
7.34 5.76 -3
7.23 5.67 -3.41
7.08 5.59 -3.83
6.89 5.52 -4.25
6.67 5.46 -4.66
6.42 5.41 -5.06
6.13 5.37 -5.44
5.82 5.33 -5.8
5.49 5.31 -6.13
5.14 5.28 -6.46
4.78 5.23 -6.77
4.41 5.26 -6.99
4.05 5.29 -7.18
3.7 5.33 -7.34
3.36 5.37 -7.48
3.05 5.43 -7.56
2.79 5.49 -7.62
2.58 5.56 -7.65
2.42 5.65 -7.63
2.31 5.74 -7.59
2.25 5.87 -7.52
2.24 6.01 -7.41
2.27 6.16 -7.27
2.33 6.32 -7.12
2.41 6.49 -6.93
2.51 6.68 -6.72
2.63 6.86 -6.48
2.74 7.06 -6.21
2.85 7.26 -5.93
2.95 7.48 -5.6
3.02 7.69 -5.26
3.07 7.91 -4.9
3.1 8.12 -4.52
3.11 8.32 -4.14
3.11 8.5 -3.75
3.08 8.67 -3.38
3.03 8.8 -3.05
2.96 8.94 -2.72
2.87 9.05 -2.44
2.77 9.14 -2.21
2.68 9.22 -1.98
2.59 9.28 -1.81
2.53 9.32 -1.68
2.49 9.35 -1.58
2.47 9.36 -1.52
2.47 9.37 -1.49
2.47 9.37 -1.48
2.47 9.37 -1.48
2.48 9.36 -1.51
2.49 9.35 -1.55
2.49 9.34 -1.6
2.51 9.33 -1.66
2.52 9.31 -1.72
2.54 9.29 -1.79
2.56 9.27 -1.87
2.58 9.25 -1.95
2.61 9.22 -2.04
2.65 9.19 -2.14
2.69 9.15 -2.24
2.74 9.12 -2.33
2.8 9.08 -2.41
2.87 9.04 -2.48
