0.4876709 0.6514282 -0.39971924 0.42199707
0.49053955 0.6489258 -0.39819336 0.42388916
0.49353027 0.6466675 -0.3965454 0.42541504
0.49694824 0.64434814 -0.39489746 0.42645264
0.50079346 0.64208984 -0.39318848 0.42700195
0.50476074 0.6398926 -0.39154053 0.42712402
0.508667 0.63793945 -0.3899536 0.42681885
0.5125122 0.63623047 -0.3887329 0.42596436
0.5159912 0.63500977 -0.38781738 0.42443848
0.51904297 0.6342163 -0.3875122 0.42211914
0.5213623 0.63397217 -0.3880005 0.41918945
0.5227051 0.6343384 -0.3894043 0.41571045
0.52282715 0.63531494 -0.39196777 0.4116211
0.5213623 0.6369629 -0.39605713 0.4069214
0.5182495 0.6392212 -0.40197754 0.4015503
0.51330566 0.64190674 -0.40997314 0.3955078
0.5064087 0.6449585 -0.42004395 0.3887329
0.4975586 0.6482544 -0.432312 0.3812256
0.48669434 0.65179443 -0.4467163 0.3725586
0.473938 0.65545654 -0.46295166 0.36254883
0.45941162 0.6592407 -0.48077393 0.35095215
0.44335938 0.663147 -0.4996338 0.33770752
0.42614746 0.6668701 -0.5192261 0.32263184
0.40820312 0.6702881 -0.5389404 0.3059082
0.38952637 0.6734619 -0.5584717 0.28778076
0.3703003 0.6760864 -0.5775757 0.26861572
0.35083008 0.6779785 -0.5961304 0.24871826
0.3314209 0.6789551 -0.6140137 0.22839355
0.31262207 0.67889404 -0.6309204 0.20800781
0.2935791 0.6786499 -0.64611816 0.18914795
0.2763672 0.6777344 -0.65966797 0.17071533
0.26141357 0.67645264 -0.6713867 0.152771
0.2479248 0.67529297 -0.6812134 0.13604736
0.23822021 0.6741333 -0.68847656 0.12176514
0.2310791 0.6734009 -0.6934204 0.11090088
0.22747803 0.6730957 -0.696167 0.1027832
0.2277832 0.67303467 -0.6968994 0.09729004
0.23156738 0.6734009 -0.6956787 0.09442139
0.23925781 0.67419434 -0.69244385 0.09350586
0.2503662 0.6754761 -0.6871338 0.093933105
0.26428223 0.6776123 -0.67962646 0.09552002
0.28045654 0.6798706 -0.67041016 0.09814453
0.29870605 0.6826782 -0.6591797 0.10107422
0.31829834 0.6855469 -0.6463623 0.10443115
0.33911133 0.6878662 -0.63256836 0.10821533
0.36083984 0.6895752 -0.6177368 0.11273193
0.38293457 0.6907959 -0.6017456 0.11859131
0.40618896 0.6911011 -0.58447266 0.12554932
0.43145752 0.6900635 -0.5654297 0.13378906
0.45507812 0.68865967 -0.54608154 0.14294434
0.47979736 0.68518066 -0.5267334 0.15130615
0.50146484 0.68200684 -0.5072632 0.1616211
0.52246094 0.67785645 -0.48797607 0.17156982
0.541626 0.6730957 -0.46972656 0.18157959
0.55859375 0.66833496 -0.4524536 0.19122314
0.57403564 0.663147 -0.43688965 0.19970703
0.586792 0.65893555 -0.42260742 0.20703125
0.59661865 0.6555176 -0.4111328 0.21289062
0.604187 0.6522217 -0.40338135 0.2164917
0.6084595 0.6501465 -0.39953613 0.21789551
0.6099243 0.6489258 -0.3998413 0.21691895
0.6087036 0.64849854 -0.4041748 0.21350098
0.60491943 0.6489258 -0.4121704 0.2076416
0.5983887 0.65026855 -0.42340088 0.19958496
0.5895386 0.65197754 -0.43762207 0.18939209
0.5786133 0.6538086 -0.45428467 0.17712402
0.56591797 0.6553955 -0.47283936 0.16314697
0.55163574 0.65667725 -0.4925537 0.14764404
0.53619385 0.6576538 -0.5126953 0.13092041
0.52001953 0.65808105 -0.5325928 0.11328125
0.5032959 0.65789795 -0.552124 0.0947876
0.46826172 0.65582275 -0.58947754 0.056396484
0.4501953 0.6538696 -0.6069946 0.03668213
0.4501953 0.6538696 -0.6069946 0.03668213
0.43206787 0.6516113 -0.62323 0.016784668
0.3927002 0.6489258 -0.6514282 -0.018615723
0.37652588 0.6463623 -0.66259766 -0.03765869
0.37652588 0.6463623 -0.66259766 -0.03765869
0.3612671 0.64434814 -0.6716919 -0.055603027
0.34661865 0.64331055 -0.678833 -0.071899414
0.3330078 0.64263916 -0.6843872 -0.087768555
0.32202148 0.6425781 -0.68774414 -0.10192871
0.3133545 0.64331055 -0.689209 -0.11383057
0.30737305 0.6445923 -0.68896484 -0.1239624
0.30529785 0.64959717 -0.682251 -0.13897705
0.30944824 0.65338135 -0.6757202 -0.144104
0.30944824 0.65338135 -0.6757202 -0.144104
0.31671143 0.65789795 -0.6671753 -0.14733887
0.32666016 0.66326904 -0.65667725 -0.14880371
0.33892822 0.66937256 -0.6442261 -0.1484375
0.35333252 0.67614746 -0.6296997 -0.14666748
0.3696289 0.6832886 -0.61309814 -0.14361572
0.38702393 0.69055176 -0.5949707 -0.13909912
0.40618896 0.6972656 -0.5751343 -0.13421631
0.42559814 0.70373535 -0.5541992 -0.12823486
0.44610596 0.7093506 -0.5317993 -0.12231445
0.46679688 0.71435547 -0.50823975 -0.11621094
0.48779297 0.7185669 -0.4833374 -0.10998535
0.5085449 0.72216797 -0.45739746 -0.10321045
0.5286255 0.7252197 -0.4307251 -0.09515381
0.5487671 0.72717285 -0.40325928 -0.08618164
0.5670166 0.7286377 -0.37628174 -0.0769043
0.5828247 0.7305298 -0.34954834 -0.066833496
0.59802246 0.73114014 -0.32318115 -0.057434082
0.61065674 0.73205566 -0.2980957 -0.04827881
0.6209717 0.73291016 -0.27508545 -0.040100098
0.6304321 0.7322998 -0.25531006 -0.033203125
0.6376343 0.7318115 -0.2390747 -0.02758789
0.64312744 0.7310791 -0.22680664 -0.023010254
0.6470337 0.7302246 -0.21838379 -0.019470215
0.6494751 0.72961426 -0.2133789 -0.016967773
0.6506958 0.729187 -0.21124268 -0.015808105
0.6512451 0.7286377 -0.21148682 -0.015930176
0.651001 0.72821045 -0.21343994 -0.017211914
0.6500244 0.72821045 -0.21643066 -0.01928711
0.6483154 0.7285156 -0.22015381 -0.02166748
0.6461792 0.72906494 -0.22424316 -0.024047852
0.6437988 0.72979736 -0.22857666 -0.026306152
0.6411743 0.73065186 -0.23297119 -0.028259277
0.63830566 0.7316284 -0.23736572 -0.029968262
0.6351929 0.73291016 -0.24169922 -0.03125
0.6317749 0.734375 -0.24603271 -0.032104492
0.6281128 0.7359619 -0.25054932 -0.03253174
0.62420654 0.73773193 -0.255188 -0.032592773
0.62023926 0.73931885 -0.26013184 -0.032348633
0.61657715 0.74053955 -0.26531982 -0.03186035
0.6132202 0.741333 -0.27093506 -0.03125
