52.3125 42.3125 -22.9375
52.25 42.375 -23.25
52.1875 42.4375 -23.5625
52.125 42.4375 -23.8125
52.0625 42.4375 -24
52 42.5 -24.1875
51.9375 42.5 -24.3125
51.875 42.5 -24.4375
51.8125 42.5 -24.5
51.75 42.5625 -24.625
51.75 42.5625 -24.6875
51.75 42.5625 -24.8125
51.8125 42.5625 -24.875
51.8125 42.5625 -25
51.9375 42.5625 -25
52 42.5 -25.0625
52.0625 42.5 -25.0625
52.125 42.4375 -25.0625
52.1875 42.375 -25
52.25 42.3125 -25
52.3125 42.25 -24.9375
52.3125 42.1875 -24.9375
52.375 42.0625 -24.875
52.4375 41.9375 -24.8125
52.4375 41.8125 -24.75
52.5 41.625 -24.6875
52.5625 41.4375 -24.625
52.625 41.1875 -24.5
52.6875 40.9375 -24.4375
52.8125 40.625 -24.3125
53 40.3125 -24.125
53.125 40 -23.9375
53.3125 39.625 -23.75
53.4375 39.25 -23.5
53.625 38.8125 -23.25
53.8125 38.375 -23
54 37.9375 -22.75
54.1875 37.4375 -22.5
54.375 36.875 -22.25
54.5625 36.3125 -22
54.6875 35.625 -21.75
54.875 34.9375 -21.4375
55 34.125 -21.125
55.1875 33.3125 -20.75
55.375 32.4375 -20.375
55.5625 31.5 -20
55.75 30.5 -19.625
55.9375 29.5 -19.25
56.125 28.4375 -18.875
56.3125 27.375 -18.5
56.5625 26.3125 -18.125
56.8125 25.25 -17.6875
57.0625 24.25 -17.3125
57.3125 23.1875 -17
57.5 22.125 -16.625
57.75 21 -16.25
57.9375 19.8125 -16
58.0625 18.625 -15.6875
58.125 17.375 -15.4375
58.1875 16.125 -15.125
58.25 14.875 -14.8125
58.375 13.625 -14.5
58.5 12.375 -14.125
58.625 11.1875 -13.875
58.8125 10.0625 -13.6875
59 8.9375 -13.5
59.125 7.9375 -13.3125
59.1875 6.9375 -13.125
59.25 6 -13
59.3125 5.125 -12.9375
59.3125 4.1875 -12.8125
59.25 3.25 -12.6875
59.1875 2.3125 -12.625
59.125 1.3125 -12.5
59 0.3125 -12.4375
58.875 -0.6875 -12.375
58.75 -1.6875 -12.3125
58.6875 -2.75 -12.3125
58.5625 -3.75 -12.3125
58.5 -4.6875 -12.3125
58.4375 -5.625 -12.25
58.3125 -6.5 -12.1875
58.25 -7.375 -12.125
58.0625 -8.1875 -12.125
57.9375 -8.9375 -12
57.75 -9.5625 -12
57.625 -10.1875 -12
57.5625 -10.6875 -12.125
57.5625 -11.125 -12.3125
57.625 -11.5 -12.5625
57.75 -11.75 -12.8125
57.9375 -11.9375 -13.125
58.125 -12.125 -13.375
58.25 -12.25 -13.5625
58.4375 -12.375 -13.75
58.625 -12.5 -13.9375
58.8125 -12.625 -14.125
59 -12.8125 -14.25
59.125 -12.9375 -14.3125
59.25 -13.0625 -14.4375
59.375 -13.125 -14.5
59.4375 -13.1875 -14.5625
59.4375 -13.25 -14.625
59.5 -13.25 -14.75
59.5625 -13.1875 -14.8125
59.6875 -13.0625 -14.9375
59.8125 -12.875 -15.0625
59.9375 -12.6875 -15.25
60.1875 -12.4375 -15.4375
60.4375 -12.125 -15.625
60.75 -11.8125 -15.875
61.0625 -11.5 -16.0625
61.5 -11.1875 -16.3125
61.9375 -10.8125 -16.5
62.5 -10.4375 -16.8125
63.0625 -10 -17.0625
63.6875 -9.5 -17.375
64.5 -8.9375 -17.6875
65.4375 -8.3125 -18.0625
66.4375 -7.625 -18.3125
67.5 -6.875 -18.5
68.5625 -6.1875 -18.6875
69.5625 -5.4375 -18.875
70.5 -4.75 -19.0625
71.375 -4.125 -19.1875
72.1875 -3.5 -19.375
72.9375 -2.9375 -19.5625
73.75 -2.4375 -19.75
74.5 -2 -19.875
75.25 -1.5625 -20
75.9375 -1.125 -20.125
76.625 -0.75 -20.3125
77.1875 -0.4375 -20.4375
77.6875 -0.125 -20.5625
78.125 0.125 -20.6875
78.5 0.4375 -20.8125
78.875 0.6875 -20.9375
79.1875 0.9375 -21
79.5 1.125 -21.0625
79.8125 1.375 -21.125
80.0625 1.5 -21.1875
80.25 1.625 -21.25
80.4375 1.75 -21.375
80.625 1.875 -21.4375
80.8125 1.9375 -21.5
80.9375 2 -21.5625
81.0625 2 -21.625
