6.61 -2.86 6.65
6.61 -2.89 6.63
6.62 -2.92 6.61
6.62 -2.94 6.6
6.62 -2.96 6.59
6.62 -2.97 6.58
6.62 -2.99 6.57
6.63 -3 6.57
6.63 -3.01 6.56
6.63 -3.02 6.55
6.63 -3.03 6.54
6.63 -3.04 6.54
6.63 -3.05 6.54
6.63 -3.05 6.54
6.63 -3.06 6.54
6.62 -3.06 6.54
6.62 -3.06 6.55
6.61 -3.06 6.56
6.6 -3.06 6.56
6.59 -3.06 6.57
6.58 -3.06 6.58
6.57 -3.06 6.59
6.56 -3.06 6.61
6.54 -3.06 6.63
6.51 -3.06 6.65
6.49 -3.06 6.68
6.46 -3.06 6.7
6.42 -3.06 6.74
6.39 -3.06 6.77
6.35 -3.05 6.81
6.3 -3.05 6.85
6.26 -3.04 6.9
6.21 -3.02 6.95
6.15 -3.01 7.01
6.09 -3 7.07
6.03 -2.99 7.13
5.96 -2.98 7.19
5.88 -2.97 7.25
5.8 -2.96 7.32
5.71 -2.95 7.39
5.61 -2.94 7.47
5.5 -2.92 7.56
5.39 -2.9 7.65
5.26 -2.88 7.75
5.12 -2.86 7.85
4.98 -2.84 7.95
4.83 -2.82 8.05
4.67 -2.79 8.15
4.51 -2.76 8.25
4.34 -2.73 8.35
4.18 -2.7 8.44
4.02 -2.66 8.53
3.86 -2.63 8.61
3.69 -2.6 8.7
3.51 -2.57 8.78
3.33 -2.54 8.86
3.13 -2.52 8.94
2.93 -2.49 9.01
2.72 -2.46 9.09
2.51 -2.43 9.16
2.31 -2.38 9.22
2.1 -2.34 9.28
1.9 -2.31 9.33
1.71 -2.28 9.38
1.53 -2.26 9.41
1.35 -2.24 9.45
1.19 -2.21 9.47
1.03 -2.19 9.5
0.87 -2.18 9.51
0.72 -2.17 9.53
0.56 -2.15 9.54
0.39 -2.14 9.56
0.22 -2.13 9.56
0.05 -2.11 9.57
-0.11 -2.1 9.57
-0.29 -2.1 9.57
-0.47 -2.09 9.56
-0.64 -2.08 9.55
-0.8 -2.08 9.54
-0.96 -2.07 9.53
-1.11 -2.06 9.52
-1.26 -2.05 9.5
-1.39 -2.03 9.48
-1.52 -2.02 9.47
-1.63 -2.01 9.45
-1.73 -2.01 9.43
-1.82 -2.02 9.41
-1.89 -2.05 9.39
-1.95 -2.09 9.37
-2 -2.13 9.35
-2.03 -2.18 9.34
-2.06 -2.22 9.32
-2.08 -2.25 9.31
-2.11 -2.28 9.29
-2.13 -2.31 9.28
-2.15 -2.33 9.27
-2.17 -2.35 9.26
-2.19 -2.37 9.25
-2.21 -2.38 9.24
-2.23 -2.39 9.24
-2.24 -2.4 9.23
-2.25 -2.41 9.23
-2.24 -2.43 9.23
-2.23 -2.44 9.22
-2.21 -2.46 9.22
-2.19 -2.48 9.22
-2.15 -2.51 9.22
-2.11 -2.55 9.22
-2.06 -2.59 9.22
-2.01 -2.62 9.22
-1.96 -2.66 9.23
-1.9 -2.7 9.23
-1.84 -2.74 9.23
-1.78 -2.78 9.23
-1.7 -2.83 9.22
-1.62 -2.89 9.22
-1.53 -2.95 9.22
-1.42 -3 9.22
-1.3 -3.05 9.22
-1.18 -3.09 9.22
-1.05 -3.13 9.23
-0.93 -3.16 9.23
-0.81 -3.19 9.23
-0.7 -3.22 9.23
-0.6 -3.25 9.23
-0.51 -3.28 9.22
-0.42 -3.31 9.22
-0.34 -3.33 9.21
-0.27 -3.35 9.2
-0.2 -3.38 9.2
-0.13 -3.4 9.19
-0.07 -3.43 9.18
-0.02 -3.45 9.17
0.02 -3.47 9.17
0.07 -3.49 9.16
0.12 -3.5 9.15
0.16 -3.52 9.15
0.2 -3.53 9.14
0.23 -3.54 9.14
0.26 -3.55 9.13
0.28 -3.56 9.13
0.3 -3.57 9.12
0.32 -3.58 9.12
0.33 -3.59 9.11
0.34 -3.6 9.11
0.34 -3.61 9.1
0.34 -3.63 9.1
0.34 -3.64 9.09
0.34 -3.66 9.09
0.35 -3.67 9.08
0.35 -3.68 9.08
0.36 -3.69 9.07
0.37 -3.7 9.07
0.38 -3.71 9.06
0.38 -3.72 9.06
0.39 -3.73 9.05
0.39 -3.74 9.05
