0.8225708 -0.30334473 -0.26013184 -0.40447998
0.8222656 -0.30523682 -0.2600708 -0.40374756
0.8220215 -0.30700684 -0.2598877 -0.40307617
0.8218384 -0.3085327 -0.25976562 -0.4024048
0.82177734 -0.30969238 -0.25964355 -0.40179443
0.82177734 -0.31054688 -0.25958252 -0.40112305
0.8218384 -0.31121826 -0.25958252 -0.40039062
0.8218994 -0.31176758 -0.25964355 -0.39978027
0.82196045 -0.3123169 -0.25964355 -0.399292
0.8218994 -0.3128662 -0.25976562 -0.39892578
0.82177734 -0.31347656 -0.2597046 -0.39874268
0.8215332 -0.31414795 -0.25958252 -0.39874268
0.82128906 -0.3147583 -0.25927734 -0.39892578
0.8210449 -0.31536865 -0.2588501 -0.399292
0.8208008 -0.3157959 -0.25836182 -0.3998413
0.82055664 -0.31604004 -0.2578125 -0.40039062
0.8204346 -0.3161621 -0.25726318 -0.40100098
0.8203125 -0.3161621 -0.25671387 -0.4015503
0.8203125 -0.31604004 -0.25616455 -0.40203857
0.8203125 -0.31585693 -0.25561523 -0.40252686
0.8203125 -0.31573486 -0.25494385 -0.4029541
0.82037354 -0.31549072 -0.25427246 -0.40344238
0.82055664 -0.3151245 -0.253479 -0.40393066
0.8208008 -0.31469727 -0.2524414 -0.40441895
0.82110596 -0.31420898 -0.25128174 -0.4048462
0.8215332 -0.31347656 -0.24987793 -0.40545654
0.8220215 -0.3126831 -0.24822998 -0.40612793
0.82250977 -0.3118286 -0.24633789 -0.4069214
0.822937 -0.3109131 -0.24414062 -0.40802002
0.82336426 -0.3098755 -0.24176025 -0.4093628
0.8237915 -0.3086548 -0.23913574 -0.41088867
0.8243408 -0.30718994 -0.2364502 -0.41259766
0.82489014 -0.3053589 -0.23364258 -0.41430664
0.82562256 -0.30334473 -0.23065186 -0.41607666
0.826416 -0.30108643 -0.22747803 -0.4179077
0.8272095 -0.29882812 -0.22399902 -0.41986084
0.8279419 -0.29644775 -0.22033691 -0.42193604
0.8287964 -0.29406738 -0.21636963 -0.42407227
0.8296509 -0.29156494 -0.21209717 -0.4262085
0.83062744 -0.28894043 -0.2074585 -0.42840576
0.8317261 -0.28607178 -0.20239258 -0.43060303
0.83306885 -0.28259277 -0.19708252 -0.43273926
0.83465576 -0.27856445 -0.19140625 -0.4348755
0.8363037 -0.27404785 -0.1854248 -0.43719482
0.8378296 -0.26934814 -0.17901611 -0.4397583
0.8394165 -0.26452637 -0.17211914 -0.44250488
0.8410034 -0.25952148 -0.16479492 -0.44519043
0.8427124 -0.25421143 -0.15716553 -0.44781494
0.84436035 -0.24853516 -0.1494751 -0.45043945
0.84594727 -0.24279785 -0.14178467 -0.453125
0.84729004 -0.23687744 -0.13427734 -0.45599365
0.8484497 -0.23095703 -0.12683105 -0.45898438
0.8494873 -0.22509766 -0.1194458 -0.4619751
0.85046387 -0.21917725 -0.11187744 -0.4649048
0.85150146 -0.21307373 -0.10424805 -0.46765137
0.85253906 -0.20684814 -0.09631348 -0.47027588
0.85357666 -0.20074463 -0.088012695 -0.4725952
0.85479736 -0.19439697 -0.0793457 -0.47460938
0.85614014 -0.18792725 -0.070373535 -0.4761963
0.85754395 -0.18084717 -0.061523438 -0.4776001
0.8588867 -0.17370605 -0.05267334 -0.47894287
0.85998535 -0.1663208 -0.044067383 -0.4804077
0.86083984 -0.15887451 -0.035705566 -0.4821167
0.8613281 -0.15222168 -0.02734375 -0.48394775
0.86157227 -0.14605713 -0.019165039 -0.48583984
0.86169434 -0.14031982 -0.011352539 -0.48754883
0.8618164 -0.13476562 -0.003967285 -0.48895264
0.86206055 -0.12945557 0.0030517578 -0.48999023
0.8623047 -0.12451172 0.009765625 -0.4907837
0.8625488 -0.11993408 0.016418457 -0.49127197
0.86291504 -0.115356445 0.023071289 -0.49145508
0.8634033 -0.11047363 0.029724121 -0.49139404
0.86395264 -0.10571289 0.03668213 -0.4909668
0.86505127 -0.0960083 0.05102539 -0.4897461
0.86553955 -0.09118652 0.058532715 -0.48895264
0.86553955 -0.09118652 0.058532715 -0.48895264
0.86602783 -0.086364746 0.06616211 -0.4880371
0.866333 -0.08166504 0.073791504 -0.48718262
0.8664551 -0.07727051 0.08129883 -0.4864502
0.8665161 -0.07305908 0.08850098 -0.4857788
0.86657715 -0.06878662 0.095336914 -0.4850464
0.8666992 -0.06463623 0.10180664 -0.48406982
0.8668213 -0.06048584 0.107910156 -0.4829712
0.8670654 -0.05670166 0.113708496 -0.4817505
0.8673096 -0.05303955 0.11895752 -0.4804077
0.86761475 -0.049926758 0.12371826 -0.4790039
0.86779785 -0.047729492 0.12823486 -0.47766113
0.8677368 -0.04638672 0.13256836 -0.47680664
0.86724854 -0.045837402 0.13665771 -0.4765625
0.8664551 -0.045959473 0.1404419 -0.4769287
0.86535645 -0.04663086 0.1437378 -0.4777832
0.8642578 -0.04748535 0.14648438 -0.47888184
0.8632202 -0.048339844 0.14886475 -0.47991943
0.86224365 -0.049194336 0.15093994 -0.48101807
0.86120605 -0.049804688 0.15283203 -0.4821167
0.8602295 -0.050231934 0.15460205 -0.4833374
0.8592529 -0.05053711 0.15631104 -0.48449707
0.85827637 -0.05065918 0.15795898 -0.48565674
0.8574219 -0.05053711 0.1593628 -0.48669434
0.85668945 -0.050476074 0.1607666 -0.48754883
0.85614014 -0.050476074 0.16186523 -0.4882202
0.8557129 -0.05053711 0.16271973 -0.48858643
0.85546875 -0.050842285 0.16326904 -0.48883057
0.8552246 -0.0513916 0.16351318 -0.48913574
0.85491943 -0.05230713 0.16345215 -0.489563
0.8544922 -0.053527832 0.16314697 -0.4902954
0.85388184 -0.055114746 0.16259766 -0.491333
0.85321045 -0.057006836 0.16186523 -0.4925537
0.8522949 -0.059387207 0.16101074 -0.4940796
0.8511963 -0.061950684 0.16003418 -0.49597168
0.84991455 -0.064575195 0.15887451 -0.49816895
0.8484497 -0.06719971 0.15759277 -0.50079346
0.84661865 -0.069885254 0.15631104 -0.50390625
0.84454346 -0.072631836 0.15496826 -0.50738525
0.8422241 -0.07562256 0.15362549 -0.51116943
0.8395996 -0.07897949 0.15228271 -0.51538086
0.8366089 -0.08270264 0.1506958 -0.52020264
0.8329468 -0.08685303 0.14868164 -0.5258789
0.8286743 -0.09112549 0.14624023 -0.53253174
0.8239746 -0.09527588 0.14324951 -0.539917
0.8140869 -0.10308838 0.13653564 -0.5549927
0.8140869 -0.10308838 0.13653564 -0.5549927
0.80926514 -0.10687256 0.13317871 -0.5621338
0.8045654 -0.11053467 0.13000488 -0.5687866
0.80023193 -0.11407471 0.1270752 -0.57489014
0.79608154 -0.11755371 0.124572754 -0.5805054
0.79193115 -0.12084961 0.12237549 -0.58587646
0.7878418 -0.1239624 0.1204834 -0.5911255
0.78375244 -0.12670898 0.11883545 -0.59625244
0.7797241 -0.12921143 0.11730957 -0.60131836
0.7758789 -0.1315918 0.11608887 -0.60601807
0.77227783 -0.1340332 0.114990234 -0.6102295
0.76904297 -0.13635254 0.11407471 -0.6140137
0.7661743 -0.1385498 0.11315918 -0.61724854
0.7636719 -0.14068604 0.11224365 -0.6199951
0.7614136 -0.1427002 0.111450195 -0.62249756
0.75927734 -0.14453125 0.11065674 -0.62475586
0.7573242 -0.14611816 0.10986328 -0.6269531
0.75549316 -0.14752197 0.10913086 -0.62890625
0.7538452 -0.14874268 0.10845947 -0.63067627
0.7523804 -0.14990234 0.10803223 -0.6322632
0.75109863 -0.1508789 0.10772705 -0.63360596
0.74993896 -0.15185547 0.107666016 -0.63482666
0.7487793 -0.15270996 0.107666016 -0.6359253
0.74780273 -0.15338135 0.10784912 -0.63690186
0.7470093 -0.1539917 0.10803223 -0.6376953
0.74627686 -0.15454102 0.10839844 -0.63830566
0.7457886 -0.15509033 0.108947754 -0.6386719
0.7449951 -0.15612793 0.11004639 -0.63916016
0.7449951 -0.15612793 0.11004639 -0.63916016
0.7446289 -0.15673828 0.11047363 -0.63934326
0.7442627 -0.15740967 0.11071777 -0.6395874
0.7439575 -0.15814209 0.110839844 -0.6397095
0.7437134 -0.15887451 0.11090088 -0.6397705
0.7437134 -0.16015625 0.110961914 -0.63946533
0.7437134 -0.16015625 0.110961914 -0.63946533
0.7437744 -0.16064453 0.11102295 -0.6392822
0.74383545 -0.1609497 0.111206055 -0.6390991
0.74383545 -0.16125488 0.111450195 -0.63897705
0.7437744 -0.16143799 0.111816406 -0.638916
0.7437134 -0.16156006 0.11224365 -0.638916
0.7435303 -0.1618042 0.1126709 -0.638916
0.74334717 -0.16223145 0.11315918 -0.63897705
0.743103 -0.16278076 0.113586426 -0.6390381
0.7429199 -0.16345215 0.11395264 -0.63897705
0.74279785 -0.1642456 0.11413574 -0.638916
0.7427368 -0.1651001 0.11419678 -0.63879395
