0.89746094 0.26605225 -0.30456543 -0.17608643
0.89404297 0.2668457 -0.30828857 -0.18566895
0.8909912 0.26696777 -0.31195068 -0.19378662
0.88842773 0.26611328 -0.31555176 -0.20074463
0.88635254 0.26470947 -0.31884766 -0.206604
0.8845825 0.2630005 -0.32202148 -0.21142578
0.8831177 0.26135254 -0.32507324 -0.21490479
0.881958 0.2597046 -0.32824707 -0.21661377
0.8812866 0.25836182 -0.331604 -0.21600342
0.8811035 0.2571411 -0.3348999 -0.2130127
0.8815918 0.25561523 -0.33825684 -0.20751953
0.88275146 0.25341797 -0.34155273 -0.19976807
0.8845215 0.25048828 -0.3446045 -0.19012451
0.8866577 0.24713135 -0.34735107 -0.17907715
0.8890991 0.2434082 -0.34979248 -0.16693115
0.8916626 0.23937988 -0.35205078 -0.15393066
0.8942261 0.23522949 -0.35406494 -0.14019775
0.8966675 0.23144531 -0.355896 -0.12561035
0.89904785 0.22772217 -0.35736084 -0.10998535
0.90148926 0.22363281 -0.35845947 -0.09362793
0.9038086 0.21923828 -0.35925293 -0.07720947
0.9060669 0.21466064 -0.35949707 -0.06109619
0.9082031 0.2098999 -0.35931396 -0.045288086
0.9102783 0.20513916 -0.35839844 -0.029907227
0.91223145 0.2008667 -0.35681152 -0.014770508
0.91412354 0.19720459 -0.35430908 0.00030517578
0.9159546 0.1942749 -0.35076904 0.015380859
0.91796875 0.19158936 -0.34606934 0.030334473
0.920166 0.18890381 -0.3399048 0.04510498
0.92266846 0.18664551 -0.3320923 0.059814453
0.92541504 0.18457031 -0.3225708 0.074401855
0.92840576 0.1821289 -0.31152344 0.08843994
0.9317627 0.17926025 -0.29919434 0.10119629
0.93518066 0.1762085 -0.28607178 0.11224365
0.93847656 0.17401123 -0.27246094 0.12164307
0.9416504 0.1720581 -0.25854492 0.1296997
0.9448242 0.16992188 -0.24438477 0.13665771
0.9480591 0.16680908 -0.2300415 0.14276123
0.9512329 0.16357422 -0.21539307 0.1484375
0.9541626 0.16052246 -0.20043945 0.15386963
0.9569702 0.15704346 -0.18548584 0.1586914
0.9595337 0.15386963 -0.1708374 0.16265869
0.96191406 0.15106201 -0.1564331 0.16552734
0.9641113 0.14935303 -0.14208984 0.1671753
0.9661865 0.14855957 -0.12780762 0.16778564
0.96795654 0.1486206 -0.11364746 0.1673584
0.96954346 0.14990234 -0.09954834 0.1663208
0.97076416 0.15209961 -0.08581543 0.16461182
0.97180176 0.15484619 -0.07281494 0.16204834
0.9727173 0.15777588 -0.06085205 0.15863037
0.9736328 0.16033936 -0.050109863 0.1541748
0.9746094 0.16247559 -0.04034424 0.1486206
0.97558594 0.16448975 -0.031433105 0.14215088
0.9764404 0.16680908 -0.023071289 0.13494873
0.9771118 0.16998291 -0.015014648 0.1270752
0.9776001 0.17364502 -0.0072631836 0.11859131
0.9780884 0.17687988 0.000061035156 0.109802246
0.9783325 0.18054199 0.0068969727 0.10107422
0.9784546 0.18408203 0.013549805 0.09259033
0.9783325 0.18780518 0.019897461 0.0847168
0.9779663 0.19207764 0.026000977 0.07757568
0.97766113 0.19506836 0.031921387 0.07116699
0.9776001 0.1965332 0.037475586 0.06549072
0.977478 0.19769287 0.04260254 0.0602417
0.9772949 0.19891357 0.04736328 0.055114746
0.9771118 0.20007324 0.051696777 0.049987793
0.9768677 0.20153809 0.055541992 0.044799805
0.97662354 0.203125 0.05871582 0.039367676
0.9763794 0.2043457 0.061279297 0.03375244
0.9762573 0.2053833 0.06317139 0.027832031
0.9761963 0.20599365 0.06427002 0.021484375
0.97613525 0.20684814 0.064697266 0.014831543
0.9758911 0.20831299 0.064575195 0.008239746
0.97546387 0.21063232 0.06390381 0.001953125
0.9750366 0.21282959 0.06298828 -0.0037231445
0.97473145 0.21447754 0.061828613 -0.008666992
0.9744873 0.21575928 0.06048584 -0.013061523
0.9743042 0.2166748 0.05883789 -0.01727295
0.9741211 0.21765137 0.0569458 -0.02154541
0.9738159 0.21899414 0.05493164 -0.025634766
0.9734497 0.22058105 0.053100586 -0.029418945
0.97302246 0.22241211 0.051513672 -0.032714844
0.9725952 0.22424316 0.05029297 -0.035583496
0.9720459 0.22625732 0.049316406 -0.038085938
0.9715576 0.22833252 0.04864502 -0.040100098
0.97106934 0.23022461 0.04827881 -0.041625977
0.9707031 0.23162842 0.048217773 -0.04248047
0.970459 0.23248291 0.048339844 -0.042663574
0.9703369 0.23284912 0.04876709 -0.042297363
0.97039795 0.23284912 0.049316406 -0.041503906
0.970459 0.23254395 0.049926758 -0.040527344
0.97058105 0.23199463 0.050476074 -0.03955078
0.97076416 0.23144531 0.05090332 -0.03869629
0.97088623 0.23083496 0.05114746 -0.037963867
0.97106934 0.23022461 0.05102539 -0.037231445
