0.78326416 0.15362549 -0.5922241 0.11047363
0.7839966 0.1541748 -0.5911255 0.11029053
0.784729 0.15460205 -0.5901489 0.109802246
0.784729 0.15460205 -0.5901489 0.109802246
0.7855835 0.15527344 -0.5889282 0.10913086
0.7866211 0.1560669 -0.5874634 0.1083374
0.78790283 0.15686035 -0.58569336 0.10748291
0.7894287 0.15759277 -0.58361816 0.10650635
0.79125977 0.15838623 -0.5811157 0.10546875
0.793396 0.15917969 -0.578125 0.10449219
0.7960205 0.15991211 -0.57458496 0.103393555
0.7989502 0.16064453 -0.5704956 0.10223389
0.80218506 0.16149902 -0.56585693 0.10107422
0.80578613 0.16247559 -0.56066895 0.099853516
0.80963135 0.16339111 -0.5550537 0.09844971
0.81378174 0.16418457 -0.54901123 0.09674072
0.8182373 0.16479492 -0.5425415 0.09472656
0.822876 0.16540527 -0.53570557 0.0925293
0.8276367 0.16625977 -0.5284424 0.09033203
0.83239746 0.16741943 -0.520874 0.088256836
0.8371582 0.1687622 -0.5130615 0.086120605
0.842041 0.17016602 -0.50494385 0.084106445
0.8469238 0.17150879 -0.49658203 0.08203125
0.8519287 0.17260742 -0.487854 0.079956055
0.8571167 0.17333984 -0.4788208 0.077819824
0.8623657 0.17401123 -0.4694214 0.075683594
0.8675537 0.17468262 -0.45977783 0.07373047
0.87280273 0.175354 -0.44989014 0.07171631
0.8778076 0.1762085 -0.4399414 0.06939697
0.8826294 0.1774292 -0.43011475 0.06677246
0.887146 0.17895508 -0.4204712 0.06402588
0.8915405 0.18048096 -0.4109497 0.061340332
0.89575195 0.1819458 -0.4013672 0.05883789
0.89990234 0.18322754 -0.39160156 0.056762695
0.90411377 0.18395996 -0.38171387 0.05480957
0.90826416 0.18475342 -0.371521 0.053100586
0.9123535 0.18566895 -0.3612671 0.051452637
0.9163208 0.1864624 -0.35083008 0.049743652
0.92022705 0.18707275 -0.34039307 0.048034668
0.92407227 0.1875 -0.32977295 0.04626465
0.9279175 0.18774414 -0.31903076 0.04437256
0.93170166 0.18792725 -0.30792236 0.04260254
0.93548584 0.18786621 -0.2965088 0.041137695
0.93927 0.18762207 -0.2845459 0.039733887
0.9428711 0.18792725 -0.27227783 0.03857422
0.9463501 0.1887207 -0.25964355 0.037353516
0.949646 0.18963623 -0.24676514 0.035949707
0.9528198 0.19049072 -0.23376465 0.034179688
0.9557495 0.19171143 -0.2208252 0.032348633
0.958374 0.1932373 -0.20794678 0.030456543
0.9607544 0.19506836 -0.1953125 0.028625488
0.96295166 0.1965332 -0.18286133 0.026733398
0.9649048 0.19793701 -0.17059326 0.024841309
0.96673584 0.19934082 -0.1586914 0.02319336
0.9682617 0.20098877 -0.14697266 0.02178955
0.96954346 0.2029419 -0.13537598 0.020629883
0.97076416 0.20477295 -0.1237793 0.019714355
0.9718628 0.20629883 -0.11218262 0.019104004
0.97283936 0.20758057 -0.10058594 0.018737793
0.9736328 0.20904541 -0.08929443 0.018432617
0.9741821 0.2109375 -0.07879639 0.017944336
0.9744873 0.21295166 -0.06915283 0.017333984
0.9746094 0.21508789 -0.060424805 0.016601562
0.9746094 0.21716309 -0.05255127 0.01586914
0.9746094 0.21875 -0.04547119 0.015319824
0.9746094 0.22003174 -0.0390625 0.014953613
0.97454834 0.22125244 -0.033447266 0.014770508
0.9744873 0.22216797 -0.028625488 0.014587402
0.97442627 0.22290039 -0.024658203 0.014221191
0.9743042 0.22369385 -0.02142334 0.013793945
0.9741821 0.22454834 -0.018859863 0.013366699
0.97406006 0.22515869 -0.016967773 0.012939453
0.973999 0.22558594 -0.015625 0.012451172
0.973999 0.22576904 -0.014892578 0.01184082
0.973999 0.22583008 -0.014831543 0.011047363
0.973999 0.22583008 -0.01550293 0.010131836
0.973938 0.22589111 -0.016845703 0.009033203
0.973999 0.22570801 -0.018798828 0.007873535
0.973999 0.22540283 -0.021362305 0.0064086914
0.97406006 0.22497559 -0.024414062 0.0045776367
0.97406006 0.22460938 -0.028076172 0.0022583008
0.973938 0.22454834 -0.032348633 -0.0007324219
0.97369385 0.22473145 -0.03717041 -0.0045166016
0.97332764 0.22515869 -0.042541504 -0.008911133
0.9729614 0.2255249 -0.048339844 -0.013916016
0.9724121 0.22589111 -0.054382324 -0.01953125
0.97180176 0.22631836 -0.060546875 -0.0256958
0.9710083 0.22717285 -0.066711426 -0.032409668
0.9699707 0.2286377 -0.072753906 -0.039489746
0.96881104 0.23028564 -0.078552246 -0.046813965
0.96759033 0.23181152 -0.084106445 -0.05444336
0.96624756 0.23352051 -0.08935547 -0.06225586
0.9647217 0.23547363 -0.09429932 -0.0703125
0.9631958 0.23724365 -0.09887695 -0.07861328
0.9616699 0.23883057 -0.10296631 -0.08709717
0.960022 0.24060059 -0.10650635 -0.095581055
0.958313 0.24255371 -0.109558105 -0.10394287
0.95654297 0.24456787 -0.11224365 -0.11224365
0.9546509 0.2468872 -0.11462402 -0.12060547
0.9526367 0.24945068 -0.116760254 -0.12902832
0.95043945 0.25201416 -0.118896484 -0.13781738
0.94818115 0.25445557 -0.120910645 -0.14685059
0.9458618 0.25689697 -0.12286377 -0.15582275
0.94348145 0.2593994 -0.124694824 -0.16442871
0.94104004 0.26202393 -0.12640381 -0.17254639
0.93878174 0.26446533 -0.12805176 -0.17999268
0.9366455 0.26654053 -0.12963867 -0.18676758
0.9346924 0.26843262 -0.13110352 -0.19274902
0.93292236 0.2699585 -0.13244629 -0.19812012
0.93133545 0.27124023 -0.13378906 -0.20281982
0.9298706 0.27252197 -0.13500977 -0.20697021
0.92852783 0.2736206 -0.1361084 -0.21069336
0.92736816 0.27453613 -0.13720703 -0.21398926
0.92626953 0.27526855 -0.1381836 -0.21704102
0.925354 0.27600098 -0.13903809 -0.21966553
0.9244995 0.2767334 -0.13970947 -0.2218628
0.9237671 0.27764893 -0.14019775 -0.2234497
0.9232788 0.27819824 -0.14038086 -0.22467041
0.92297363 0.27856445 -0.14025879 -0.22546387
0.92285156 0.27868652 -0.13989258 -0.22601318
0.9229126 0.2786255 -0.13928223 -0.22631836
0.92297363 0.27856445 -0.13848877 -0.2265625
0.9230957 0.27850342 -0.13769531 -0.22680664
0.9232178 0.2783203 -0.13696289 -0.22698975
0.92333984 0.27801514 -0.13635254 -0.22711182
