234.6875 2.625 -55.0625
235.8125 2.4375 -55.3125
237.0625 2.3125 -55.625
238.3125 2.1875 -56
239.625 2.0625 -56.4375
240.875 1.9375 -56.875
242.125 1.8125 -57.375
243.25 1.75 -57.8125
244.25 1.625 -58.1875
245.0625 1.5625 -58.5
245.5625 1.5625 -58.875
245.6875 1.625 -59.125
245.4375 1.6875 -59.4375
244.6875 1.875 -59.6875
243.4375 2.1875 -59.875
241.75 2.5 -60
239.625 2.875 -60.125
237.1875 3.3125 -60.3125
234.5 3.6875 -60.5
231.4375 4.0625 -60.6875
228.125 4.5 -60.875
224.4375 5 -61.125
220.5 5.5625 -61.4375
216.375 6.1875 -61.75
212.1875 6.8125 -62.125
208 7.4375 -62.5625
203.9375 8 -63
200.0625 8.5 -63.5
196.4375 8.9375 -64
193.0625 9.375 -64.4375
190.0625 9.6875 -65
187.4375 10 -65.4375
185.125 10.25 -65.875
183.4375 10.375 -66.4375
182 10.5625 -66.8125
181.1875 10.625 -67.1875
180.75 10.8125 -67.5625
180.625 11 -67.875
180.875 11.1875 -68.1875
181.4375 11.5 -68.5
182.25 11.8125 -68.8125
183.25 12.1875 -69.125
184.5 12.625 -69.3125
185.875 13.125 -69.5625
187.5 13.5625 -69.75
189.375 14 -69.875
191.5 14.4375 -69.9375
193.75 14.8125 -70
196.0625 15.3125 -69.9375
198.5625 15.6875 -69.875
201.25 16.125 -69.75
203.875 16.5625 -69.6875
206.375 16.9375 -69.5
208.8125 17.25 -69.375
211.25 17.5 -69.375
213.4375 17.6875 -69.25
215.3125 17.8125 -69.125
216.9375 17.9375 -69.0625
218.125 18 -69.125
218.875 18.125 -69.4375
219 18.3125 -69.8125
218.4375 18.5 -70.1875
217.375 18.75 -70.5625
215.9375 18.875 -71.0625
214.125 19.0625 -71.6875
212.0625 19.1875 -72.375
209.6875 19.3125 -73.1875
207.0625 19.4375 -74.125
204.1875 19.5 -75.1875
201.25 19.5625 -76.375
198.1875 19.5625 -77.5625
195.125 19.4375 -78.8125
192.0625 19.1875 -80.0625
189.125 18.9375 -81.3125
186.25 18.625 -82.5625
183.5 18.25 -83.75
180.75 17.875 -84.5625
178.25 17.5625 -85.875
175.9375 17.3125 -87.1875
173.75 17.125 -88.25
171.5625 17 -89.1875
169.625 17 -90.0625
168.0625 17.0625 -90.75
166.75 17.3125 -91.3125
165.75 17.75 -91.8125
165.0625 18.3125 -92.25
164.5625 19.0625 -92.6875
164.3125 20 -93
164.25 21.125 -93.1875
164.375 22.375 -93.3125
164.625 23.8125 -93.375
165 25.3125 -93.375
165.5 26.9375 -93.3125
166.1875 28.5625 -93.125
166.9375 30.25 -92.75
167.8125 32 -92.125
168.6875 33.75 -91.1875
169.5625 35.5625 -90
170.5 37.375 -88.625
171.625 39.0625 -87.0625
172.875 40.6875 -85.1875
174.0625 42.0625 -83.25
175.3125 43.25 -81.1875
86.1875 44.25 -79.125
89.4375 44.9375 -77.0625
182.125 45.5 -74.875
184.5 45.9375 -72.75
186.4375 46.3125 -70.6875
188.125 46.625 -68.875
189.5 46.9375 -67.4375
190.625 47.1875 -66.375
191.4375 47.375 -65.625
191.9375 47.5 -65.125
192.1875 47.5625 -64.8125
192.1875 47.625 -64.625
192 47.625 -64.5
