0.42 -8.06 5.56
0.4 -8.09 5.52
0.37 -8.12 5.47
0.35 -8.16 5.41
0.33 -8.21 5.35
0.31 -8.25 5.28
0.3 -8.29 5.21
0.28 -8.33 5.16
0.27 -8.36 5.11
0.27 -8.39 5.06
0.27 -8.41 5.02
0.29 -8.44 4.97
0.32 -8.46 4.94
0.37 -8.47 4.91
0.43 -8.48 4.89
0.5 -8.49 4.87
0.56 -8.5 4.84
0.63 -8.51 4.81
0.7 -8.53 4.78
0.77 -8.54 4.75
0.86 -8.55 4.71
0.95 -8.57 4.66
1.05 -8.59 4.6
1.16 -8.61 4.54
1.27 -8.63 4.47
1.36 -8.65 4.4
1.45 -8.68 4.31
1.52 -8.7 4.23
1.59 -8.73 4.17
1.65 -8.76 4.07
1.71 -8.78 4
1.75 -8.81 3.93
1.77 -8.84 3.85
1.79 -8.86 3.78
1.81 -8.88 3.73
1.84 -8.9 3.67
1.87 -8.92 3.61
1.91 -8.93 3.56
1.95 -8.94 3.51
2.01 -8.95 3.46
2.08 -8.95 3.41
2.15 -8.95 3.37
2.22 -8.94 3.33
2.3 -8.94 3.29
2.37 -8.93 3.27
2.44 -8.92 3.25
2.51 -8.9 3.23
2.58 -8.88 3.23
2.66 -8.86 3.24
2.72 -8.83 3.25
2.79 -8.81 3.25
2.85 -8.78 3.27
2.91 -8.76 3.29
2.95 -8.75 3.29
2.98 -8.73 3.3
3 -8.72 3.32
3.02 -8.71 3.32
3.03 -8.71 3.31
3.05 -8.72 3.26
3.08 -8.73 3.2
3.12 -8.74 3.14
3.15 -8.75 3.08
3.18 -8.77 3
3.2 -8.79 2.91
3.22 -8.82 2.8
3.24 -8.85 2.67
3.26 -8.89 2.52
3.28 -8.93 2.35
3.29 -8.97 2.17
3.28 -9.02 1.98
3.26 -9.07 1.78
3.23 -9.12 1.59
3.18 -9.16 1.39
3.13 -9.21 1.2
3.07 -9.25 1
3.01 -9.28 0.87
2.96 -9.32 0.66
2.92 -9.35 0.45
2.88 -9.36 0.28
2.87 -9.37 0.12
2.87 -9.37 -0.01
2.88 -9.37 -0.12
2.92 -9.35 -0.21
2.99 -9.33 -0.3
3.08 -9.3 -0.37
3.2 -9.25 -0.43
3.36 -9.19 -0.48
3.54 -9.13 -0.51
3.74 -9.04 -0.53
3.96 -8.95 -0.53
4.19 -8.84 -0.52
4.44 -8.72 -0.51
4.69 -8.59 -0.47
4.94 -8.45 -0.4
5.2 -8.3 -0.3
5.45 -8.14 -0.17
5.7 -7.97 0
5.95 -7.79 0.18
6.18 -7.6 0.38
6.39 -7.4 0.61
6.57 -7.22 0.85
6.72 -7.05 1.08
6.84 -6.89 1.32
6.93 -6.76 1.54
6.99 -6.63 1.78
7.04 -6.51 2.02
7.09 -6.39 2.23
7.13 -6.27 2.42
7.16 -6.17 2.56
7.19 -6.1 2.66
7.21 -6.04 2.73
7.23 -6 2.78
7.24 -5.98 2.81
7.24 -5.96 2.83
7.24 -5.96 2.84
7.24 -5.96 2.84
