0.7633667 -0.41119385 0.21270752 -0.45056152
0.75927734 -0.41070557 0.21765137 -0.45544434
0.75476074 -0.41033936 0.22314453 -0.4605713
0.7498169 -0.4102173 0.22906494 -0.4658203
0.7444458 -0.4104004 0.23535156 -0.47113037
0.7388916 -0.4107666 0.24163818 -0.4763794
0.73321533 -0.41131592 0.24786377 -0.48138428
0.7279053 -0.41186523 0.25372314 -0.4859619
0.7232666 -0.41204834 0.25878906 -0.49005127
0.71936035 -0.41235352 0.26312256 -0.4932251
0.71624756 -0.41326904 0.26635742 -0.49517822
0.71429443 -0.41485596 0.2680664 -0.49578857
0.713501 -0.4173584 0.2682495 -0.49475098
0.71398926 -0.42077637 0.2664795 -0.49206543
0.71606445 -0.42468262 0.2625122 -0.487854
0.71936035 -0.42944336 0.2567749 -0.48181152
0.7238159 -0.4350586 0.24951172 -0.47387695
0.72943115 -0.44140625 0.24090576 -0.46380615
0.73602295 -0.44830322 0.23101807 -0.45159912
0.7435303 -0.45568848 0.21972656 -0.4373169
0.7515259 -0.463562 0.20709229 -0.42126465
0.7597656 -0.47174072 0.19293213 -0.40368652
0.76782227 -0.4804077 0.17749023 -0.38494873
0.7753906 -0.48913574 0.1609497 -0.36547852
0.78253174 -0.49768066 0.14367676 -0.34545898
0.7890625 -0.5058594 0.1262207 -0.3250122
0.79486084 -0.5135498 0.10900879 -0.3043213
0.79974365 -0.520813 0.092285156 -0.28393555
0.8039551 -0.5272827 0.076293945 -0.26428223
0.8076172 -0.53253174 0.061157227 -0.24578857
0.80963135 -0.5383911 0.047668457 -0.2288208
0.8115845 -0.5426636 0.03540039 -0.21362305
0.81274414 -0.54663086 0.024719238 -0.20007324
0.8128052 -0.55078125 0.016662598 -0.18902588
0.8128662 -0.553772 0.009887695 -0.18011475
0.81225586 -0.5564575 0.00579834 -0.17480469
0.81073 -0.55926514 0.0036621094 -0.17315674
0.8086548 -0.56170654 0.0032348633 -0.17462158
0.8060303 -0.5640869 0.0043945312 -0.17913818
0.80267334 -0.56640625 0.0071411133 -0.18652344
0.79870605 -0.56866455 0.011230469 -0.19647217
0.7940674 -0.5706787 0.016418457 -0.20874023
0.78881836 -0.5723877 0.022521973 -0.22277832
0.782959 -0.5737915 0.02960205 -0.23846436
0.77648926 -0.57476807 0.037902832 -0.25543213
0.7692871 -0.57525635 0.047424316 -0.2738037
0.76135254 -0.57525635 0.057922363 -0.293396
0.75250244 -0.574646 0.06933594 -0.31414795
0.74328613 -0.572937 0.08111572 -0.3357544
0.7329712 -0.57092285 0.093566895 -0.3577881
0.7218628 -0.5680542 0.10668945 -0.3805542
0.7098999 -0.56536865 0.11975098 -0.40252686
0.6986084 -0.5616455 0.13165283 -0.42333984
0.68688965 -0.55822754 0.14355469 -0.442688
0.67541504 -0.55493164 0.15527344 -0.46014404
0.66485596 -0.5515137 0.16583252 -0.475708
0.65600586 -0.5477905 0.17462158 -0.48901367
0.6482544 -0.545105 0.1821289 -0.49945068
0.6420288 -0.5435791 0.18792725 -0.506897
0.63653564 -0.54455566 0.19232178 -0.5111084
0.63323975 -0.546875 0.19378662 -0.51220703
0.63275146 -0.5500488 0.1920166 -0.51013184
0.6343384 -0.55444336 0.18786621 -0.5048218
0.6376953 -0.5600586 0.18182373 -0.49658203
0.64227295 -0.5667114 0.17419434 -0.48571777
0.64764404 -0.57440186 0.16516113 -0.47253418
0.65356445 -0.5830078 0.15460205 -0.45721436
0.65960693 -0.5925293 0.14263916 -0.43988037
0.6656494 -0.60266113 0.12939453 -0.4206543
0.67163086 -0.6131592 0.11505127 -0.3996582
0.6772461 -0.62371826 0.10003662 -0.3772583
0.6826782 -0.63391113 0.08441162 -0.35357666
0.6876221 -0.6435547 0.068359375 -0.3291626
0.6918335 -0.6526489 0.05218506 -0.30444336
0.6949463 -0.66137695 0.036193848 -0.2798462
0.69696045 -0.66955566 0.020629883 -0.2559204
0.70025635 -0.6748047 0.0045166016 -0.23278809
0.699646 -0.6824951 -0.010070801 -0.2111206
0.6976929 -0.6899414 -0.024230957 -0.19134521
0.6958618 -0.6958008 -0.037963867 -0.17376709
0.69384766 -0.70062256 -0.051574707 -0.15808105
0.69140625 -0.704834 -0.0637207 -0.14526367
0.689209 -0.7078247 -0.07373047 -0.1361084
0.6869507 -0.7102051 -0.08215332 -0.13043213
0.684021 -0.7125244 -0.08874512 -0.12878418
0.6810913 -0.71429443 -0.093566895 -0.13092041
0.67749023 -0.7161255 -0.09674072 -0.13696289
0.67370605 -0.71765137 -0.09844971 -0.14654541
0.66967773 -0.7186279 -0.09899902 -0.15905762
0.6652832 -0.7192383 -0.09844971 -0.17419434
0.6604004 -0.7194824 -0.09698486 -0.19177246
0.65448 -0.71972656 -0.09454346 -0.21148682
0.6477051 -0.7196655 -0.09118652 -0.23297119
0.64056396 -0.71881104 -0.08685303 -0.2557373
0.63323975 -0.717041 -0.081726074 -0.27960205
0.62561035 -0.7141113 -0.076049805 -0.3046875
0.6177368 -0.70996094 -0.07006836 -0.33081055
0.6095581 -0.7044678 -0.063964844 -0.3577881
0.60076904 -0.6981201 -0.057617188 -0.38519287
0.5909424 -0.6911011 -0.050476074 -0.4130249
0.58044434 -0.6831665 -0.042419434 -0.4411621
0.5701294 -0.6748047 -0.034851074 -0.46728516
0.5597534 -0.66625977 -0.026977539 -0.4920044
0.5498047 -0.65753174 -0.018981934 -0.51483154
0.5406494 -0.6488037 -0.011047363 -0.5354004
0.5332031 -0.63946533 -0.004699707 -0.55389404
0.5270996 -0.6300659 -0.00012207031 -0.57025146
0.52197266 -0.6211548 0.0028076172 -0.5845337
0.517334 -0.61346436 0.0045166016 -0.5966797
0.5128784 -0.60754395 0.0057373047 -0.6064453
0.50897217 -0.6033325 0.006713867 -0.61395264
0.5060425 -0.6003418 0.0072631836 -0.6192627
0.5042114 -0.5983887 0.007385254 -0.6226196
0.503479 -0.59716797 0.007080078 -0.62438965
0.50390625 -0.5963745 0.0061035156 -0.6248169
0.505188 -0.59588623 0.004699707 -0.62420654
