0.89331055 -0.04095459 -0.44610596 0.03527832
0.8927002 -0.043518066 -0.44696045 0.037841797
0.89276123 -0.046203613 -0.44647217 0.03894043
0.89367676 -0.048339844 -0.44439697 0.038635254
0.8955078 -0.049865723 -0.44067383 0.036865234
0.89819336 -0.05102539 -0.43530273 0.033447266
0.9017334 -0.0513916 -0.42834473 0.028625488
0.9059448 -0.050598145 -0.41973877 0.022644043
0.9108887 -0.04864502 -0.40948486 0.015930176
0.9164429 -0.04559326 -0.39746094 0.0087890625
0.9226074 -0.041931152 -0.3834839 0.0010986328
0.92926025 -0.037963867 -0.36743164 -0.0068969727
0.9361572 -0.03375244 -0.34960938 -0.015136719
0.9430542 -0.029541016 -0.3305664 -0.023925781
0.9495239 -0.025268555 -0.31085205 -0.033203125
0.95562744 -0.020629883 -0.2906494 -0.042663574
0.9613037 -0.01550293 -0.2701416 -0.052001953
0.9664917 -0.010131836 -0.24914551 -0.061035156
0.97125244 -0.0048217773 -0.2276001 -0.06951904
0.97546387 0.0005493164 -0.20593262 -0.07757568
0.97906494 0.0067749023 -0.18475342 -0.08538818
0.98187256 0.013000488 -0.16442871 -0.09326172
0.9840698 0.018554688 -0.1449585 -0.10119629
0.98565674 0.022949219 -0.12640381 -0.109191895
0.9868164 0.026550293 -0.10888672 -0.11682129
0.9874878 0.030151367 -0.0927124 -0.12384033
0.987854 0.033813477 -0.078063965 -0.13006592
0.98791504 0.037597656 -0.06506348 -0.13549805
0.987854 0.04119873 -0.053527832 -0.14013672
0.98760986 0.044189453 -0.04345703 -0.14422607
0.9873047 0.046691895 -0.034729004 -0.14794922
0.98687744 0.04888916 -0.02734375 -0.15142822
0.9864502 0.050964355 -0.0211792 -0.15460205
0.9859619 0.053100586 -0.016113281 -0.15759277
0.98498535 0.056518555 -0.008300781 -0.16296387
0.98498535 0.056518555 -0.008300781 -0.16296387
0.9844971 0.0579834 -0.0053100586 -0.16546631
0.9840088 0.059570312 -0.0029907227 -0.16784668
0.9834595 0.061340332 -0.0014038086 -0.17022705
0.9829712 0.06286621 -0.0006713867 -0.17266846
0.9824219 0.06384277 -0.0008544922 -0.17529297
0.98187256 0.064453125 -0.002319336 -0.17822266
0.9812622 0.06463623 -0.0052490234 -0.18157959
0.9805298 0.064453125 -0.00970459 -0.18536377
0.9796753 0.06384277 -0.015625 -0.1895752
0.97869873 0.062683105 -0.022949219 -0.19415283
0.97753906 0.060791016 -0.03137207 -0.19921875
0.9761963 0.05859375 -0.04095459 -0.20471191
0.97454834 0.05657959 -0.051452637 -0.21069336
0.9725342 0.05529785 -0.062683105 -0.21734619
0.97003174 0.05444336 -0.074523926 -0.22467041
0.96710205 0.05419922 -0.08691406 -0.23272705
0.9637451 0.054382324 -0.09954834 -0.24151611
0.9598999 0.0546875 -0.11242676 -0.25091553
0.9555664 0.05529785 -0.12548828 -0.26086426
0.95080566 0.056274414 -0.13861084 -0.27124023
0.9458008 0.056762695 -0.15142822 -0.28155518
0.9407959 0.05657959 -0.16339111 -0.2915039
0.9359741 0.055847168 -0.17437744 -0.30078125
0.93133545 0.055114746 -0.18444824 -0.3092041
0.92681885 0.054504395 -0.19366455 -0.3170166
0.9226074 0.053466797 -0.20196533 -0.32434082
0.91864014 0.052001953 -0.20916748 -0.33111572
0.9151001 0.05041504 -0.21520996 -0.33721924
0.9121094 0.04888916 -0.22003174 -0.34240723
0.90960693 0.04748535 -0.22375488 -0.34674072
0.9076538 0.046142578 -0.22650146 -0.35040283
0.9060669 0.04486084 -0.22839355 -0.35327148
0.90496826 0.043518066 -0.22961426 -0.35546875
0.90441895 0.042114258 -0.23016357 -0.3567505
0.9042969 0.04071045 -0.23028564 -0.3571167
