9.3125 53.6875 -66.125
9.875 53.5 -64.875
10.5 53.375 -63.75
11.8125 53.1875 -61.625
11.8125 53.1875 -61.625
12.5625 53.375 -60.8125
13.3125 53.5625 -59.9375
14 53.8125 -59.25
14.4375 54.125 -58.9375
14.75 54.5 -58.8125
15.0625 55.4375 -59.375
15.0625 55.4375 -59.375
15.1875 56 -60.1875
15.1875 56.5625 -61.25
15 57.0625 -62.6875
14.625 57.5625 -64.5
14.0625 58 -66.8125
13.1875 58.25 -69.5625
12.125 58.3125 -72.8125
10.75 58.25 -76.5
9.125 57.9375 -80.625
7.3125 57.375 -85.125
5.25 56.5625 -89.875
3 55.5 -94.6875
0.5625 54.1875 -99.5
358.0625 52.6875 -104.1875
355.5 50.9375 -108.625
352.875 49.125 -112.6875
350.0625 47.125 -116.25
347.25 45.125 -119.375
338.5625 43.1875 -122.1875
338 41.4375 -124.5
337.5625 39.8125 -126.625
337.0625 38.4375 -128.375
336.5625 37.375 -129.875
336.0625 36.625 -131.1875
335.5625 36.1875 -132.3125
335.125 36.0625 -133.25
334.75 36.3125 -134.125
334.4375 36.8125 -134.875
334.125 37.625 -135.5625
333.9375 38.6875 -136.0625
333.6875 40 -136.4375
333.375 41.625 -136.8125
333 43.5 -137.125
355.5625 45.625 -137.3125
359.5 48.0625 -137.5
3.5625 50.625 -137.5625
7.625 53.375 -137.375
11.5625 56.3125 -137
15.25 59.25 -136.0625
18.5625 62.25 -134.6875
21.6875 65.25 -132.5
24.6875 68.125 -129.625
27.25 70.8125 -125.75
29.875 73.25 -120.8125
32 75.3125 -114.1875
34 76.875 -106.25
35.5 77.875 -97.625
36.625 78.5 -89.4375
37.4375 78.75 -83.0625
37.9375 78.875 -78.9375
38.1875 78.9375 -77.4375
38.1875 79 -78.5
37.875 79 -82.125
37.4375 78.875 -88.125
36.8125 78.5 -95.875
36.125 77.75 -104.5
35.25 76.625 -113.0625
34.3125 75.0625 -120.9375
33.3125 73.1875 -127.75
32.25 71 -133.5
31.1875 68.5625 -138.3125
30.0625 66 -142.3125
28.875 63.25 -145.6875
27.625 60.5 -148.5625
26.25 57.625 -151
24.8125 54.75 -153.0625
23.375 51.875 -154.9375
21.875 49.0625 -156.5625
20.375 46.375 -158.0625
329.0625 43.875 -159.25
328.375 41.5 -160
327.875 39.5 -161.25
327.3125 37.75 -162.3125
326.6875 36.3125 -163.25
326.0625 35.375 -164.25
325.4375 35 -165.3125
324.75 35.0625 -166.5
323.875 35.625 -167.6875
322.9375 36.5625 -168.875
321.9375 37.875 -170.0625
320.875 39.5625 -171.3125
319.75 41.5625 -172.6875
318.625 43.8125 -174.1875
39.6875 46.25 -175.9375
42.4375 48.875 -177.8125
44.875 51.625 179.9375
47.125 54.375 177.5
49.1875 57.125 174.6875
51 59.875 171.375
52.625 62.5625 167.4375
54.0625 64.8125 163
55.5 66.75 157.75
56.875 68.3125 152
58 69.5 146.0625
58.9375 70.375 140.3125
59.625 71.0625 135
60.125 71.5625 130.1875
60.4375 71.9375 126.125
60.625 72.1875 122.6875
60.75 72.375 119.9375
60.875 72.4375 117.875
60.9375 72.5 116.375
60.9375 72.5 115.4375
60.9375 72.5625 114.875
