7.88 -5.28 2.47
7.87 -5.24 2.58
7.85 -5.21 2.69
7.85 -5.16 2.78
7.87 -5.1 2.84
7.89 -5.03 2.91
7.91 -4.97 2.95
7.95 -4.91 2.96
7.98 -4.86 2.94
8.03 -4.82 2.89
8.07 -4.78 2.82
8.13 -4.75 2.72
8.18 -4.73 2.59
8.23 -4.73 2.44
8.28 -4.74 2.25
8.31 -4.77 2.04
8.34 -4.83 1.79
8.34 -4.91 1.51
8.34 -5.01 1.2
8.31 -5.13 0.84
8.26 -5.26 0.44
8.18 -5.39 0
8.08 -5.53 -0.45
7.95 -5.65 -0.95
7.79 -5.76 -1.46
7.61 -5.84 -1.97
7.41 -5.91 -2.47
7.19 -5.97 -2.95
6.95 -6.02 -3.39
6.71 -6.04 -3.81
6.49 -6.05 -4.16
6.28 -6.04 -4.49
6.1 -6.01 -4.76
5.95 -5.97 -4.99
5.85 -5.91 -5.18
5.79 -5.84 -5.32
5.78 -5.76 -5.43
5.81 -5.66 -5.5
5.88 -5.55 -5.54
5.98 -5.43 -5.54
6.13 -5.3 -5.51
6.3 -5.17 -5.44
6.51 -5.01 -5.34
6.75 -4.83 -5.21
7.01 -4.64 -5.04
7.29 -4.42 -4.83
7.58 -4.19 -4.58
7.87 -3.95 -4.3
8.16 -3.7 -3.97
8.43 -3.47 -3.6
8.68 -3.24 -3.2
8.9 -3.02 -2.77
9.1 -2.8 -2.32
9.26 -2.6 -1.88
9.39 -2.41 -1.44
9.48 -2.26 -1.01
9.55 -2.13 -0.62
9.58 -2.03 -0.27
9.6 -1.95 0.01
9.61 -1.89 0.23
9.62 -1.85 0.36
9.62 -1.83 0.4
9.62 -1.82 0.37
9.62 -1.84 0.25
9.62 -1.88 0.05
9.61 -1.94 -0.2
9.58 -2 -0.52
9.54 -2.08 -0.88
9.47 -2.16 -1.29
9.38 -2.23 -1.73
9.27 -2.31 -2.19
9.12 -2.37 -2.67
8.95 -2.43 -3.15
8.76 -2.47 -3.64
8.53 -2.51 -4.12
8.28 -2.54 -4.58
8.01 -2.55 -5.04
7.71 -2.56 -5.48
7.41 -2.55 -5.89
7.1 -2.52 -6.27
6.79 -2.49 -6.61
6.5 -2.51 -6.89
6.23 -2.43 -7.16
6 -2.35 -7.38
5.81 -2.27 -7.56
5.68 -2.16 -7.69
5.62 -2.02 -7.77
5.63 -1.86 -7.8
5.71 -1.69 -7.78
5.84 -1.51 -7.72
6.02 -1.33 -7.62
6.24 -1.13 -7.47
6.5 -0.93 -7.27
6.79 -0.7 -7.03
7.08 -0.47 -6.75
7.39 -0.24 -6.44
7.68 0 -6.08
7.97 0.24 -5.7
8.23 0.49 -5.29
8.48 0.73 -4.86
8.7 0.97 -4.41
8.87 1.21 -3.98
9.01 1.46 -3.58
9.11 1.69 -3.19
9.18 1.91 -2.84
9.24 2.09 -2.52
9.27 2.24 -2.24
9.3 2.36 -1.99
9.32 2.45 -1.78
9.33 2.51 -1.61
9.34 2.56 -1.48
9.35 2.6 -1.38
9.35 2.63 -1.31
9.35 2.65 -1.26
9.35 2.66 -1.23
9.36 2.65 -1.22
