0.60009766 0.06945801 -0.612854 0.5093994
0.6057129 0.066467285 -0.6078491 0.50909424
0.61120605 0.063964844 -0.6035156 0.50805664
0.6220093 0.059692383 -0.59521484 0.505188
0.6268921 0.059631348 -0.59259033 0.5022583
0.6268921 0.059631348 -0.59259033 0.5022583
0.63171387 0.059570312 -0.5899658 0.4993286
0.6358032 0.060302734 -0.5878906 0.496521
0.63775635 0.062072754 -0.5875244 0.49420166
0.6385498 0.064575195 -0.58807373 0.4921875
0.63708496 0.07080078 -0.5922241 0.4882202
0.63500977 0.073791504 -0.5963745 0.48547363
0.63500977 0.073791504 -0.5963745 0.48547363
0.63165283 0.07733154 -0.6014404 0.4829712
0.6269531 0.08123779 -0.60736084 0.4810791
0.6207886 0.08496094 -0.61450195 0.47937012
0.612854 0.08850098 -0.62286377 0.4781494
0.60302734 0.09197998 -0.6323242 0.4776001
0.5911865 0.095336914 -0.6430664 0.477417
0.5772095 0.09875488 -0.6550293 0.47747803
0.5610962 0.10241699 -0.6682129 0.47772217
0.5428467 0.10614014 -0.6826782 0.47753906
0.52264404 0.11010742 -0.69818115 0.4767456
0.5008545 0.11450195 -0.71429443 0.4751587
0.47772217 0.1194458 -0.730896 0.47253418
0.45361328 0.124938965 -0.7475586 0.46881104
0.42913818 0.1307373 -0.763916 0.4638672
0.40460205 0.13684082 -0.779541 0.45819092
0.38031006 0.14318848 -0.79382324 0.4524536
0.35687256 0.14935303 -0.8067627 0.44665527
0.33520508 0.15496826 -0.8187256 0.43963623
0.31530762 0.16064453 -0.82873535 0.4335327
0.29797363 0.16583252 -0.8376465 0.42663574
0.28320312 0.17102051 -0.84484863 0.42053223
0.27105713 0.1762085 -0.85076904 0.41436768
0.26245117 0.18115234 -0.85528564 0.40838623
0.25689697 0.18566895 -0.8586426 0.40283203
0.25482178 0.18963623 -0.86083984 0.39752197
0.25585938 0.19299316 -0.8621216 0.39245605
0.25976562 0.19567871 -0.8626709 0.3873291
0.2664795 0.19763184 -0.8623657 0.3824463
0.2756958 0.19915771 -0.861084 0.37799072
0.2871704 0.20043945 -0.85876465 0.37402344
0.3010254 0.20202637 -0.85546875 0.36987305
0.31695557 0.20404053 -0.85095215 0.3657837
0.3348999 0.2064209 -0.84521484 0.36169434
0.35461426 0.20892334 -0.8383789 0.35742188
0.37597656 0.21118164 -0.83032227 0.35302734
0.39868164 0.21295166 -0.8209839 0.34881592
0.42248535 0.21380615 -0.8106079 0.3446045
0.4467163 0.2140503 -0.79888916 0.34124756
0.47106934 0.21374512 -0.7860718 0.3383789
0.49572754 0.21270752 -0.7720947 0.33599854
0.5199585 0.21051025 -0.7578125 0.33325195
0.5428467 0.20819092 -0.74334717 0.33081055
0.56518555 0.20379639 -0.7294922 0.32696533
0.5855713 0.19934082 -0.7156372 0.32434082
0.604187 0.19372559 -0.70306396 0.32110596
0.6199341 0.1887207 -0.69158936 0.31903076
0.63238525 0.1850586 -0.68182373 0.31781006
0.6414795 0.18218994 -0.6746216 0.31652832
0.64715576 0.1807251 -0.67004395 0.31567383
0.649292 0.18035889 -0.66833496 0.31500244
0.64801025 0.18127441 -0.6694946 0.31469727
0.6434326 0.18292236 -0.67352295 0.31451416
0.6359863 0.18475342 -0.68029785 0.31402588
0.6259155 0.18664551 -0.68951416 0.31298828
0.61346436 0.18902588 -0.7005615 0.3116455
0.59887695 0.1918335 -0.71307373 0.30993652
0.58251953 0.19464111 -0.7267456 0.30755615
0.5645752 0.1975708 -0.741272 0.30444336
0.54541016 0.20050049 -0.7562866 0.30059814
0.5253296 0.20361328 -0.77130127 0.29595947
0.50445557 0.20697021 -0.78619385 0.29077148
0.48291016 0.21051025 -0.8008423 0.28485107
0.4607544 0.21453857 -0.8148804 0.2786255
0.43811035 0.21881104 -0.8283081 0.2722168
0.41522217 0.22314453 -0.84106445 0.2652588
0.39245605 0.2276001 -0.85302734 0.2578125
0.3701172 0.23242188 -0.86395264 0.25012207
0.34857178 0.23773193 -0.87371826 0.24212646
0.32800293 0.24389648 -0.88183594 0.23510742
0.30792236 0.25134277 -0.8880005 0.2312622
0.291687 0.25738525 -0.8939209 0.22271729
0.2779541 0.26342773 -0.89837646 0.21496582
0.26641846 0.2695923 -0.90167236 0.20819092
0.25933838 0.27526855 -0.90356445 0.20129395
0.25701904 0.28094482 -0.90405273 0.1942749
0.25878906 0.28686523 -0.9030762 0.1876831
0.26416016 0.29327393 -0.90057373 0.18206787
0.27282715 0.30004883 -0.8966675 0.1776123
0.28466797 0.3069458 -0.8912964 0.17419434
0.29925537 0.31378174 -0.8845825 0.1716919
0.31640625 0.32061768 -0.87646484 0.16992188
0.3357544 0.3272705 -0.8670654 0.16845703
0.35681152 0.33361816 -0.8563843 0.16741943
0.37902832 0.33966064 -0.8444214 0.16699219
0.40216064 0.34527588 -0.83135986 0.16699219
0.42578125 0.35021973 -0.81744385 0.16699219
0.4494629 0.35437012 -0.8027954 0.1671753
0.47338867 0.35784912 -0.78723145 0.16748047
0.4968872 0.36108398 -0.7710571 0.16796875
0.51812744 0.36468506 -0.755188 0.16790771
0.53808594 0.368042 -0.73968506 0.16693115
0.5563965 0.37109375 -0.7247925 0.16540527
0.57263184 0.37384033 -0.7109375 0.1640625
0.586853 0.3760376 -0.6982422 0.16308594
0.5991821 0.37750244 -0.68707275 0.16259766
0.60961914 0.37817383 -0.6774292 0.16247559
0.61828613 0.378479 -0.6693115 0.16290283
0.6251221 0.37872314 -0.66259766 0.16357422
0.6304321 0.37890625 -0.6572876 0.16418457
0.6343384 0.37921143 -0.65319824 0.16467285
0.637146 0.37939453 -0.65026855 0.16497803
0.63897705 0.3795166 -0.64837646 0.1652832
0.64001465 0.3795166 -0.64727783 0.16558838
