339 53.625 -55.75
339.625 52.9375 -54.5
340.25 52.3125 -53.375
340.9375 51.6875 -52.3125
341.6875 51.125 -51.3125
342.5 50.6875 -50.3125
343.25 50.25 -49.375
344 49.875 -48.625
344.625 49.5625 -48
345.1875 49.3125 -47.5625
345.6875 49.25 -47.375
345.9375 49.25 -47.5
346 49.4375 -47.9375
345.8125 49.6875 -48.6875
345.3125 50 -49.875
344.625 50.4375 -51.625
343.6875 50.9375 -53.875
342.4375 51.5 -56.625
340.875 51.9375 -59.875
339.125 52.25 -63.6875
334.9375 52.4375 -72.375
334.9375 52.4375 -72.375
332.5625 52.1875 -77.125
330.0625 51.6875 -82
327.5 51 -86.875
324.8125 50.0625 -91.625
322 48.875 -96.0625
319.1875 47.5625 -100.1875
316.5 46.1875 -103.9375
311.3125 44.8125 -106.875
310.5625 43.4375 -109.75
309.9375 42.25 -112.25
309.25 41.125 -114.3125
308.5625 40.25 -115.9375
308.125 39.6875 -117.25
307.6875 39.5625 -118.0625
307.375 39.8125 -118.6875
307.1875 40.4375 -119.1875
307.125 41.5 -119.4375
307.0625 42.8125 -119.4375
307.0625 44.375 -119.1875
317.25 46.25 -118.875
321 48.25 -118.1875
324.875 50.3125 -117.25
328.6875 52.5 -115.75
332.5625 54.6875 -113.8125
336.375 56.875 -111.1875
340.0625 59 -107.9375
343.5625 61 -103.8125
346.9375 62.8125 -98.75
350.0625 64.3125 -93.3125
353.1875 65.4375 -87.8125
355.75 66.25 -81.9375
358.125 66.75 -76.5
359.875 67.0625 -71.5625
1.375 67.25 -67.6875
2.5625 67.375 -65.0625
3.375 67.625 -63.75
3.8125 67.9375 -63.75
3.9375 68.3125 -65.125
3.6875 68.75 -67.8125
3.125 69.125 -71.8125
2.25 69.3125 -77.0625
1.125 69.25 -83.3125
359.75 68.8125 -90.25
358.25 68.0625 -97.5625
356.625 66.875 -104.875
354.8125 65.3125 -111.75
352.9375 63.375 -118.0625
351.0625 61.1875 -123.6875
349.0625 58.6875 -128.625
346.9375 56 -132.9375
344.75 53.3125 -136.5625
342.4375 50.5625 -139.625
339.5625 48 -141.875
336.875 45.5625 -143.75
306.4375 43.5 -145.75
305.6875 41.8125 -147.4375
305 40.5 -148.75
304.3125 39.8125 -149.9375
303.8125 39.6875 -151.125
303.25 40.125 -152.3125
302.5625 41.1875 -153.4375
301.875 42.625 -154.625
301 44.4375 -155.875
350.0625 46.625 -157.3125
354.0625 48.9375 -158.75
358.0625 51.375 -160.375
2.0625 53.9375 -162.3125
5.8125 56.625 -164.5625
9.625 59.25 -167.3125
13.0625 61.9375 -170.5625
16.1875 64.5625 -174.3125
19.125 67.125 -178.9375
21.875 69.75 175.1875
24.3125 72.0625 168.125
26.5625 74.0625 159.5625
28.75 75.6875 149.25
30.25 76.8125 138.0625
31.5 77.375 126.5
32.5625 77.5 115.5
33.3125 77.3125 106.125
33.875 76.9375 98.625
34.25 76.5625 92.8125
34.5 76.1875 88.3125
34.625 75.9375 84.8125
34.6875 75.75 82.0625
