7.82 -4.8 3.42
7.76 -4.81 3.57
7.69 -4.81 3.71
7.64 -4.8 3.84
7.58 -4.78 3.96
7.54 -4.76 4.07
7.5 -4.74 4.17
7.46 -4.72 4.25
7.44 -4.71 4.3
7.43 -4.7 4.33
7.43 -4.71 4.32
7.45 -4.73 4.27
7.47 -4.76 4.18
7.51 -4.81 4.05
7.56 -4.89 3.87
7.62 -4.98 3.63
7.67 -5.09 3.35
7.72 -5.22 3.02
7.75 -5.37 2.65
7.77 -5.53 2.24
7.77 -5.69 1.8
7.75 -5.85 1.33
7.7 -6.01 0.84
7.62 -6.15 0.33
7.52 -6.29 -0.18
7.39 -6.4 -0.68
7.24 -6.5 -1.17
7.08 -6.58 -1.63
6.91 -6.65 -2.02
6.74 -6.69 -2.4
6.59 -6.71 -2.75
6.45 -6.72 -3.04
6.34 -6.72 -3.27
6.26 -6.7 -3.45
6.24 -6.66 -3.55
6.28 -6.6 -3.62
6.36 -6.5 -3.64
6.49 -6.39 -3.61
6.66 -6.26 -3.53
6.86 -6.11 -3.42
7.08 -5.93 -3.27
7.31 -5.75 -3.09
7.55 -5.56 -2.86
7.78 -5.37 -2.59
8 -5.18 -2.29
8.21 -4.99 -1.94
8.4 -4.8 -1.55
8.58 -4.61 -1.13
8.72 -4.41 -0.68
8.83 -4.23 -0.24
8.92 -4.06 0.15
8.97 -3.9 0.55
9.01 -3.75 0.9
9.03 -3.62 1.2
9.04 -3.5 1.43
9.05 -3.41 1.58
9.07 -3.34 1.64
9.09 -3.29 1.62
9.11 -3.27 1.51
9.14 -3.28 1.33
9.16 -3.31 1.08
9.17 -3.37 0.77
9.17 -3.44 0.4
9.14 -3.53 -0.01
9.09 -3.62 -0.48
9.02 -3.71 -0.98
8.91 -3.79 -1.51
8.77 -3.87 -2.06
8.59 -3.93 -2.62
8.38 -3.97 -3.18
8.13 -4 -3.73
7.86 -4.02 -4.25
7.57 -4.02 -4.74
7.28 -4.04 -5.16
7 -4.05 -5.53
6.75 -3.99 -5.87
6.53 -3.93 -6.16
6.36 -3.86 -6.37
6.28 -3.77 -6.51
6.26 -3.64 -6.6
6.32 -3.47 -6.63
6.45 -3.29 -6.6
6.64 -3.08 -6.51
6.87 -2.85 -6.38
7.12 -2.59 -6.21
7.39 -2.33 -6
7.66 -2.04 -5.76
7.93 -1.75 -5.49
8.18 -1.43 -5.19
8.43 -1.09 -4.88
8.65 -0.75 -4.54
8.85 -0.41 -4.18
9.03 -0.06 -3.8
9.2 0.28 -3.37
9.33 0.61 -2.94
9.43 0.93 -2.51
9.5 1.23 -2.07
9.54 1.49 -1.66
9.57 1.71 -1.27
9.57 1.91 -0.91
9.56 2.06 -0.59
9.55 2.18 -0.33
9.53 2.27 -0.11
9.52 2.33 0.06
9.51 2.36 0.21
9.5 2.38 0.33
9.5 2.38 0.41
