0.46276855 0.23632812 -0.52685547 0.6726074
0.46905518 0.22845459 -0.522583 0.6743164
0.47546387 0.22070312 -0.51867676 0.67541504
0.48205566 0.21331787 -0.51501465 0.67596436
0.48876953 0.20654297 -0.51135254 0.6760254
0.4954834 0.20031738 -0.5076904 0.6757202
0.50201416 0.19464111 -0.5042114 0.6751709
0.5081177 0.18939209 -0.50128174 0.6742554
0.51348877 0.18493652 -0.4989624 0.67315674
0.51782227 0.18139648 -0.49743652 0.67193604
0.520874 0.17889404 -0.49713135 0.6704712
0.5223999 0.17767334 -0.49816895 0.6688843
0.52197266 0.17773438 -0.5006714 0.66729736
0.519104 0.17938232 -0.50445557 0.66625977
0.513916 0.18218994 -0.51000977 0.6652832
0.5064087 0.18615723 -0.51763916 0.6640625
0.496521 0.19134521 -0.52716064 0.6625366
0.4841919 0.19781494 -0.53826904 0.6608887
0.4694214 0.20513916 -0.5509033 0.6588745
0.4524536 0.21325684 -0.5648804 0.65625
0.41314697 0.23199463 -0.59503174 0.6491089
0.3914795 0.24224854 -0.6109009 0.64404297
0.3914795 0.24224854 -0.6109009 0.64404297
0.36901855 0.25286865 -0.6270752 0.6376953
0.34594727 0.26385498 -0.6430664 0.630249
0.3225708 0.27508545 -0.65844727 0.6218872
0.2991333 0.28637695 -0.6729126 0.61291504
0.27642822 0.2975464 -0.6864624 0.60321045
0.25482178 0.30847168 -0.69873047 0.5930176
0.23364258 0.31976318 -0.7077637 0.58496094
0.215271 0.32965088 -0.71691895 0.5753174
0.199646 0.33850098 -0.72509766 0.56555176
0.18603516 0.3466797 -0.73132324 0.5571289
0.17468262 0.35406494 -0.736084 0.5498657
0.16784668 0.35961914 -0.73950195 0.5437622
0.16497803 0.36376953 -0.74108887 0.53967285
0.16680908 0.36663818 -0.74176025 0.53619385
0.17315674 0.368042 -0.74176025 0.53326416
0.18328857 0.3682251 -0.7406616 0.53131104
0.19641113 0.36749268 -0.7383423 0.53027344
0.21252441 0.36584473 -0.7352295 0.52948
0.23132324 0.36328125 -0.7314453 0.5286865
0.25195312 0.35961914 -0.72680664 0.5281372
0.27416992 0.35455322 -0.72143555 0.52789307
0.29730225 0.34857178 -0.7147827 0.5283203
0.32165527 0.3413086 -0.7073364 0.52893066
0.34674072 0.33319092 -0.69854736 0.5299072
0.3723755 0.32434082 -0.6885376 0.5310669
0.3982544 0.31506348 -0.6772461 0.53240967
0.42456055 0.30493164 -0.66467285 0.5338135
0.44909668 0.29510498 -0.6524048 0.5343628
0.47314453 0.28424072 -0.6413574 0.53289795
0.49456787 0.27514648 -0.62939453 0.5324707
0.513855 0.2666626 -0.61883545 0.5308838
0.529541 0.2607422 -0.60876465 0.53015137
0.54193115 0.2564087 -0.6008911 0.5286865
0.5508423 0.25360107 -0.59576416 0.5266113
0.55615234 0.2526245 -0.59350586 0.5239868
0.55773926 0.25360107 -0.5940552 0.52124023
0.5557251 0.25628662 -0.5973511 0.5183716
0.5501709 0.260437 -0.6032715 0.5153198
0.54138184 0.26593018 -0.6114502 0.51220703
0.5296631 0.27233887 -0.62158203 0.5088501
0.5152588 0.27954102 -0.6334839 0.5050049
0.49865723 0.2874756 -0.6467285 0.50042725
0.48016357 0.29614258 -0.6610718 0.49468994
0.46002197 0.30541992 -0.6760864 0.487854
0.43859863 0.31506348 -0.6914673 0.4798584
0.41625977 0.32495117 -0.7069092 0.47052002
0.39331055 0.33496094 -0.722229 0.45996094
0.36993408 0.3449707 -0.73706055 0.44818115
0.3463745 0.35491943 -0.7512207 0.4356079
0.32299805 0.36480713 -0.7640991 0.4227295
0.30041504 0.37445068 -0.77563477 0.40979004
0.27783203 0.38476562 -0.78430176 0.39959717
0.25726318 0.39440918 -0.791626 0.3894043
0.2411499 0.40289307 -0.7984009 0.3768921
0.22753906 0.411438 -0.80303955 0.36608887
0.21704102 0.4192505 -0.80584717 0.35742188
0.21203613 0.42565918 -0.8069458 0.35021973
0.21252441 0.43066406 -0.8070679 0.34350586
0.21801758 0.4350586 -0.805603 0.33789062
0.22766113 0.43914795 -0.8024292 0.33380127
0.24078369 0.44311523 -0.79748535 0.3310547
0.25683594 0.44708252 -0.7910156 0.32922363
0.27545166 0.4510498 -0.7832031 0.32757568
0.2949829 0.45495605 -0.7739868 0.32702637
0.3157959 0.45843506 -0.763916 0.32629395
0.33746338 0.461792 -0.75286865 0.32556152
0.3597412 0.46520996 -0.74072266 0.32476807
0.3828125 0.4683838 -0.72772217 0.3232422
0.4055786 0.47180176 -0.713501 0.32214355
0.42816162 0.47509766 -0.69836426 0.32141113
0.45080566 0.47784424 -0.682312 0.3206787
0.47442627 0.4794922 -0.66503906 0.32043457
0.49700928 0.4807129 -0.6473999 0.3204956
0.5187378 0.48095703 -0.6300659 0.3203125
0.5402832 0.47930908 -0.6134033 0.31951904
0.5588989 0.47839355 -0.5965576 0.32073975
0.5756836 0.47698975 -0.5806885 0.3222046
0.5905762 0.4751587 -0.5662842 0.32354736
0.6031494 0.4732666 -0.5536499 0.32507324
0.6133423 0.47131348 -0.5430298 0.32678223
0.62145996 0.46923828 -0.5344238 0.32861328
0.6279297 0.46697998 -0.527771 0.3303833
0.6329956 0.46453857 -0.5227051 0.33203125
0.6369629 0.46221924 -0.519104 0.33337402
