56.0625 26.4375 70.3125
55.9375 26.5625 70.1875
55.875 26.6875 70
55.8125 26.75 69.875
55.8125 26.8125 69.6875
55.8125 26.875 69.625
55.875 26.875 69.5
56 26.875 69.375
56.0625 26.8125 69.3125
56.125 26.8125 69.25
56.25 26.75 69.1875
56.3125 26.75 69.125
56.375 26.6875 69.0625
56.375 26.6875 69
56.4375 26.625 69
56.4375 26.625 69
56.4375 26.5625 69
56.4375 26.5 68.9375
56.4375 26.5 68.875
56.4375 26.4375 68.875
56.5 26.375 68.8125
56.5 26.3125 68.8125
56.5625 26.25 68.8125
56.625 26.1875 68.8125
56.625 26.125 68.75
56.625 26.0625 68.75
56.625 26.0625 68.6875
56.625 26 68.6875
56.625 26 68.625
56.625 26 68.5625
56.625 26 68.5
56.625 26 68.4375
56.625 26 68.375
56.625 25.9375 68.3125
56.6875 25.9375 68.25
56.75 25.9375 68.1875
56.8125 25.875 68.125
56.875 25.8125 68.0625
56.875 25.75 68
56.875 25.6875 67.9375
56.9375 25.5625 67.875
57 25.5 67.8125
57.125 25.3125 67.8125
57.25 25.1875 67.75
57.375 25 67.6875
57.625 24.75 67.6875
57.8125 24.4375 67.6875
58.125 24.1875 67.6875
58.375 23.8125 67.6875
58.6875 23.4375 67.6875
59 23.0625 67.6875
59.3125 22.625 67.6875
59.75 22.125 67.75
60.25 21.5625 67.8125
60.75 20.9375 67.875
61.375 20.25 67.875
62.0625 19.5 67.9375
62.75 18.6875 67.9375
63.5 17.75 68.0625
64.25 16.875 68.25
65 15.875 68.375
65.8125 14.9375 68.4375
66.6875 13.9375 68.4375
67.5625 12.875 68.4375
68.4375 11.8125 68.375
69.375 10.6875 68.375
70.25 9.625 68.375
71.1875 8.5 68.5
72.125 7.4375 68.625
73.125 6.3125 68.75
74.0625 5.25 68.875
75 4.1875 68.875
75.9375 3.125 68.8125
76.8125 2.125 68.875
77.625 1.125 68.8125
78.4375 0.125 68.75
79.1875 -0.75 68.75
79.875 -1.625 68.8125
80.5 -2.4375 68.75
81.125 -3.1875 68.75
81.6875 -3.875 68.6875
82.1875 -4.5625 68.625
82.6875 -5.1875 68.5625
83.0625 -5.75 68.5
83.4375 -6.3125 68.4375
83.75 -6.8125 68.3125
84 -7.25 68.25
84.25 -7.6875 68.125
84.375 -8.0625 68.0625
84.5 -8.4375 68
84.5625 -8.8125 67.875
84.625 -9.1875 67.75
84.6875 -9.8125 67.625
84.6875 -9.8125 67.625
84.75 -10.125 67.5
84.8125 -10.375 67.375
84.875 -10.5625 67.3125
84.875 -10.6875 67.1875
84.9375 -10.8125 67.125
85 -10.875 67.0625
85.0625 -10.9375 66.9375
85.125 -11 66.75
85.25 -11.0625 66.5625
85.375 -11.0625 66.375
85.5 -11.0625 66.125
85.625 -11.0625 65.875
85.8125 -11 65.625
86 -10.9375 65.375
86.3125 -10.875 65.125
86.625 -10.875 64.875
86.9375 -10.8125 64.5625
87.375 -10.75 64.0625
87.8125 -10.6875 63.75
88.25 -10.625 63.5
88.8125 -10.625 63.25
89.3125 -10.5625 63
89.875 -10.5625 62.6875
90.5 -10.5 62.375
91.125 -10.5 62.125
91.8125 -10.5625 61.9375
92.4375 -10.5625 61.6875
93 -10.5 61.5
93.625 -10.5 61.25
94.3125 -10.5 61
94.9375 -10.4375 60.8125
95.625 -10.4375 60.625
96.25 -10.375 60.5
96.8125 -10.3125 60.375
97.3125 -10.3125 60.25
97.8125 -10.25 60.125
98.3125 -10.25 60
98.8125 -10.1875 59.875
99.3125 -10.1875 59.8125
99.75 -10.125 59.75
100.125 -10.0625 59.6875
100.4375 -10 59.625
100.6875 -9.9375 59.5625
100.9375 -9.875 59.5
101.25 -9.8125 59.375
101.5 -9.75 59.25
101.6875 -9.6875 59.125
101.9375 -9.625 59
102.125 -9.5625 58.875
