4.39 8.24 2.97
4.4 8.23 2.99
4.42 8.21 3.01
4.42 8.2 3.02
4.43 8.19 3.04
4.43 8.19 3.06
4.43 8.18 3.07
4.43 8.18 3.08
4.42 8.18 3.09
4.42 8.18 3.1
4.41 8.18 3.11
4.41 8.18 3.12
4.4 8.18 3.13
4.4 8.18 3.13
4.39 8.18 3.13
4.39 8.18 3.14
4.38 8.18 3.14
4.37 8.18 3.15
4.36 8.19 3.16
4.35 8.19 3.16
4.34 8.19 3.17
4.33 8.2 3.17
4.32 8.2 3.17
4.32 8.2 3.18
4.31 8.2 3.18
4.31 8.2 3.19
4.3 8.2 3.19
4.3 8.2 3.21
4.3 8.2 3.21
4.3 8.2 3.22
4.3 8.19 3.23
4.3 8.19 3.24
4.29 8.19 3.25
4.29 8.19 3.26
4.28 8.18 3.27
4.28 8.18 3.28
4.27 8.18 3.29
4.26 8.18 3.3
4.25 8.19 3.31
4.24 8.19 3.32
4.22 8.19 3.33
4.2 8.2 3.34
4.17 8.21 3.35
4.14 8.22 3.36
4.1 8.23 3.37
4.06 8.25 3.38
4.01 8.27 3.39
3.96 8.29 3.39
3.91 8.32 3.4
3.84 8.34 3.41
3.77 8.37 3.42
3.69 8.4 3.43
3.61 8.44 3.43
3.51 8.48 3.44
3.4 8.52 3.45
3.27 8.56 3.47
3.14 8.61 3.48
2.99 8.66 3.47
2.84 8.71 3.47
2.69 8.76 3.47
2.52 8.81 3.48
2.36 8.85 3.49
2.19 8.89 3.5
2.01 8.92 3.53
1.82 8.95 3.54
1.64 8.99 3.55
1.45 9.02 3.54
1.27 9.05 3.54
1.08 9.08 3.52
0.9 9.11 3.51
0.72 9.12 3.52
0.54 9.13 3.52
0.36 9.14 3.53
0.19 9.14 3.53
0.02 9.14 3.54
-0.13 9.14 3.54
-0.28 9.14 3.54
-0.42 9.13 3.54
-0.54 9.12 3.54
-0.67 9.11 3.55
-0.78 9.1 3.55
-0.89 9.09 3.56
-0.99 9.08 3.56
-1.08 9.06 3.57
-1.16 9.05 3.59
-1.24 9.03 3.6
-1.31 9.02 3.61
-1.38 9 3.62
-1.44 8.99 3.63
-1.5 8.97 3.64
-1.57 8.96 3.65
-1.62 8.94 3.66
-1.68 8.93 3.67
-1.72 8.92 3.68
-1.76 8.9 3.7
-1.79 8.89 3.71
-1.82 8.88 3.72
-1.84 8.87 3.73
-1.85 8.86 3.75
-1.86 8.85 3.76
-1.88 8.84 3.79
-1.88 8.83 3.82
-1.89 8.81 3.85
-1.89 8.8 3.89
-1.88 8.78 3.93
-1.87 8.76 3.96
-1.86 8.75 4
-1.86 8.73 4.04
-1.85 8.71 4.08
-1.84 8.69 4.13
-1.83 8.66 4.2
-1.82 8.64 4.25
-1.81 8.62 4.29
-1.8 8.6 4.33
-1.8 8.58 4.37
-1.79 8.56 4.41
-1.79 8.54 4.46
-1.79 8.52 4.5
-1.79 8.5 4.53
-1.79 8.49 4.56
-1.79 8.47 4.59
-1.79 8.45 4.63
-1.78 8.43 4.66
-1.78 8.42 4.69
-1.77 8.4 4.72
-1.77 8.39 4.74
-1.76 8.38 4.76
-1.75 8.37 4.78
-1.75 8.36 4.8
-1.74 8.35 4.82
-1.74 8.35 4.83
-1.73 8.34 4.85
-1.72 8.33 4.86
-1.71 8.33 4.86
-1.71 8.33 4.87
-1.7 8.33 4.88
-1.68 8.32 4.89
-1.67 8.31 4.91
-1.66 8.3 4.93
-1.65 8.3 4.95
-1.64 8.29 4.97
-1.63 8.27 4.99
-1.62 8.26 5.01
-1.61 8.25 5.03
-1.6 8.24 5.05
-1.59 8.23 5.08
-1.59 8.22 5.09
-1.58 8.21 5.11
-1.58 8.2 5.12
-1.57 8.2 5.14
-1.55 8.19 5.15
-1.54 8.19 5.16
-1.52 8.19 5.17
