0.7116699 0.33117676 -0.48980713 -0.3793335
0.7127075 0.32995605 -0.48950195 -0.3788452
0.71362305 0.32873535 -0.4892578 -0.37854004
0.71429443 0.32751465 -0.4890747 -0.37854004
0.7147827 0.32641602 -0.48895264 -0.37878418
0.7151489 0.32543945 -0.4887085 -0.37921143
0.71539307 0.32452393 -0.48846436 -0.37982178
0.7155762 0.3237915 -0.48815918 -0.38049316
0.7156372 0.3232422 -0.48791504 -0.3812256
0.7155762 0.32287598 -0.48773193 -0.38189697
0.7155762 0.32250977 -0.48742676 -0.38256836
0.7155762 0.3222046 -0.48718262 -0.38311768
0.7155762 0.32196045 -0.4869995 -0.38354492
0.7156372 0.3217163 -0.48669434 -0.38397217
0.71569824 0.32177734 -0.48651123 -0.3842163
0.71569824 0.32196045 -0.48620605 -0.38427734
0.7158203 0.32226562 -0.48583984 -0.38433838
0.7160034 0.32244873 -0.48535156 -0.38446045
0.71624756 0.32269287 -0.48480225 -0.38452148
0.7163696 0.32287598 -0.48425293 -0.3847046
0.7164917 0.32305908 -0.48376465 -0.3850708
0.71643066 0.3232422 -0.48339844 -0.385437
0.7163086 0.32348633 -0.48309326 -0.38586426
0.71624756 0.3237915 -0.48272705 -0.38616943
0.71624756 0.32403564 -0.48242188 -0.38635254
0.7163696 0.32421875 -0.48205566 -0.38641357
0.71661377 0.32440186 -0.48162842 -0.38635254
0.7167969 0.3244629 -0.48132324 -0.38635254
0.71710205 0.32421875 -0.48083496 -0.38659668
0.7173462 0.32409668 -0.4805298 -0.3866577
0.7175293 0.32403564 -0.48028564 -0.3866577
0.71777344 0.3237915 -0.47998047 -0.38671875
0.7180176 0.32348633 -0.4796753 -0.3869629
0.7182007 0.32312012 -0.47937012 -0.38726807
0.71832275 0.3227539 -0.4790039 -0.3876953
0.7184448 0.32244873 -0.4786377 -0.38824463
0.7185669 0.3222046 -0.47821045 -0.38879395
0.7186279 0.32214355 -0.4777832 -0.3892212
0.71881104 0.32226562 -0.47717285 -0.38952637
0.71899414 0.32250977 -0.4765625 -0.38983154
0.7191162 0.32269287 -0.47576904 -0.39031982
0.71917725 0.32305908 -0.4749756 -0.39086914
0.71917725 0.32348633 -0.4741211 -0.3916626
0.7190552 0.3241577 -0.4730835 -0.39257812
0.71875 0.32489014 -0.4720459 -0.3937378
0.71832275 0.32580566 -0.4708252 -0.39520264
0.7177124 0.32696533 -0.4696045 -0.39678955
0.71698 0.32836914 -0.46826172 -0.39849854
0.71624756 0.32989502 -0.46673584 -0.4003296
0.71551514 0.33154297 -0.46502686 -0.4022827
0.7147217 0.33343506 -0.46313477 -0.4043579
0.7136841 0.33551025 -0.4611206 -0.40673828
0.71240234 0.33795166 -0.45898438 -0.40942383
0.7108154 0.3406372 -0.45666504 -0.4124756
0.7089844 0.3435669 -0.45410156 -0.41601562
0.70703125 0.34661865 -0.4512329 -0.4199829
0.704895 0.3499756 -0.44787598 -0.4243164
0.7026367 0.35388184 -0.4440918 -0.428833
0.6998291 0.35858154 -0.44049072 -0.4331665
0.6968384 0.36364746 -0.43670654 -0.43756104
0.6939087 0.36846924 -0.43255615 -0.44232178
0.69091797 0.3731079 -0.42816162 -0.44732666
0.6878662 0.37756348 -0.42358398 -0.45263672
0.6847534 0.38189697 -0.41870117 -0.45819092
0.68170166 0.38616943 -0.4133911 -0.46398926
0.67852783 0.39068604 -0.40789795 -0.46966553
0.6748657 0.39575195 -0.402771 -0.4751587
0.6708374 0.40093994 -0.39788818 -0.4805298
0.666626 0.40612793 -0.39312744 -0.48590088
0.6621704 0.41125488 -0.3887329 -0.49121094
0.65771484 0.4161377 -0.38427734 -0.496521
0.6538086 0.4202881 -0.3791504 -0.50213623
0.64990234 0.42443848 -0.37408447 -0.5074463
0.6460571 0.4286499 -0.36914062 -0.5124512
0.64245605 0.4326172 -0.36395264 -0.517334
0.6390991 0.43634033 -0.3587036 -0.52197266
0.63568115 0.4404297 -0.35394287 -0.526001
0.6324463 0.44421387 -0.34942627 -0.5297241
0.62945557 0.44750977 -0.34509277 -0.53326416
0.626709 0.45056152 -0.34106445 -0.5366211
0.6241455 0.453125 -0.33709717 -0.53985596
0.6218262 0.4555664 -0.333313 -0.5428467
0.61968994 0.45794678 -0.3297119 -0.5455322
0.6179199 0.46002197 -0.32617188 -0.54785156
0.6164551 0.4619751 -0.32263184 -0.5499878
0.6152344 0.46374512 -0.31921387 -0.55181885
0.6142578 0.465271 -0.31591797 -0.55352783
0.6134033 0.4668579 -0.3128662 -0.5548706
0.61279297 0.4683838 -0.3098755 -0.55596924
0.6125488 0.4697876 -0.30664062 -0.5567627
0.6124878 0.47131348 -0.30334473 -0.55737305
0.6124878 0.47283936 -0.30004883 -0.55792236
0.6125488 0.47558594 -0.2939453 -0.55877686
0.61260986 0.47650146 -0.29125977 -0.55926514
0.61260986 0.47650146 -0.29125977 -0.55926514
0.61279297 0.47711182 -0.2888794 -0.55981445
0.61279297 0.47766113 -0.28704834 -0.56030273
0.61279297 0.4779663 -0.2855835 -0.560791
0.612854 0.47802734 -0.2843628 -0.5612793
0.61291504 0.47790527 -0.28344727 -0.5617676
0.6130371 0.47747803 -0.28259277 -0.5625
0.6131592 0.47668457 -0.28167725 -0.56347656
0.6132202 0.47558594 -0.28094482 -0.56463623
0.61328125 0.47424316 -0.2803955 -0.565979
0.6135254 0.47247314 -0.27990723 -0.5675049
0.61364746 0.47052002 -0.27960205 -0.5690918
0.61364746 0.46844482 -0.2796631 -0.57073975
0.6135254 0.46618652 -0.2798462 -0.5726929
0.61309814 0.46380615 -0.2802124 -0.57489014
0.6123657 0.46118164 -0.28076172 -0.5774536
0.61157227 0.458313 -0.28137207 -0.58032227
0.611145 0.4543457 -0.28125 -0.58392334
0.60998535 0.4510498 -0.2819214 -0.5873413
0.60839844 0.44812012 -0.28295898 -0.5907593
0.6066284 0.44519043 -0.28411865 -0.5942383
0.6047363 0.44226074 -0.28515625 -0.5977783
0.60272217 0.43914795 -0.28619385 -0.60162354
0.60046387 0.43597412 -0.2871704 -0.6057129
0.59783936 0.4328003 -0.2883911 -0.6100464
0.5949707 0.42999268 -0.2897339 -0.6141968
0.5922241 0.42718506 -0.29107666 -0.61816406
0.58966064 0.4243164 -0.29229736 -0.6220093
0.58703613 0.42138672 -0.29345703 -0.6258545
0.5841675 0.418396 -0.29492188 -0.6298828
0.5811157 0.41540527 -0.29656982 -0.6338501
0.5780029 0.4124756 -0.29833984 -0.63775635
0.5749512 0.40979004 -0.3001709 -0.64141846
0.5720825 0.40734863 -0.30187988 -0.6447754
0.569458 0.40509033 -0.30340576 -0.6477661
0.5670166 0.40283203 -0.30474854 -0.65063477
0.56463623 0.40063477 -0.30603027 -0.6535034
0.56207275 0.39849854 -0.30743408 -0.65631104
0.5595093 0.39642334 -0.30889893 -0.6590576
0.5570679 0.39465332 -0.3104248 -0.661499
0.5549927 0.3930664 -0.31188965 -0.6635132
0.5533447 0.39160156 -0.31311035 -0.66516113
0.55200195 0.39013672 -0.31414795 -0.666626
0.55078125 0.38861084 -0.31500244 -0.66815186
0.5496216 0.38690186 -0.31573486 -0.66973877
0.5484619 0.38513184 -0.3163452 -0.6713867
0.5474243 0.38342285 -0.31695557 -0.67297363
0.5465088 0.38165283 -0.31744385 -0.6744995
0.5456543 0.3798828 -0.3178711 -0.6759033
0.5449829 0.37817383 -0.31817627 -0.6773071
0.54437256 0.37646484 -0.31848145 -0.6786499
0.5437622 0.37493896 -0.31854248 -0.6798706
0.54315186 0.37353516 -0.31854248 -0.68115234
0.54248047 0.37225342 -0.31860352 -0.68237305
0.54119873 0.36987305 -0.3189087 -0.6845703
0.54119873 0.36987305 -0.3189087 -0.6845703
0.5408325 0.36871338 -0.31915283 -0.68530273
0.5407715 0.36767578 -0.31939697 -0.68585205
0.54089355 0.3668213 -0.31976318 -0.68603516
0.54125977 0.3659668 -0.32006836 -0.6860962
0.541626 0.36517334 -0.32043457 -0.68603516
0.5420532 0.36431885 -0.32080078 -0.6859741
0.54248047 0.36340332 -0.3213501 -0.6859131
0.5428467 0.3623047 -0.32202148 -0.68585205
0.54315186 0.36102295 -0.3227539 -0.6859131
0.54345703 0.3595581 -0.3236084 -0.68603516
0.54382324 0.35784912 -0.3242798 -0.68634033
0.5442505 0.35577393 -0.32458496 -0.68688965
0.54455566 0.35357666 -0.32470703 -0.68774414
