261 7.125 -60.25
261.75 6.875 -60.3125
262.5 6.5625 -60.4375
263.25 6.3125 -60.5
264 6.125 -60.5
264.6875 5.9375 -60.5625
265.375 5.75 -60.625
266.0625 5.5 -60.6875
266.8125 5.3125 -60.8125
267.5 5.0625 -61
268.125 4.9375 -61.1875
268.5 4.875 -61.3125
268.75 4.9375 -61.5
268.875 5.0625 -61.625
268.8125 5.1875 -61.75
268.5625 5.375 -61.875
268.1875 5.625 -62
267.5625 5.8125 -62.1875
266.625 6.125 -62.375
265.375 6.4375 -62.5625
263.75 6.8125 -62.75
261.6875 7.1875 -62.9375
259.375 7.5625 -63.125
256.6875 7.9375 -63.375
253.6875 8.3125 -63.6875
250.3125 8.75 -64.125
246.6875 9.25 -64.5625
242.75 9.875 -65.125
238.6875 10.5 -65.6875
234.6875 11.1875 -66.375
230.75 11.875 -67.125
226.9375 12.6875 -67.875
223.3125 13.4375 -68.375
220 14.25 -68.75
217.25 14.9375 -69.4375
214.9375 15.625 -70
213.125 16.3125 -70.4375
211.9375 16.875 -70.875
211.1875 17.4375 -71.25
210.9375 17.9375 -71.5
211.0625 18.3125 -71.6875
211.5 18.6875 -71.875
212.3125 19.0625 -72
213.3125 19.375 -72.1875
214.5625 19.6875 -72.3125
216 20.0625 -72.5
217.625 20.375 -72.6875
219.5625 20.6875 -72.8125
221.8125 21 -72.9375
224.3125 21.25 -73.0625
226.9375 21.5 -73.0625
229.75 21.75 -72.9375
232.625 22 -72.75
235.4375 22.1875 -72.625
238.1875 22.4375 -72.375
240.9375 22.625 -72.3125
243.3125 22.8125 -72
245.375 23 -71.6875
247.125 23.1875 -71.4375
248.5 23.3125 -71.125
249.375 23.4375 -70.9375
249.75 23.5625 -70.8125
249.625 23.625 -70.9375
249.0625 23.6875 -71.3125
248 23.75 -71.8125
246.5 23.875 -72.5
244.625 23.9375 -73.375
242.4375 24 -74.375
240 24.0625 -75.5
237.3125 24.0625 -76.8125
234.5625 24.125 -78.1875
231.6875 24.125 -79.6875
228.8125 24.125 -81.3125
225.9375 24.1875 -83.0625
223.0625 24.1875 -84.875
220.1875 24.1875 -86.6875
217.375 24.1875 -88.5625
214.625 24.1875 -90.4375
211.875 24.25 -92.1875
209.125 24.375 -93.625
206.5625 24.5 -95.1875
204.1875 24.6875 -96.5
201.9375 24.875 -97.625
200.125 25.1875 -98.625
198.75 25.6875 -99.5
197.8125 26.3125 -100.375
197.375 27.1875 -101.25
197.25 28.25 -101.9375
197.4375 29.625 -102.375
197.875 31.1875 -102.5625
199.5 34.625 -102.0625
199.5 34.625 -102.0625
200.625 36.5 -101.4375
201.9375 38.375 -100.625
203.4375 40.25 -99.6875
204.9375 42.0625 -98.375
206.5625 43.8125 -97
209.3125 45.375 -95.4375
213.6875 46.875 -93.625
217.75 48.1875 -91.75
221.375 49.375 -89.5
224.75 50.4375 -87.1875
227.625 51.375 -84.6875
230.1875 52.1875 -82.3125
232.375 52.875 -80.1875
234.25 53.4375 -78.375
235.75 53.9375 -76.9375
236.875 54.375 -75.875
237.625 54.6875 -75.1875
238.0625 54.9375 -74.6875
238.375 55.125 -74.5
238.5 55.5 -74.5625
238.5 55.5 -74.5625
238.5 55.625 -74.6875
238.4375 55.8125 -74.875
238.375 56 -75.0625
238.1875 56.125 -75.3125
238.0625 56.25 -75.5625
237.8125 56.3125 -75.75
237.5625 56.4375 -75.9375
237.25 56.5 -76.0625
236.875 56.5625 -76.1875
236.5 56.5625 -76.25
236.125 56.5625 -76.375
