1.17 -8.46 4.81
1.12 -8.47 4.8
1.08 -8.48 4.79
1.04 -8.49 4.79
1.01 -8.49 4.78
0.98 -8.5 4.78
0.94 -8.51 4.77
0.91 -8.52 4.75
0.87 -8.54 4.73
0.85 -8.56 4.7
0.84 -8.57 4.68
0.84 -8.58 4.65
0.86 -8.59 4.63
0.89 -8.6 4.61
0.92 -8.61 4.59
0.96 -8.62 4.57
1 -8.63 4.54
1.05 -8.64 4.51
1.1 -8.64 4.48
1.17 -8.65 4.45
1.23 -8.66 4.42
1.29 -8.67 4.39
1.35 -8.68 4.35
1.42 -8.7 4.29
1.49 -8.72 4.22
1.58 -8.74 4.14
1.68 -8.76 4.06
1.79 -8.79 3.96
1.9 -8.81 3.84
2.02 -8.84 3.72
2.15 -8.86 3.59
2.28 -8.86 3.5
2.41 -8.86 3.43
2.53 -8.86 3.32
2.65 -8.87 3.22
2.75 -8.87 3.14
2.85 -8.86 3.06
2.94 -8.85 3
3.02 -8.84 2.95
3.08 -8.83 2.91
3.14 -8.82 2.88
3.2 -8.81 2.85
3.25 -8.8 2.82
3.31 -8.79 2.79
3.36 -8.78 2.76
3.42 -8.77 2.73
3.47 -8.76 2.7
3.51 -8.75 2.68
3.55 -8.74 2.65
3.59 -8.72 2.65
3.63 -8.7 2.66
3.67 -8.68 2.69
3.71 -8.66 2.7
3.74 -8.63 2.73
3.77 -8.62 2.74
3.8 -8.59 2.78
3.83 -8.56 2.83
3.86 -8.54 2.86
3.88 -8.52 2.91
3.9 -8.5 2.93
3.92 -8.49 2.94
3.93 -8.49 2.92
3.94 -8.5 2.87
3.95 -8.52 2.79
3.96 -8.55 2.68
3.98 -8.58 2.55
3.99 -8.62 2.4
4 -8.67 2.23
4 -8.71 2.04
4.01 -8.75 1.82
4.01 -8.8 1.59
4.01 -8.84 1.34
4.02 -8.87 1.07
4.02 -8.9 0.79
4.02 -8.92 0.51
4.02 -8.94 0.21
4.02 -8.94 -0.07
4.03 -8.93 -0.34
4.05 -8.91 -0.56
4.07 -8.88 -0.81
4.09 -8.85 -1.01
4.13 -8.81 -1.18
4.18 -8.77 -1.33
4.25 -8.71 -1.46
4.35 -8.64 -1.59
4.48 -8.55 -1.71
4.65 -8.44 -1.79
4.85 -8.32 -1.83
5.07 -8.18 -1.82
5.32 -8.03 -1.78
5.57 -7.88 -1.69
5.83 -7.72 -1.56
6.08 -7.55 -1.42
6.33 -7.37 -1.26
6.57 -7.19 -1.06
6.79 -7.02 -0.86
6.98 -6.85 -0.65
7.15 -6.68 -0.42
7.31 -6.53 -0.2
7.44 -6.38 0.05
7.56 -6.23 0.3
7.66 -6.08 0.56
7.75 -5.95 0.79
7.82 -5.82 1
7.88 -5.71 1.16
7.93 -5.61 1.29
7.97 -5.53 1.38
8 -5.47 1.44
8.03 -5.43 1.48
8.04 -5.39 1.49
8.06 -5.37 1.49
8.08 -5.35 1.47
8.09 -5.33 1.45
8.11 -5.31 1.43
8.13 -5.29 1.4
8.14 -5.28 1.38
8.15 -5.27 1.35
8.16 -5.26 1.33
8.17 -5.25 1.31
8.17 -5.25 1.3
8.18 -5.24 1.28
8.18 -5.24 1.27
8.18 -5.25 1.26
8.18 -5.25 1.25
