0.5699463 -0.38311768 0.32733154 -0.64904785
0.5689087 -0.3814087 0.3302002 -0.6494751
0.5678711 -0.3795166 0.33306885 -0.6500244
0.56677246 -0.37756348 0.33581543 -0.65075684
0.5654297 -0.37561035 0.3383789 -0.65167236
0.5640259 -0.3737793 0.34075928 -0.65270996
0.5625 -0.37200928 0.34320068 -0.65374756
0.5609741 -0.37017822 0.3458252 -0.6547241
0.5593872 -0.36853027 0.34887695 -0.6553955
0.5576782 -0.36724854 0.35186768 -0.6559448
0.55584717 -0.366333 0.35461426 -0.6565552
0.553833 -0.36590576 0.35681152 -0.65734863
0.5515747 -0.36602783 0.3585205 -0.65826416
0.5492554 -0.3665161 0.35949707 -0.65930176
0.5471802 -0.3673706 0.35986328 -0.66033936
0.54559326 -0.3687744 0.35992432 -0.6608887
0.5447998 -0.3708496 0.3595581 -0.66064453
0.5449219 -0.3737793 0.3585205 -0.6594238
0.5461426 -0.37774658 0.35650635 -0.6572876
0.54870605 -0.38269043 0.3531494 -0.6539917
0.5529175 -0.38879395 0.3486328 -0.649292
0.55908203 -0.39605713 0.34277344 -0.6427002
0.5671387 -0.40429688 0.3355713 -0.6342163
0.57684326 -0.41363525 0.32733154 -0.62371826
0.58758545 -0.4241333 0.31793213 -0.61138916
0.598938 -0.43585205 0.30725098 -0.5973511
0.6105957 -0.44866943 0.29522705 -0.58203125
0.62231445 -0.4619751 0.28179932 -0.5656128
0.6333008 -0.475708 0.26776123 -0.54852295
0.6432495 -0.489563 0.25341797 -0.53131104
0.6519165 -0.50305176 0.23876953 -0.5147705
0.6588745 -0.5159302 0.2243042 -0.49938965
0.66534424 -0.5266113 0.20941162 -0.4859619
0.6710205 -0.5354004 0.19494629 -0.47442627
0.673584 -0.54467773 0.18365479 -0.4645996
0.6749878 -0.5524292 0.17388916 -0.45715332
0.6749878 -0.55859375 0.1663208 -0.4524536
0.67315674 -0.56365967 0.16131592 -0.4506836
0.670166 -0.56726074 0.15844727 -0.45166016
0.66625977 -0.5695801 0.15765381 -0.45483398
0.66137695 -0.57092285 0.15875244 -0.45977783
0.65563965 -0.57159424 0.16149902 -0.46618652
0.64886475 -0.57177734 0.16571045 -0.47387695
0.6411743 -0.57147217 0.17108154 -0.48272705
0.6323242 -0.5708618 0.17767334 -0.49267578
0.62231445 -0.56988525 0.1852417 -0.5036011
0.61120605 -0.5683594 0.19390869 -0.51556396
0.59887695 -0.5661621 0.20379639 -0.5284424
0.58532715 -0.5630493 0.21520996 -0.54229736
0.5704956 -0.559021 0.22784424 -0.55682373
0.55493164 -0.55371094 0.24072266 -0.5722656
0.53845215 -0.5472412 0.2538452 -0.5883179
0.5211792 -0.5397949 0.26696777 -0.6047363
0.50323486 -0.53253174 0.28015137 -0.62023926
0.4859619 -0.52453613 0.29223633 -0.6350708
0.46862793 -0.5170288 0.30426025 -0.6484375
0.453125 -0.5091553 0.31402588 -0.6609497
0.43920898 -0.50183105 0.32214355 -0.67193604
0.427063 -0.4954834 0.32904053 -0.6810303
0.41760254 -0.49005127 0.33374023 -0.6885376
0.41064453 -0.48651123 0.3369751 -0.6936035
0.40698242 -0.48510742 0.33831787 -0.69610596
0.4064331 -0.48620605 0.3383789 -0.6956177
0.4088745 -0.48980713 0.33703613 -0.6923218
0.41394043 -0.4956665 0.3343506 -0.68640137
0.42114258 -0.5037842 0.33044434 -0.67803955
0.43017578 -0.5136719 0.3250122 -0.66741943
0.44055176 -0.5252075 0.3184204 -0.6547241
0.45184326 -0.538147 0.31079102 -0.6400757
0.46362305 -0.552063 0.30200195 -0.6237793
0.47521973 -0.56677246 0.29248047 -0.60614014
0.48620605 -0.58221436 0.2822876 -0.5873413
0.49609375 -0.5980835 0.27160645 -0.56781006
0.50476074 -0.6141968 0.26049805 -0.54785156
0.512146 -0.6304321 0.24890137 -0.5275879
0.5183716 -0.6464844 0.2368164 -0.5072632
0.5233154 -0.66223145 0.22436523 -0.48712158
0.5269165 -0.67755127 0.21154785 -0.46746826
0.5298462 -0.69177246 0.19781494 -0.44891357
0.53338623 -0.7038574 0.18286133 -0.43200684
0.53411865 -0.7161255 0.16931152 -0.4161377
0.5350342 -0.72631836 0.15576172 -0.4024048
0.5355835 -0.7349243 0.14276123 -0.3908081
0.5348511 -0.74194336 0.13171387 -0.38226318
0.5317383 -0.74786377 0.12359619 -0.37768555
0.517395 -0.7575073 0.11584473 -0.38085938
0.517395 -0.7575073 0.11584473 -0.38085938
0.50720215 -0.760376 0.115478516 -0.38891602
0.48309326 -0.7608032 0.11987305 -0.4165039
0.46905518 -0.75860596 0.12420654 -0.43481445
0.45458984 -0.7545166 0.12982178 -0.45513916
0.4387207 -0.74920654 0.13659668 -0.47705078
0.4387207 -0.74920654 0.13659668 -0.47705078
0.4215088 -0.74279785 0.14428711 -0.49975586
0.40283203 -0.73553467 0.15264893 -0.52282715
0.38409424 -0.7270508 0.16082764 -0.5459595
0.36444092 -0.7178345 0.16955566 -0.56848145
0.3447876 -0.708313 0.17816162 -0.58966064
0.32617188 -0.6981201 0.18585205 -0.6096802
0.3079834 -0.6878052 0.19293213 -0.62841797
0.29162598 -0.6768799 0.19793701 -0.6461792
0.27618408 -0.6661377 0.20196533 -0.6627197
0.2626953 -0.6555786 0.20385742 -0.6779785
0.25030518 -0.64593506 0.20507812 -0.6914673
0.23919678 -0.63757324 0.20568848 -0.7028198
0.22937012 -0.6308594 0.20599365 -0.71203613
0.22137451 -0.6257324 0.20568848 -0.7191162
0.215271 -0.6222534 0.20495605 -0.72424316
0.21099854 -0.6201782 0.20385742 -0.72753906
0.20678711 -0.61901855 0.20153809 -0.7303467
0.20593262 -0.6195679 0.20043945 -0.73046875
0.20550537 -0.62054443 0.19915771 -0.73010254
0.20544434 -0.62176514 0.19769287 -0.72943115
0.20562744 -0.62323 0.19604492 -0.72857666
0.20562744 -0.62323 0.19604492 -0.72857666
0.20599365 -0.6248169 0.19439697 -0.7276001
0.20666504 -0.6264038 0.19268799 -0.72650146
0.20751953 -0.6279297 0.19104004 -0.7253418
0.20874023 -0.62939453 0.18920898 -0.7241821
0.21026611 -0.63079834 0.18719482 -0.7230835
0.2121582 -0.63201904 0.18511963 -0.72198486
0.2142334 -0.6331177 0.18292236 -0.7210083
0.2164917 -0.6340332 0.1809082 -0.7199707
0.2185669 -0.63494873 0.17932129 -0.71899414
